39 119 0.000000
41 119 0.000000
43 120 0.000000
46 121 0.000000
47 121 0.000000
48 121 0.000000
49 121 0.000000
50 121 0.000000
51 121 0.000000
48 123 1.000000
46 122 1.000000
54 122 0.000000
54 121 0.000000
54 120 0.000000
52 119 0.000000
46 118 0.000000
53 122 0.000000
52 122 0.000000
45 121 0.000000
2 85 0.000000
2 86 0.000000
2 88 0.000000
1 90 0.000000
0 90 0.000000
0 88 0.000000
1 88 0.000000
0 86 0.000000
0 86 1.000000
1 85 0.000000
0 86 0.000000
2 105 0.000000
1 104 0.000000
2 104 0.000000
3 105 0.000000
4 105 0.000000
5 105 0.000000
12 105 0.000000
0 113 0.000000
0 113 1.000000
1 111 0.000000
1 110 0.000000
2 110 0.000000
2 110 1.000000
7 111 0.000000
6 112 0.000000
6 111 0.000000
5 111 0.000000
5 112 0.000000
0 113 0.000000
2 113 1.000000
1 113 0.000000
2 113 0.000000
0 112 0.000000
1 112 0.000000
2 112 0.000000
3 112 0.000000
4 112 0.000000
4 111 0.000000
2 110 0.000000
2 109 0.000000
3 109 0.000000
1 103 0.000000
2 103 0.000000
6 110 0.000000
5 108 0.000000
4 107 0.000000
4 106 0.000000
3 106 0.000000
3 107 0.000000
3 108 0.000000
4 108 0.000000
24 122 0.000000
23 122 0.000000
22 122 0.000000
21 122 0.000000
21 121 0.000000
16 124 1.000000
5 133 0.000000
5 133 1.000000
5 132 1.000000
6 131 1.000000
29 123 0.000000
31 123 0.000000
32 123 0.000000
28 114 1.000000
27 115 0.000000
26 114 1.000000
24 113 1.000000
31 118 0.000000
48 274 0.000000
48 273 0.000000
47 274 0.000000
47 273 0.000000
46 274 0.000000
46 273 0.000000
45 274 0.000000
45 273 0.000000
44 274 0.000000
44 273 0.000000
43 274 0.000000
35 272 0.000000
34 272 0.000000
23 273 0.000000
24 272 0.000000
25 271 0.000000
25 270 0.000000
24 271 0.000000
23 271 0.000000
23 270 0.000000
23 269 0.000000
22 269 0.000000
22 271 0.000000
22 270 0.000000
19 269 0.000000
20 269 0.000000
21 270 0.000000
21 268 0.000000
18 264 1.000000
14 267 1.000000
14 267 0.000000
0 256 0.000000
1 256 0.000000
0 255 0.000000
1 255 0.000000
1 254 0.000000
0 254 0.000000
0 252 1.000000
3 256 0.000000
4 258 0.000000
2 266 0.000000
3 265 0.000000
5 265 0.000000
5 264 0.000000
3 264 0.000000
2 264 0.000000
4 264 0.000000
5 263 0.000000
10 264 0.000000
13 267 0.000000
15 267 0.000000
18 266 0.000000
18 267 0.000000
18 268 0.000000
20 268 0.000000
20 268 1.000000
20 267 0.000000
19 267 0.000000
19 267 1.000000
17 266 0.000000
19 267 0.000000
19 268 0.000000
20 268 0.000000
29 265 0.000000
29 266 0.000000
28 265 0.000000
26 265 0.000000
11 266 0.000000
38 264 0.000000
36 264 0.000000
35 264 0.000000
36 263 0.000000
37 263 0.000000
37 262 0.000000
38 262 0.000000
37 261 0.000000
36 265 0.000000
37 266 0.000000
37 265 0.000000
40 270 0.000000
38 265 0.000000
38 259 0.000000
38 260 0.000000
38 261 0.000000
25 266 0.000000
89 277 0.000000
89 279 0.000000
89 278 0.000000
87 276 0.000000
86 274 0.000000
86 273 0.000000
82 273 0.000000
74 274 0.000000
72 273 0.000000
71 272 0.000000
70 271 0.000000
67 268 0.000000
63 273 0.000000
50 267 0.000000
50 266 0.000000
49 264 1.000000
45 269 0.000000
46 269 0.000000
47 269 0.000000
50 263 1.000000
86 273 1.000000
84 273 0.000000
83 273 0.000000
340 255 0.000000
342 254 0.000000
325 261 0.000000
324 260 0.000000
322 258 0.000000
320 257 0.000000
319 256 0.000000
316 251 0.000000
267 279 0.000000
268 279 0.000000
267 278 0.000000
270 275 0.000000
272 275 0.000000
273 275 0.000000
272 274 0.000000
272 273 0.000000
273 272 0.000000
274 267 0.000000
275 268 0.000000
276 267 0.000000
276 266 0.000000
276 265 0.000000
275 265 0.000000
275 264 0.000000
276 262 0.000000
276 261 0.000000
277 259 0.000000
278 258 0.000000
278 257 0.000000
278 252 0.000000
279 251 0.000000
274 266 0.000000
326 265 0.000000
326 264 0.000000
280 249 0.000000
281 248 0.000000
282 249 0.000000
282 247 0.000000
283 246 0.000000
285 245 0.000000
286 245 0.000000
287 244 0.000000
289 246 0.000000
289 245 0.000000
289 244 0.000000
289 243 0.000000
289 242 0.000000
288 243 0.000000
288 245 0.000000
290 243 0.000000
290 242 0.000000
291 242 0.000000
291 241 0.000000
292 241 0.000000
293 240 0.000000
294 239 0.000000
294 239 1.000000
284 238 1.000000
284 237 1.000000
296 237 0.000000
295 238 0.000000
294 239 0.000000
345 219 0.000000
343 220 0.000000
342 222 0.000000
342 221 0.000000
298 232 0.000000
299 231 0.000000
300 228 0.000000
300 227 0.000000
301 224 0.000000
301 222 0.000000
300 219 0.000000
301 217 0.000000
301 216 0.000000
301 215 0.000000
308 216 0.000000
309 214 0.000000
308 213 0.000000
310 219 0.000000
307 214 0.000000
309 215 0.000000
364 159 1.000000
363 158 1.000000
361 149 0.000000
361 148 0.000000
359 146 0.000000
361 154 1.000000
366 127 0.000000
357 126 1.000000
358 126 1.000000
358 125 1.000000
359 125 1.000000
362 123 0.000000
360 127 0.000000
361 127 0.000000
362 127 0.000000
363 127 0.000000
363 128 0.000000
363 126 0.000000
363 125 0.000000
364 126 0.000000
364 129 0.000000
364 130 0.000000
367 130 0.000000
366 132 0.000000
365 131 0.000000
367 134 0.000000
368 131 0.000000
369 132 0.000000
367 84 1.000000
343 76 1.000000
343 73 0.000000
344 73 0.000000
335 71 0.000000
336 70 0.000000
329 61 0.000000
329 60 0.000000
327 59 0.000000
330 54 0.000000
330 53 0.000000
330 55 0.000000
330 44 1.000000
331 45 1.000000
332 43 0.000000
336 43 0.000000
340 46 0.000000
341 44 0.000000
341 46 0.000000
342 46 0.000000
362 50 1.000000
362 46 0.000000
367 47 0.000000
368 48 0.000000
365 45 0.000000
363 42 0.000000
377 25 0.000000
377 24 0.000000
378 26 0.000000
378 28 0.000000
378 27 0.000000
379 26 0.000000
379 2 0.000000
379 1 0.000000
376 18 0.000000
358 13 0.000000
356 14 0.000000
357 13 0.000000
356 13 0.000000
355 13 0.000000
354 13 0.000000
356 12 0.000000
357 11 0.000000
350 16 0.000000
350 15 0.000000
351 14 0.000000
332 26 0.000000
331 27 0.000000
336 24 0.000000
339 23 0.000000
340 22 0.000000
343 20 0.000000
343 20 1.000000
349 17 0.000000
347 18 0.000000
345 19 0.000000
345 19 1.000000
343 20 0.000000
339 23 1.000000
320 30 0.000000
313 27 0.000000
310 30 0.000000
305 29 0.000000
305 28 0.000000
305 27 0.000000
289 0 0.000000
292 8 1.000000
295 19 1.000000
295 19 0.000000
295 18 0.000000
295 17 0.000000
295 16 0.000000
295 15 0.000000
295 14 0.000000
294 12 0.000000
294 21 0.000000
363 52 0.000000
364 53 0.000000
365 53 0.000000
362 51 0.000000
362 50 0.000000
362 49 0.000000
361 49 0.000000
361 48 0.000000
361 47 0.000000
361 46 0.000000
364 44 0.000000
364 43 0.000000
368 47 0.000000
367 46 0.000000
366 45 0.000000
365 44 0.000000
360 48 0.000000
360 46 0.000000
360 47 0.000000
360 45 0.000000
360 43 0.000000
360 44 0.000000
360 48 1.000000
360 47 1.000000
366 53 0.000000
367 52 0.000000
368 51 0.000000
369 50 0.000000
369 49 0.000000
360 42 0.000000
340 73 0.000000
341 73 0.000000
342 74 0.000000
344 66 0.000000
345 68 0.000000
345 67 0.000000
327 60 0.000000
330 57 0.000000
330 56 0.000000
327 54 0.000000
328 53 0.000000
335 46 0.000000
337 43 0.000000
338 43 0.000000
331 45 0.000000
331 44 0.000000
365 83 0.000000
368 79 0.000000
365 79 0.000000
364 80 0.000000
364 83 0.000000
363 82 0.000000
363 81 0.000000
342 74 1.000000
342 73 0.000000
345 69 0.000000
334 46 0.000000
333 46 0.000000
332 46 0.000000
331 46 0.000000
330 46 0.000000
330 45 0.000000
330 44 0.000000
330 43 0.000000
331 43 0.000000
330 46 1.000000
329 43 0.000000
330 43 1.000000
329 43 1.000000
339 43 0.000000
336 47 0.000000
337 47 0.000000
338 47 0.000000
343 224 0.000000
344 224 0.000000
345 218 0.000000
345 218 1.000000
345 218 0.000000
346 218 0.000000
346 221 0.000000
344 219 0.000000
362 151 0.000000
362 150 0.000000
362 149 0.000000
361 154 0.000000
362 154 0.000000
363 154 0.000000
363 155 0.000000
362 155 0.000000
361 155 0.000000
362 156 0.000000
363 156 0.000000
362 157 0.000000
363 157 0.000000
363 153 0.000000
363 152 0.000000
364 152 0.000000
364 151 0.000000
364 150 0.000000
364 149 0.000000
364 147 0.000000
363 147 0.000000
362 147 0.000000
362 148 0.000000
363 148 0.000000
364 148 0.000000
363 149 0.000000
363 150 0.000000
363 151 0.000000
364 153 0.000000
361 147 0.000000
359 127 0.000000
359 126 0.000000
359 125 0.000000
359 125 1.000000
358 127 0.000000
358 126 0.000000
358 125 0.000000
359 125 0.000000
362 128 0.000000
363 129 0.000000
362 130 0.000000
362 129 0.000000
362 128 1.000000
362 130 1.000000
362 129 1.000000
362 128 0.000000
359 124 0.000000
360 124 0.000000
360 123 0.000000
362 122 0.000000
363 124 0.000000
365 126 0.000000
367 128 0.000000
368 130 0.000000
332 46 0.000000
331 46 0.000000
330 46 0.000000
329 46 0.000000
329 45 0.000000
330 45 0.000000
330 44 0.000000
329 44 0.000000
331 43 0.000000
330 43 0.000000
329 43 0.000000
329 46 1.000000
333 46 0.000000
334 46 0.000000
362 52 0.000000
361 50 0.000000
361 51 0.000000
362 53 0.000000
361 52 0.000000
363 53 0.000000
360 51 0.000000
360 52 0.000000
360 53 0.000000
361 53 0.000000
360 54 0.000000
361 54 0.000000
342 74 1.000000
342 73 0.000000
341 74 0.000000
342 74 0.000000
343 74 0.000000
343 75 0.000000
342 75 0.000000
341 75 0.000000
342 76 0.000000
343 77 0.000000
340 74 0.000000
343 76 0.000000
344 74 0.000000
343 77 1.000000
331 47 0.000000
331 47 1.000000
330 47 0.000000
330 47 1.000000
331 47 0.000000
331 47 1.000000
329 46 0.000000
329 46 1.000000
331 47 0.000000
331 47 1.000000
330 47 0.000000
330 47 1.000000
328 47 0.000000
328 47 1.000000
329 46 0.000000
329 46 1.000000
329 66 0.000000
329 66 1.000000
359 54 0.000000
359 54 1.000000
359 54 0.000000
359 54 1.000000
359 53 0.000000
359 53 1.000000
359 54 0.000000
359 53 0.000000
359 52 0.000000
359 51 0.000000
360 50 0.000000
366 84 0.000000
367 84 0.000000
368 84 0.000000
328 43 0.000000
328 44 0.000000
328 45 0.000000
328 46 0.000000
329 46 0.000000
329 47 0.000000
331 47 0.000000
330 47 0.000000
357 127 0.000000
357 126 0.000000
357 125 0.000000
358 124 0.000000
362 158 0.000000
363 158 0.000000
364 158 0.000000
364 157 0.000000
364 156 0.000000
364 155 0.000000
364 154 0.000000
364 158 1.000000
364 157 1.000000
364 156 1.000000
361 157 0.000000
361 156 0.000000
360 154 0.000000
362 159 0.000000
363 159 0.000000
363 160 0.000000
364 160 0.000000
364 159 0.000000
364 158 0.000000
364 157 0.000000
364 156 0.000000
51 37 0.000000
55 42 0.000000
54 41 0.000000
56 39 0.000000
57 38 0.000000
57 39 0.000000
57 40 0.000000
58 42 0.000000
59 43 0.000000
60 43 0.000000
60 42 0.000000
59 42 0.000000
58 41 0.000000
59 41 0.000000
58 40 0.000000
58 39 0.000000
59 39 0.000000
59 40 0.000000
60 41 0.000000
60 40 0.000000
61 42 0.000000
61 41 0.000000
61 40 0.000000
61 39 0.000000
62 40 0.000000
62 41 0.000000
63 41 0.000000
63 40 0.000000
63 39 0.000000
64 38 0.000000
64 37 0.000000
64 36 0.000000
64 35 0.000000
65 35 0.000000
65 34 0.000000
65 33 0.000000
65 32 0.000000
65 31 0.000000
64 31 0.000000
64 32 0.000000
64 33 0.000000
64 34 0.000000
67 29 0.000000
67 30 0.000000
66 31 0.000000
66 30 0.000000
66 29 0.000000
66 28 0.000000
65 28 0.000000
64 28 0.000000
63 28 0.000000
58 27 0.000000
59 28 0.000000
59 29 0.000000
60 29 0.000000
60 28 0.000000
61 29 0.000000
62 29 0.000000
63 30 0.000000
63 29 0.000000
64 29 0.000000
64 30 0.000000
65 30 0.000000
65 29 0.000000
64 27 0.000000
65 27 0.000000
64 26 0.000000
65 26 0.000000
65 25 0.000000
65 24 0.000000
64 23 0.000000
64 24 0.000000
64 25 0.000000
63 25 0.000000
63 24 0.000000
62 24 0.000000
62 23 0.000000
63 23 0.000000
61 23 0.000000
61 22 0.000000
63 22 0.000000
63 21 0.000000
62 22 0.000000
62 21 0.000000
62 20 0.000000
62 19 0.000000
60 19 0.000000
61 19 0.000000
61 20 0.000000
61 21 0.000000
60 21 0.000000
69 57 0.000000
68 56 0.000000
67 55 0.000000
67 55 1.000000
67 55 0.000000
66 54 0.000000
65 53 0.000000
64 52 0.000000
63 51 0.000000
62 50 0.000000
53 40 0.000000
53 40 1.000000
5 6 1.000000
6 6 1.000000
12 11 1.000000
10 10 1.000000
8 10 1.000000
7 11 1.000000
7 10 1.000000
6 11 1.000000
6 10 1.000000
5 10 1.000000
4 11 1.000000
0 11 1.000000
1 11 1.000000
8 6 1.000000
18 13 1.000000
27 17 1.000000
27 16 1.000000
26 15 1.000000
24 14 1.000000
25 16 1.000000
24 16 1.000000
27 17 0.000000
26 16 0.000000
20 14 0.000000
21 15 0.000000
22 15 0.000000
22 15 1.000000
28 18 0.000000
26 17 0.000000
25 16 0.000000
24 16 0.000000
23 15 0.000000
23 16 0.000000
22 15 0.000000
21 15 1.000000
21 15 0.000000
20 14 1.000000
21 13 0.000000
21 14 0.000000
22 14 0.000000
27 16 0.000000
26 15 0.000000
25 15 0.000000
24 15 0.000000
24 14 0.000000
23 14 0.000000
23 16 1.000000
23 16 0.000000
23 16 1.000000
21 15 1.000000
22 15 1.000000
24 16 1.000000
24 16 0.000000
15 10 0.000000
38 25 0.000000
38 25 1.000000
37 24 0.000000
36 23 0.000000
35 23 0.000000
34 22 0.000000
32 21 0.000000
31 20 0.000000
30 20 0.000000
29 19 0.000000
38 25 0.000000
39 26 0.000000
40 27 0.000000
36 24 0.000000
41 28 0.000000
37 25 0.000000
37 25 1.000000
116 64 0.000000
117 64 0.000000
118 63 0.000000
119 63 0.000000
120 63 0.000000
120 62 0.000000
121 62 0.000000
122 62 0.000000
123 62 0.000000
117 61 1.000000
115 64 0.000000
115 65 0.000000
117 63 0.000000
118 64 0.000000
116 65 0.000000
116 63 0.000000
119 64 0.000000
119 62 0.000000
121 63 0.000000
94 70 1.000000
95 70 1.000000
96 70 1.000000
98 70 1.000000
99 70 1.000000
99 71 1.000000
100 71 1.000000
101 72 1.000000
102 72 1.000000
103 72 1.000000
104 72 1.000000
109 69 1.000000
112 60 1.000000
109 60 1.000000
108 60 1.000000
106 60 1.000000
105 60 1.000000
104 60 1.000000
100 61 1.000000
98 62 1.000000
93 70 0.000000
93 69 0.000000
92 69 0.000000
92 70 0.000000
91 69 0.000000
91 69 1.000000
85 67 0.000000
84 67 0.000000
86 68 0.000000
87 68 0.000000
89 69 0.000000
91 69 0.000000
89 69 1.000000
88 68 0.000000
89 69 0.000000
89 68 0.000000
90 69 0.000000
91 70 0.000000
92 68 0.000000
92 67 0.000000
82 66 0.000000
80 65 0.000000
79 65 0.000000
77 64 0.000000
75 63 0.000000
93 63 1.000000
93 63 0.000000
93 63 1.000000
95 63 1.000000
93 64 1.000000
93 64 0.000000
93 63 0.000000
93 63 1.000000
93 64 1.000000
93 64 0.000000
93 63 0.000000
93 64 1.000000
93 63 1.000000
92 63 1.000000
93 64 0.000000
93 65 0.000000
93 64 1.000000
93 65 1.000000
163 89 1.000000
162 88 1.000000
161 86 1.000000
156 80 1.000000
154 78 1.000000
152 76 1.000000
147 72 1.000000
129 63 1.000000
131 63 1.000000
119 61 0.000000
118 62 0.000000
118 61 0.000000
117 61 0.000000
117 62 0.000000
117 62 1.000000
164 91 1.000000
209 113 1.000000
209 112 1.000000
209 111 1.000000
206 117 1.000000
206 116 1.000000
205 117 1.000000
205 116 1.000000
203 109 1.000000
201 109 1.000000
201 110 1.000000
200 110 1.000000
202 109 1.000000
193 122 0.000000
192 123 0.000000
192 122 0.000000
185 119 0.000000
186 120 0.000000
190 124 0.000000
191 124 0.000000
187 119 0.000000
187 121 0.000000
184 119 0.000000
183 118 0.000000
182 117 0.000000
181 116 0.000000
180 115 0.000000
179 114 0.000000
178 113 0.000000
169 100 1.000000
208 102 1.000000
207 102 1.000000
206 102 1.000000
206 103 1.000000
206 104 1.000000
199 110 1.000000
203 108 1.000000
195 110 1.000000
194 110 1.000000
193 123 0.000000
194 121 0.000000
194 122 0.000000
193 123 1.000000
194 122 1.000000
191 122 0.000000
188 115 1.000000
189 114 1.000000
187 119 1.000000
187 118 1.000000
187 119 0.000000
187 118 0.000000
225 68 1.000000
225 67 1.000000
224 66 1.000000
224 67 1.000000
223 66 1.000000
223 65 1.000000
222 64 1.000000
222 66 1.000000
222 66 0.000000
221 65 1.000000
220 65 1.000000
221 64 1.000000
221 63 1.000000
220 64 1.000000
222 66 1.000000
222 65 1.000000
217 64 1.000000
217 63 1.000000
216 63 1.000000
215 63 1.000000
211 62 1.000000
210 62 1.000000
210 63 1.000000
210 64 1.000000
211 64 1.000000
211 65 1.000000
211 66 1.000000
211 67 1.000000
211 63 1.000000
210 66 1.000000
210 67 1.000000
210 68 1.000000
209 68 1.000000
209 67 1.000000
209 69 1.000000
209 70 1.000000
209 71 1.000000
208 76 1.000000
208 75 1.000000
208 74 1.000000
211 77 1.000000
212 77 1.000000
215 77 1.000000
215 78 1.000000
216 78 1.000000
216 79 1.000000
216 77 1.000000
216 76 1.000000
217 79 1.000000
217 78 1.000000
217 77 1.000000
217 76 1.000000
218 82 1.000000
218 81 1.000000
218 80 1.000000
218 79 1.000000
218 78 1.000000
218 77 1.000000
218 76 1.000000
218 75 1.000000
218 74 1.000000
219 73 1.000000
219 74 1.000000
219 75 1.000000
219 76 1.000000
219 77 1.000000
219 78 1.000000
219 79 1.000000
219 80 1.000000
219 81 1.000000
219 82 1.000000
221 84 1.000000
220 84 1.000000
220 83 1.000000
221 83 1.000000
220 82 1.000000
221 82 1.000000
221 81 1.000000
222 81 1.000000
220 81 1.000000
220 77 1.000000
221 77 1.000000
221 76 1.000000
220 76 1.000000
220 75 1.000000
221 75 1.000000
221 74 1.000000
220 74 1.000000
220 73 1.000000
227 103 1.000000
228 102 1.000000
230 101 1.000000
242 96 1.000000
241 96 1.000000
240 97 1.000000
240 97 0.000000
239 96 1.000000
238 95 1.000000
238 94 1.000000
236 83 1.000000
236 82 1.000000
236 81 1.000000
236 81 0.000000
235 83 1.000000
235 82 1.000000
232 83 1.000000
232 82 1.000000
231 82 1.000000
236 81 1.000000
233 83 1.000000
234 83 1.000000
249 92 0.000000
248 93 0.000000
239 97 1.000000
240 97 1.000000
240 96 1.000000
243 95 1.000000
243 94 1.000000
244 94 1.000000
245 94 1.000000
246 94 1.000000
246 93 1.000000
245 95 1.000000
244 95 1.000000
248 92 0.000000
225 91 1.000000
225 90 1.000000
222 85 1.000000
209 77 0.000000
282 69 0.000000
287 71 1.000000
281 67 1.000000
281 66 1.000000
280 64 1.000000
280 63 1.000000
279 62 1.000000
269 63 1.000000
268 63 1.000000
269 62 1.000000
266 64 1.000000
265 64 1.000000
261 64 1.000000
260 63 1.000000
260 64 1.000000
260 65 1.000000
260 66 1.000000
259 67 1.000000
259 66 1.000000
259 65 1.000000
258 68 1.000000
258 69 1.000000
258 69 0.000000
258 83 1.000000
259 81 1.000000
259 80 1.000000
258 78 1.000000
258 77 1.000000
258 74 1.000000
258 73 1.000000
258 72 1.000000
257 71 1.000000
257 70 1.000000
257 69 1.000000
258 69 1.000000
260 63 0.000000
323 72 1.000000
320 72 1.000000
320 71 1.000000
321 71 1.000000
321 70 1.000000
322 69 1.000000
323 70 1.000000
323 69 1.000000
323 71 1.000000
322 70 1.000000
322 71 1.000000
322 72 1.000000
322 73 1.000000
322 74 1.000000
321 74 1.000000
321 73 1.000000
321 72 1.000000
324 72 1.000000
312 75 1.000000
313 75 1.000000
292 71 0.000000
293 71 0.000000
295 71 0.000000
299 71 0.000000
304 73 0.000000
305 74 0.000000
312 75 0.000000
315 74 0.000000
328 72 0.000000
327 72 0.000000
346 66 1.000000
347 65 1.000000
347 64 1.000000
347 63 1.000000
346 62 1.000000
345 62 1.000000
344 62 1.000000
344 61 1.000000
345 61 1.000000
343 61 1.000000
343 60 1.000000
344 60 1.000000
343 59 1.000000
342 59 1.000000
342 58 1.000000
341 56 1.000000
341 55 1.000000
341 54 1.000000
340 53 1.000000
340 52 1.000000
339 50 1.000000
339 49 1.000000
339 48 1.000000
339 47 1.000000
339 46 1.000000
339 45 1.000000
339 44 1.000000
339 44 0.000000
339 44 1.000000
338 50 1.000000
338 49 1.000000
338 48 1.000000
338 47 1.000000
338 46 1.000000
345 42 1.000000
345 43 1.000000
344 44 1.000000
344 43 1.000000
343 44 1.000000
342 44 1.000000
342 43 1.000000
342 42 1.000000
341 43 1.000000
340 43 1.000000
340 44 1.000000
343 43 1.000000
341 42 1.000000
365 39 1.000000
364 38 1.000000
363 38 1.000000
362 38 1.000000
361 38 1.000000
360 38 1.000000
359 38 1.000000
358 38 1.000000
358 39 1.000000
359 39 1.000000
360 39 1.000000
361 39 1.000000
364 39 1.000000
363 39 1.000000
360 40 1.000000
359 41 1.000000
359 40 1.000000
358 40 1.000000
358 41 1.000000
357 41 1.000000
357 40 1.000000
357 39 1.000000
356 39 1.000000
356 40 1.000000
356 41 1.000000
355 41 1.000000
355 40 1.000000
355 39 1.000000
354 39 1.000000
354 40 1.000000
354 41 1.000000
353 41 1.000000
352 41 1.000000
351 41 1.000000
350 41 1.000000
349 41 1.000000
348 41 1.000000
347 41 1.000000
346 41 1.000000
336 71 0.000000
340 69 0.000000
333 72 1.000000
332 72 1.000000
382 23 1.000000
383 23 1.000000
383 23 0.000000
367 38 1.000000
367 37 1.000000
368 37 1.000000
368 37 0.000000
360 28 1.000000
360 27 1.000000
360 26 1.000000
360 25 1.000000
361 25 1.000000
361 26 1.000000
361 27 1.000000
361 28 1.000000
362 29 1.000000
362 28 1.000000
362 27 1.000000
362 26 1.000000
362 25 1.000000
363 25 1.000000
363 26 1.000000
363 27 1.000000
363 28 1.000000
363 28 0.000000
365 30 1.000000
364 29 1.000000
363 29 1.000000
363 28 1.000000
364 28 1.000000
364 28 0.000000
364 28 1.000000
365 26 1.000000
364 26 1.000000
364 26 0.000000
366 36 1.000000
366 35 1.000000
366 34 1.000000
365 34 1.000000
365 33 1.000000
366 33 1.000000
366 32 1.000000
366 31 1.000000
367 31 1.000000
367 32 1.000000
368 32 1.000000
368 33 1.000000
367 33 1.000000
367 34 1.000000
367 35 1.000000
367 36 1.000000
368 37 1.000000
369 36 1.000000
368 36 1.000000
368 35 1.000000
369 35 1.000000
369 34 1.000000
368 34 1.000000
369 33 1.000000
377 25 1.000000
376 25 1.000000
375 25 1.000000
376 26 1.000000
375 26 1.000000
374 26 1.000000
373 26 1.000000
374 27 1.000000
373 27 1.000000
372 27 1.000000
372 26 1.000000
371 26 1.000000
370 26 1.000000
369 26 1.000000
368 26 1.000000
367 26 1.000000
367 25 1.000000
366 25 1.000000
364 26 1.000000
364 27 1.000000
365 27 1.000000
365 27 0.000000
365 27 1.000000
366 30 1.000000
367 30 1.000000
365 29 1.000000
365 28 1.000000
366 29 1.000000
366 28 1.000000
366 27 1.000000
366 26 1.000000
366 26 0.000000
371 27 1.000000
370 27 1.000000
369 27 1.000000
368 28 1.000000
368 27 1.000000
367 29 1.000000
367 27 1.000000
367 28 1.000000
366 26 1.000000
383 24 1.000000
383 23 1.000000
382 23 0.000000
381 24 1.000000
382 24 1.000000
380 24 1.000000
379 24 1.000000
395 31 1.000000
395 30 1.000000
395 29 1.000000
394 29 1.000000
394 30 1.000000
393 29 1.000000
392 29 1.000000
391 29 1.000000
390 29 1.000000
390 29 0.000000
390 25 1.000000
390 26 1.000000
390 27 1.000000
390 28 1.000000
390 29 1.000000
389 29 1.000000
389 28 1.000000
389 27 1.000000
389 26 1.000000
389 25 1.000000
388 26 1.000000
388 27 1.000000
388 28 1.000000
388 28 0.000000
387 27 1.000000
387 26 1.000000
388 28 1.000000
386 26 1.000000
386 25 1.000000
385 24 1.000000
386 24 1.000000
386 23 1.000000
384 24 1.000000
384 23 1.000000
384 22 1.000000
385 22 1.000000
386 22 1.000000
386 22 0.000000
386 20 1.000000
387 20 1.000000
387 20 0.000000
385 21 1.000000
386 21 1.000000
386 22 1.000000
385 23 1.000000
387 20 1.000000
385 20 1.000000
389 25 0.000000
689 36 1.000000
687 37 1.000000
687 38 1.000000
687 39 1.000000
686 37 1.000000
685 36 1.000000
685 35 1.000000
684 35 1.000000
684 36 1.000000
682 33 1.000000
673 37 1.000000
673 36 1.000000
667 32 1.000000
667 33 0.000000
668 34 0.000000
674 35 0.000000
674 36 1.000000
675 34 0.000000
675 33 0.000000
674 33 0.000000
674 32 0.000000
677 32 1.000000
676 31 0.000000
676 32 0.000000
675 31 0.000000
675 32 0.000000
674 31 0.000000
673 31 0.000000
673 30 0.000000
674 30 0.000000
675 30 0.000000
662 30 1.000000
661 29 1.000000
661 28 1.000000
662 26 1.000000
662 27 1.000000
663 27 1.000000
663 28 1.000000
664 28 1.000000
665 28 1.000000
666 28 1.000000
667 29 1.000000
668 32 1.000000
668 31 1.000000
667 34 0.000000
660 27 1.000000
659 26 1.000000
659 25 1.000000
659 24 1.000000
658 25 1.000000
658 26 1.000000
657 26 1.000000
657 25 1.000000
657 24 1.000000
657 23 1.000000
656 23 1.000000
656 24 1.000000
655 24 1.000000
655 23 1.000000
655 22 1.000000
654 21 1.000000
653 21 1.000000
650 20 1.000000
651 20 1.000000
651 20 0.000000
650 21 1.000000
654 23 1.000000
651 20 1.000000
659 24 0.000000
677 33 0.000000
677 32 0.000000
616 10 1.000000
615 13 1.000000
615 12 1.000000
615 12 0.000000
609 11 1.000000
609 12 1.000000
600 16 1.000000
600 15 1.000000
600 15 0.000000
602 14 1.000000
601 15 1.000000
601 16 1.000000
601 16 0.000000
606 12 1.000000
607 11 1.000000
607 11 0.000000
606 13 1.000000
605 13 1.000000
605 14 1.000000
604 14 1.000000
604 14 0.000000
602 13 1.000000
603 14 1.000000
604 14 1.000000
603 13 1.000000
601 16 1.000000
602 15 1.000000
603 13 0.000000
602 13 0.000000
590 21 0.000000
589 22 0.000000
587 22 1.000000
587 21 1.000000
586 21 1.000000
586 20 1.000000
585 20 1.000000
584 23 1.000000
594 18 0.000000
626 7 0.000000
613 10 0.000000
612 10 0.000000
570 21 1.000000
562 20 0.000000
559 19 0.000000
556 18 0.000000
553 18 0.000000
552 18 0.000000
550 18 0.000000
550 17 0.000000
542 14 1.000000
539 15 1.000000
533 18 1.000000
533 17 1.000000
534 17 1.000000
535 17 1.000000
535 18 1.000000
534 19 1.000000
535 19 1.000000
534 18 1.000000
536 21 1.000000
537 21 1.000000
536 20 1.000000
537 20 1.000000
536 19 1.000000
537 19 1.000000
538 19 1.000000
537 18 1.000000
536 18 1.000000
536 17 1.000000
537 17 1.000000
537 16 1.000000
538 16 1.000000
526 17 1.000000
529 16 1.000000
531 16 1.000000
532 17 1.000000
541 14 0.000000
544 14 0.000000
564 21 1.000000
578 20 0.000000
573 21 0.000000
525 37 1.000000
530 34 1.000000
517 19 1.000000
517 18 1.000000
518 17 1.000000
494 35 1.000000
494 34 1.000000
494 33 1.000000
494 32 1.000000
494 31 1.000000
494 30 1.000000
494 29 1.000000
494 28 1.000000
494 27 1.000000
494 26 1.000000
494 25 1.000000
495 26 1.000000
495 27 1.000000
495 28 1.000000
495 29 1.000000
495 30 1.000000
495 31 1.000000
495 32 1.000000
495 34 1.000000
496 34 1.000000
495 33 1.000000
496 33 1.000000
497 34 1.000000
497 33 1.000000
497 32 1.000000
497 31 1.000000
497 30 1.000000
497 29 1.000000
496 28 1.000000
496 27 1.000000
496 29 1.000000
496 30 1.000000
496 31 1.000000
496 32 1.000000
498 33 1.000000
497 28 1.000000
498 32 1.000000
498 31 1.000000
498 30 1.000000
499 32 1.000000
499 31 1.000000
499 30 1.000000
500 30 1.000000
500 32 1.000000
500 31 1.000000
501 32 1.000000
501 31 1.000000
502 32 1.000000
502 32 0.000000
530 33 1.000000
512 26 1.000000
513 25 1.000000
512 25 1.000000
512 24 1.000000
511 24 1.000000
511 25 1.000000
511 26 1.000000
510 26 1.000000
510 25 1.000000
509 24 1.000000
508 24 1.000000
508 25 1.000000
508 26 1.000000
508 27 1.000000
509 26 1.000000
509 25 1.000000
506 26 1.000000
505 26 1.000000
505 27 1.000000
505 28 1.000000
505 29 1.000000
506 28 1.000000
507 28 1.000000
507 27 1.000000
506 27 1.000000
507 26 1.000000
504 28 1.000000
504 29 1.000000
503 31 1.000000
503 30 1.000000
503 29 1.000000
502 32 1.000000
502 31 1.000000
501 30 1.000000
502 30 1.000000
499 29 1.000000
500 29 1.000000
501 29 1.000000
502 29 1.000000
503 28 1.000000
492 34 1.000000
492 33 1.000000
492 32 1.000000
492 31 1.000000
492 30 1.000000
492 29 1.000000
492 28 1.000000
492 27 1.000000
492 26 1.000000
492 25 1.000000
492 24 1.000000
493 24 1.000000
493 25 1.000000
493 26 1.000000
493 27 1.000000
493 28 1.000000
493 29 1.000000
493 30 1.000000
493 31 1.000000
493 32 1.000000
493 33 1.000000
493 34 1.000000
491 33 1.000000
491 32 1.000000
490 31 1.000000
491 31 1.000000
490 30 1.000000
491 30 1.000000
490 29 1.000000
491 29 1.000000
490 28 1.000000
491 28 1.000000
490 27 1.000000
491 27 1.000000
490 26 1.000000
491 26 1.000000
490 25 1.000000
491 25 1.000000
491 24 1.000000
490 24 1.000000
489 27 1.000000
489 28 1.000000
489 29 1.000000
489 30 1.000000
488 30 1.000000
488 31 1.000000
487 32 1.000000
487 31 1.000000
486 31 1.000000
486 32 1.000000
486 33 1.000000
485 34 1.000000
485 33 1.000000
485 32 1.000000
485 31 1.000000
484 33 1.000000
484 34 1.000000
484 35 1.000000
483 36 1.000000
482 36 1.000000
482 35 1.000000
483 35 1.000000
483 34 1.000000
483 33 1.000000
482 33 1.000000
482 34 1.000000
481 34 1.000000
481 35 1.000000
481 36 1.000000
480 35 1.000000
480 34 1.000000
479 34 1.000000
479 35 1.000000
478 36 1.000000
463 41 1.000000
465 40 1.000000
468 40 1.000000
473 36 1.000000
473 35 1.000000
473 34 1.000000
474 34 1.000000
474 35 1.000000
478 35 1.000000
478 34 1.000000
477 34 1.000000
477 35 1.000000
477 36 1.000000
476 35 1.000000
476 34 1.000000
476 33 1.000000
475 33 1.000000
475 34 1.000000
472 34 1.000000
472 33 1.000000
471 33 1.000000
470 34 1.000000
471 34 1.000000
471 36 1.000000
471 35 1.000000
472 36 1.000000
472 35 1.000000
470 35 1.000000
470 36 1.000000
469 35 1.000000
469 36 1.000000
468 36 1.000000
467 36 1.000000
468 35 1.000000
465 38 1.000000
464 38 1.000000
463 39 1.000000
462 39 1.000000
461 40 1.000000
460 40 1.000000
459 40 1.000000
458 40 1.000000
449 46 1.000000
448 45 1.000000
445 46 1.000000
445 45 1.000000
446 45 1.000000
447 41 1.000000
444 40 1.000000
423 43 1.000000
424 43 0.000000
424 41 1.000000
437 38 1.000000
438 38 1.000000
434 39 0.000000
433 38 1.000000
432 37 1.000000
429 33 0.000000
424 43 1.000000
424 42 1.000000
418 34 1.000000
418 33 1.000000
418 32 1.000000
417 31 1.000000
417 30 1.000000
417 29 1.000000
418 29 1.000000
419 29 1.000000
420 29 1.000000
421 30 1.000000
421 31 1.000000
421 32 1.000000
421 33 1.000000
420 33 1.000000
420 32 1.000000
420 31 1.000000
420 30 1.000000
418 30 1.000000
418 31 1.000000
419 31 1.000000
419 30 1.000000
419 32 1.000000
419 33 1.000000
422 33 1.000000
422 32 1.000000
422 31 1.000000
423 31 1.000000
422 30 1.000000
421 29 1.000000
426 30 1.000000
425 30 1.000000
424 30 1.000000
423 30 1.000000
427 31 1.000000
413 37 1.000000
413 36 1.000000
413 35 1.000000
413 34 1.000000
413 33 1.000000
414 34 1.000000
414 35 1.000000
414 36 1.000000
414 37 1.000000
415 38 1.000000
416 38 1.000000
415 37 1.000000
416 37 1.000000
415 36 1.000000
417 36 1.000000
417 35 1.000000
416 35 1.000000
416 36 1.000000
415 35 1.000000
499 29 0.000000
430 34 0.000000
412 36 1.000000
412 35 1.000000
412 34 1.000000
396 30 1.000000
397 30 1.000000
398 31 1.000000
399 31 1.000000
399 32 1.000000
399 33 1.000000
400 34 1.000000
400 33 1.000000
400 32 1.000000
398 33 1.000000
398 32 1.000000
397 32 1.000000
397 31 1.000000
396 31 1.000000
402 35 1.000000
403 35 1.000000
404 35 1.000000
405 35 1.000000
406 35 1.000000
406 36 1.000000
405 36 1.000000
407 36 1.000000
408 36 1.000000
409 36 1.000000
410 36 1.000000
411 36 1.000000
413 33 0.000000
390 25 0.000000
385 20 0.000000
379 24 0.000000
365 25 1.000000
364 25 1.000000
359 27 1.000000
359 26 1.000000
435 157 0.000000
349 16 1.000000
386 20 0.000000
387 20 0.000000
269 62 0.000000
236 81 0.000000
246 93 0.000000
233 89 0.000000
222 63 1.000000
220 63 1.000000
208 70 1.000000
208 71 1.000000
208 72 1.000000
208 73 1.000000
205 105 1.000000
26 17 1.000000
24 16 1.000000
489 26 1.000000
489 25 1.000000
485 31 0.000000
647 19 1.000000
165 93 1.000000
165 93 0.000000
165 93 1.000000
173 106 0.000000
173 106 1.000000
173 106 0.000000
175 109 0.000000
175 109 1.000000
175 109 0.000000
171 103 0.000000
171 103 1.000000
171 103 0.000000
173 107 0.000000
173 107 1.000000
173 107 0.000000
173 107 1.000000
173 107 0.000000
173 107 1.000000
173 106 1.000000
173 106 0.000000
173 106 1.000000
171 103 1.000000
171 103 0.000000
171 103 1.000000
172 104 1.000000
172 104 0.000000
172 104 1.000000
175 109 1.000000
175 109 0.000000
175 109 1.000000
176 110 1.000000
176 110 0.000000
176 110 1.000000
174 107 1.000000
174 107 0.000000
174 107 1.000000
173 105 1.000000
173 105 0.000000
173 105 1.000000
171 102 1.000000
171 102 0.000000
171 102 1.000000
170 101 1.000000
170 101 0.000000
170 101 1.000000
169 99 1.000000
169 99 0.000000
169 99 1.000000
171 102 0.000000
171 102 1.000000
171 102 0.000000
174 106 1.000000
174 106 0.000000
174 106 1.000000
177 112 0.000000
177 112 1.000000
177 112 0.000000
176 110 0.000000
176 110 1.000000
176 110 0.000000
175 109 0.000000
175 109 1.000000
175 109 0.000000
176 111 0.000000
176 111 1.000000
176 111 0.000000
174 107 0.000000
174 107 1.000000
174 107 0.000000
173 106 0.000000
173 106 1.000000
173 106 0.000000
174 106 0.000000
174 106 1.000000
174 106 0.000000
173 105 0.000000
173 105 1.000000
173 105 0.000000
173 105 1.000000
173 105 0.000000
173 105 1.000000
173 105 0.000000
173 105 1.000000
173 105 0.000000
173 105 1.000000
173 105 0.000000
173 105 1.000000
168 98 0.000000
168 98 1.000000
168 98 0.000000
169 99 0.000000
169 99 1.000000
169 99 0.000000
170 101 0.000000
170 101 1.000000
170 101 0.000000
171 103 0.000000
171 103 1.000000
171 103 0.000000
172 104 0.000000
172 104 1.000000
172 104 0.000000
173 105 0.000000
173 105 1.000000
173 105 0.000000
172 105 0.000000
172 105 1.000000
172 105 0.000000
170 102 0.000000
170 102 1.000000
170 102 0.000000
169 100 0.000000
169 100 1.000000
169 100 0.000000
174 108 0.000000
174 108 1.000000
174 108 0.000000
93 65 0.000000
93 65 1.000000
93 65 0.000000
94 64 0.000000
94 64 1.000000
94 64 0.000000
95 63 0.000000
95 63 1.000000
95 63 0.000000
94 64 1.000000
94 64 0.000000
94 64 1.000000
94 63 0.000000
94 63 1.000000
94 63 0.000000
94 62 0.000000
94 62 1.000000
94 62 0.000000
94 61 0.000000
94 61 1.000000
94 61 0.000000
94 60 0.000000
94 60 1.000000
94 60 0.000000
95 60 0.000000
95 60 1.000000
95 60 0.000000
95 59 0.000000
95 59 1.000000
95 59 0.000000
95 59 1.000000
95 59 0.000000
95 59 1.000000
95 59 0.000000
95 59 1.000000
95 59 0.000000
86 61 0.000000
86 61 1.000000
86 61 0.000000
86 60 0.000000
86 60 1.000000
86 60 0.000000
86 60 1.000000
86 60 0.000000
86 60 1.000000
86 60 0.000000
86 60 1.000000
86 60 0.000000
86 60 1.000000
86 60 0.000000
86 60 1.000000
86 60 0.000000
86 60 1.000000
86 60 0.000000
87 61 0.000000
87 61 1.000000
87 61 0.000000
87 60 0.000000
87 60 1.000000
87 60 0.000000
87 59 0.000000
87 59 1.000000
87 59 0.000000
88 59 0.000000
88 59 1.000000
88 59 0.000000
88 60 0.000000
88 60 1.000000
88 60 0.000000
88 61 0.000000
88 61 1.000000
88 61 0.000000
89 62 0.000000
89 62 1.000000
89 62 0.000000
89 61 0.000000
89 61 1.000000
89 61 0.000000
89 60 0.000000
89 60 1.000000
89 60 0.000000
89 59 0.000000
89 59 1.000000
89 59 0.000000
90 59 0.000000
90 59 1.000000
90 59 0.000000
90 60 0.000000
90 60 1.000000
90 60 0.000000
90 61 0.000000
90 61 1.000000
90 61 0.000000
90 62 0.000000
90 62 1.000000
90 62 0.000000
91 62 0.000000
91 62 1.000000
91 62 0.000000
93 64 0.000000
93 64 1.000000
93 64 0.000000
93 63 0.000000
93 63 1.000000
93 63 0.000000
92 63 0.000000
92 63 1.000000
92 63 0.000000
92 63 1.000000
92 63 0.000000
92 63 1.000000
91 61 0.000000
91 61 1.000000
91 61 0.000000
92 61 0.000000
92 61 1.000000
92 61 0.000000
93 61 0.000000
93 61 1.000000
93 61 0.000000
93 59 0.000000
93 59 1.000000
93 59 0.000000
94 59 0.000000
94 59 1.000000
94 59 0.000000
93 58 0.000000
93 58 1.000000
93 58 0.000000
92 58 0.000000
92 58 1.000000
92 58 0.000000
91 58 0.000000
91 58 1.000000
91 58 0.000000
91 59 0.000000
91 59 1.000000
91 59 0.000000
91 60 0.000000
91 60 1.000000
91 60 0.000000
92 60 0.000000
92 60 1.000000
92 60 0.000000
92 59 0.000000
92 59 1.000000
92 59 0.000000
93 60 0.000000
93 60 1.000000
93 60 0.000000
93 62 0.000000
93 62 1.000000
93 62 0.000000
92 62 0.000000
92 62 1.000000
92 62 0.000000
92 63 0.000000
92 63 1.000000
92 63 0.000000
93 65 1.000000
93 65 0.000000
93 65 1.000000
189 124 0.000000
189 124 1.000000
189 124 0.000000
188 122 0.000000
188 122 1.000000
188 122 0.000000
188 123 0.000000
188 123 1.000000
188 123 0.000000
187 122 0.000000
187 122 1.000000
187 122 0.000000
186 121 0.000000
186 121 1.000000
186 121 0.000000
185 120 0.000000
185 120 1.000000
185 120 0.000000
192 121 0.000000
192 121 1.000000
192 121 0.000000
193 123 0.000000
193 123 1.000000
193 123 0.000000
194 122 0.000000
194 122 1.000000
194 122 0.000000
192 124 0.000000
192 124 1.000000
192 124 0.000000
90 70 0.000000
90 70 1.000000
90 70 0.000000
90 70 1.000000
90 70 0.000000
90 70 1.000000
88 69 0.000000
88 69 1.000000
88 69 0.000000
90 70 0.000000
90 70 1.000000
90 70 0.000000
89 70 0.000000
89 70 1.000000
89 70 0.000000
89 70 1.000000
89 70 0.000000
89 70 1.000000
88 69 1.000000
88 69 0.000000
88 69 1.000000
90 70 1.000000
90 70 0.000000
90 70 1.000000
93 68 0.000000
93 68 1.000000
93 68 0.000000
94 69 0.000000
94 69 1.000000
94 69 0.000000
94 70 0.000000
94 70 1.000000
94 70 0.000000
166 95 0.000000
166 95 1.000000
166 95 0.000000
165 93 0.000000
165 93 1.000000
165 93 0.000000
164 91 0.000000
164 91 1.000000
164 91 0.000000
163 89 0.000000
163 89 1.000000
163 89 0.000000
161 86 0.000000
161 86 1.000000
161 86 0.000000
435 157 1.000000
349 16 0.000000
