39 119 0.000000
41 119 0.000000
43 120 0.000000
46 121 0.000000
47 121 0.000000
48 121 0.000000
49 121 0.000000
50 121 0.000000
51 121 0.000000
48 123 1.000000
46 122 1.000000
54 122 0.000000
54 121 0.000000
54 120 0.000000
52 119 0.000000
46 118 0.000000
53 122 0.000000
52 122 0.000000
45 121 0.000000
2 85 0.000000
2 86 0.000000
2 88 0.000000
1 90 0.000000
0 90 0.000000
0 88 0.000000
1 88 0.000000
0 86 0.000000
0 86 1.000000
1 85 0.000000
0 86 0.000000
2 105 0.000000
1 104 0.000000
2 104 0.000000
3 105 0.000000
4 105 0.000000
5 105 0.000000
12 105 0.000000
0 113 0.000000
0 113 1.000000
1 111 0.000000
1 110 0.000000
2 110 0.000000
2 110 1.000000
7 111 0.000000
6 112 0.000000
6 111 0.000000
5 111 0.000000
5 112 0.000000
0 113 0.000000
2 113 1.000000
1 113 0.000000
2 113 0.000000
0 112 0.000000
1 112 0.000000
2 112 0.000000
3 112 0.000000
4 112 0.000000
4 111 0.000000
2 110 0.000000
2 109 0.000000
3 109 0.000000
1 103 0.000000
2 103 0.000000
6 110 0.000000
5 108 0.000000
4 107 0.000000
4 106 0.000000
3 106 0.000000
3 107 0.000000
3 108 0.000000
4 108 0.000000
24 122 0.000000
23 122 0.000000
22 122 0.000000
21 122 0.000000
21 121 0.000000
16 124 1.000000
5 133 0.000000
5 133 1.000000
5 132 1.000000
6 131 1.000000
29 123 0.000000
31 123 0.000000
32 123 0.000000
28 114 1.000000
27 115 0.000000
26 114 1.000000
24 113 1.000000
31 118 0.000000
48 274 0.000000
48 273 0.000000
47 274 0.000000
47 273 0.000000
46 274 0.000000
46 273 0.000000
45 274 0.000000
45 273 0.000000
44 274 0.000000
44 273 0.000000
43 274 0.000000
35 272 0.000000
34 272 0.000000
23 273 0.000000
24 272 0.000000
25 271 0.000000
25 270 0.000000
24 271 0.000000
23 271 0.000000
23 270 0.000000
23 269 0.000000
22 269 0.000000
22 271 0.000000
22 270 0.000000
19 269 0.000000
20 269 0.000000
21 270 0.000000
21 268 0.000000
18 264 1.000000
14 267 1.000000
14 267 0.000000
0 256 0.000000
1 256 0.000000
0 255 0.000000
1 255 0.000000
1 254 0.000000
0 254 0.000000
0 252 1.000000
3 256 0.000000
4 258 0.000000
2 266 0.000000
3 265 0.000000
5 265 0.000000
5 264 0.000000
3 264 0.000000
2 264 0.000000
4 264 0.000000
5 263 0.000000
10 264 0.000000
13 267 0.000000
15 267 0.000000
18 266 0.000000
18 267 0.000000
18 268 0.000000
20 268 0.000000
20 268 1.000000
20 267 0.000000
19 267 0.000000
19 267 1.000000
17 266 0.000000
19 267 0.000000
19 268 0.000000
20 268 0.000000
29 265 0.000000
29 266 0.000000
28 265 0.000000
26 265 0.000000
11 266 0.000000
38 264 0.000000
36 264 0.000000
35 264 0.000000
36 263 0.000000
37 263 0.000000
37 262 0.000000
38 262 0.000000
37 261 0.000000
36 265 0.000000
37 266 0.000000
37 265 0.000000
40 270 0.000000
38 265 0.000000
38 259 0.000000
38 260 0.000000
38 261 0.000000
25 266 0.000000
89 277 0.000000
89 279 0.000000
89 278 0.000000
87 276 0.000000
86 274 0.000000
86 273 0.000000
82 273 0.000000
74 274 0.000000
72 273 0.000000
71 272 0.000000
70 271 0.000000
67 268 0.000000
63 273 0.000000
50 267 0.000000
50 266 0.000000
49 264 1.000000
45 269 0.000000
46 269 0.000000
47 269 0.000000
50 263 1.000000
86 273 1.000000
84 273 0.000000
83 273 0.000000
340 255 0.000000
342 254 0.000000
325 261 0.000000
324 260 0.000000
322 258 0.000000
320 257 0.000000
319 256 0.000000
316 251 0.000000
267 279 0.000000
268 279 0.000000
267 278 0.000000
270 275 0.000000
272 275 0.000000
273 275 0.000000
272 274 0.000000
272 273 0.000000
273 272 0.000000
274 267 0.000000
275 268 0.000000
276 267 0.000000
276 266 0.000000
276 265 0.000000
275 265 0.000000
275 264 0.000000
276 262 0.000000
276 261 0.000000
277 259 0.000000
278 258 0.000000
278 257 0.000000
278 252 0.000000
279 251 0.000000
274 266 0.000000
326 265 0.000000
326 264 0.000000
280 249 0.000000
281 248 0.000000
282 249 0.000000
282 247 0.000000
283 246 0.000000
285 245 0.000000
286 245 0.000000
287 244 0.000000
289 246 0.000000
289 245 0.000000
289 244 0.000000
289 243 0.000000
289 242 0.000000
288 243 0.000000
288 245 0.000000
290 243 0.000000
290 242 0.000000
291 242 0.000000
291 241 0.000000
292 241 0.000000
293 240 0.000000
294 239 0.000000
294 239 1.000000
284 238 1.000000
284 237 1.000000
296 237 0.000000
295 238 0.000000
294 239 0.000000
345 219 0.000000
343 220 0.000000
342 222 0.000000
342 221 0.000000
298 232 0.000000
299 231 0.000000
300 228 0.000000
300 227 0.000000
301 224 0.000000
301 222 0.000000
300 219 0.000000
301 217 0.000000
301 216 0.000000
301 215 0.000000
308 216 0.000000
309 214 0.000000
308 213 0.000000
310 219 0.000000
307 214 0.000000
309 215 0.000000
364 159 1.000000
363 158 1.000000
361 149 0.000000
361 148 0.000000
359 146 0.000000
361 154 1.000000
366 127 0.000000
357 126 1.000000
358 126 1.000000
358 125 1.000000
359 125 1.000000
362 123 0.000000
360 127 0.000000
361 127 0.000000
362 127 0.000000
363 127 0.000000
363 128 0.000000
363 126 0.000000
363 125 0.000000
364 126 0.000000
364 129 0.000000
364 130 0.000000
367 130 0.000000
366 132 0.000000
365 131 0.000000
367 134 0.000000
368 131 0.000000
369 132 0.000000
367 84 1.000000
343 76 1.000000
343 73 0.000000
344 73 0.000000
335 71 0.000000
336 70 0.000000
329 61 0.000000
329 60 0.000000
327 59 0.000000
330 54 0.000000
330 53 0.000000
330 55 0.000000
330 44 1.000000
331 45 1.000000
332 43 0.000000
336 43 0.000000
340 46 0.000000
341 44 0.000000
341 46 0.000000
342 46 0.000000
362 50 1.000000
362 46 0.000000
367 47 0.000000
368 48 0.000000
365 45 0.000000
363 42 0.000000
377 25 0.000000
377 24 0.000000
378 26 0.000000
378 28 0.000000
378 27 0.000000
379 26 0.000000
379 2 0.000000
379 1 0.000000
376 18 0.000000
358 13 0.000000
356 14 0.000000
357 13 0.000000
356 13 0.000000
355 13 0.000000
354 13 0.000000
356 12 0.000000
357 11 0.000000
350 16 0.000000
350 15 0.000000
351 14 0.000000
332 26 0.000000
331 27 0.000000
336 24 0.000000
339 23 0.000000
340 22 0.000000
343 20 0.000000
343 20 1.000000
349 17 0.000000
347 18 0.000000
345 19 0.000000
345 19 1.000000
343 20 0.000000
339 23 1.000000
320 30 0.000000
313 27 0.000000
310 30 0.000000
305 29 0.000000
305 28 0.000000
305 27 0.000000
289 0 0.000000
292 8 1.000000
295 19 1.000000
295 19 0.000000
295 18 0.000000
295 17 0.000000
295 16 0.000000
295 15 0.000000
295 14 0.000000
294 12 0.000000
294 21 0.000000
363 52 0.000000
364 53 0.000000
365 53 0.000000
362 51 0.000000
362 50 0.000000
362 49 0.000000
361 49 0.000000
361 48 0.000000
361 47 0.000000
361 46 0.000000
364 44 0.000000
364 43 0.000000
368 47 0.000000
367 46 0.000000
366 45 0.000000
365 44 0.000000
360 48 0.000000
360 46 0.000000
360 47 0.000000
360 45 0.000000
360 43 0.000000
360 44 0.000000
360 48 1.000000
360 47 1.000000
366 53 0.000000
367 52 0.000000
368 51 0.000000
369 50 0.000000
369 49 0.000000
360 42 0.000000
340 73 0.000000
341 73 0.000000
342 74 0.000000
344 66 0.000000
345 68 0.000000
345 67 0.000000
327 60 0.000000
330 57 0.000000
330 56 0.000000
327 54 0.000000
328 53 0.000000
335 46 0.000000
337 43 0.000000
338 43 0.000000
331 45 0.000000
331 44 0.000000
365 83 0.000000
368 79 0.000000
365 79 0.000000
364 80 0.000000
364 83 0.000000
363 82 0.000000
363 81 0.000000
342 74 1.000000
342 73 0.000000
345 69 0.000000
334 46 0.000000
333 46 0.000000
332 46 0.000000
331 46 0.000000
330 46 0.000000
330 45 0.000000
330 44 0.000000
330 43 0.000000
331 43 0.000000
330 46 1.000000
329 43 0.000000
330 43 1.000000
329 43 1.000000
339 43 0.000000
336 47 0.000000
337 47 0.000000
338 47 0.000000
343 224 0.000000
344 224 0.000000
345 218 0.000000
345 218 1.000000
345 218 0.000000
346 218 0.000000
346 221 0.000000
344 219 0.000000
362 151 0.000000
362 150 0.000000
362 149 0.000000
361 154 0.000000
362 154 0.000000
363 154 0.000000
363 155 0.000000
362 155 0.000000
361 155 0.000000
362 156 0.000000
363 156 0.000000
362 157 0.000000
363 157 0.000000
363 153 0.000000
363 152 0.000000
364 152 0.000000
364 151 0.000000
364 150 0.000000
364 149 0.000000
364 147 0.000000
363 147 0.000000
362 147 0.000000
362 148 0.000000
363 148 0.000000
364 148 0.000000
363 149 0.000000
363 150 0.000000
363 151 0.000000
364 153 0.000000
361 147 0.000000
359 127 0.000000
359 126 0.000000
359 125 0.000000
359 125 1.000000
358 127 0.000000
358 126 0.000000
358 125 0.000000
359 125 0.000000
362 128 0.000000
363 129 0.000000
362 130 0.000000
362 129 0.000000
362 128 1.000000
362 130 1.000000
362 129 1.000000
362 128 0.000000
359 124 0.000000
360 124 0.000000
360 123 0.000000
362 122 0.000000
363 124 0.000000
365 126 0.000000
367 128 0.000000
368 130 0.000000
332 46 0.000000
331 46 0.000000
330 46 0.000000
329 46 0.000000
329 45 0.000000
330 45 0.000000
330 44 0.000000
329 44 0.000000
331 43 0.000000
330 43 0.000000
329 43 0.000000
329 46 1.000000
333 46 0.000000
334 46 0.000000
362 52 0.000000
361 50 0.000000
361 51 0.000000
362 53 0.000000
361 52 0.000000
363 53 0.000000
360 51 0.000000
360 52 0.000000
360 53 0.000000
361 53 0.000000
360 54 0.000000
361 54 0.000000
342 74 1.000000
342 73 0.000000
341 74 0.000000
342 74 0.000000
343 74 0.000000
343 75 0.000000
342 75 0.000000
341 75 0.000000
342 76 0.000000
343 77 0.000000
340 74 0.000000
343 76 0.000000
344 74 0.000000
343 77 1.000000
331 47 0.000000
331 47 1.000000
330 47 0.000000
330 47 1.000000
331 47 0.000000
331 47 1.000000
329 46 0.000000
329 46 1.000000
331 47 0.000000
331 47 1.000000
330 47 0.000000
330 47 1.000000
328 47 0.000000
328 47 1.000000
329 46 0.000000
329 46 1.000000
329 66 0.000000
329 66 1.000000
359 54 0.000000
359 54 1.000000
359 54 0.000000
359 54 1.000000
359 53 0.000000
359 53 1.000000
359 54 0.000000
359 53 0.000000
359 52 0.000000
359 51 0.000000
360 50 0.000000
366 84 0.000000
367 84 0.000000
368 84 0.000000
328 43 0.000000
328 44 0.000000
328 45 0.000000
328 46 0.000000
329 46 0.000000
329 47 0.000000
331 47 0.000000
330 47 0.000000
357 127 0.000000
357 126 0.000000
357 125 0.000000
358 124 0.000000
362 158 0.000000
363 158 0.000000
364 158 0.000000
364 157 0.000000
364 156 0.000000
364 155 0.000000
364 154 0.000000
364 158 1.000000
364 157 1.000000
364 156 1.000000
361 157 0.000000
361 156 0.000000
360 154 0.000000
362 159 0.000000
363 159 0.000000
363 160 0.000000
364 160 0.000000
364 159 0.000000
364 158 0.000000
364 157 0.000000
364 156 0.000000
38 137 0.000000
37 137 0.000000
35 135 0.000000
33 134 0.000000
32 134 0.000000
30 134 0.000000
27 133 0.000000
26 132 0.000000
25 134 0.000000
23 135 0.000000
24 137 0.000000
23 137 0.000000
22 137 0.000000
17 137 0.000000
20 135 0.000000
19 134 0.000000
19 133 0.000000
19 131 0.000000
18 132 0.000000
15 133 0.000000
13 133 0.000000
13 135 0.000000
12 135 0.000000
11 135 0.000000
10 135 1.000000
0 126 1.000000
0 127 0.000000
1 127 0.000000
2 127 0.000000
2 128 0.000000
2 129 0.000000
3 130 0.000000
0 128 0.000000
1 128 0.000000
1 133 0.000000
8 134 0.000000
9 134 0.000000
10 134 0.000000
10 135 0.000000
20 132 0.000000
20 133 0.000000
20 134 0.000000
31 134 0.000000
28 133 0.000000
36 136 0.000000
21 135 0.000000
22 135 0.000000
29 133 0.000000
12 133 0.000000
6 133 0.000000
170 128 0.000000
170 127 0.000000
171 127 0.000000
168 140 0.000000
168 139 0.000000
167 138 0.000000
166 136 0.000000
165 134 0.000000
164 133 0.000000
163 131 0.000000
162 130 0.000000
161 129 0.000000
160 128 0.000000
160 128 1.000000
133 140 0.000000
134 140 0.000000
134 139 0.000000
133 140 1.000000
137 138 0.000000
136 137 0.000000
137 135 0.000000
137 134 0.000000
138 134 0.000000
138 133 0.000000
139 131 1.000000
138 131 0.000000
139 131 0.000000
139 129 0.000000
139 127 0.000000
139 126 0.000000
137 133 0.000000
137 133 1.000000
137 133 0.000000
171 112 0.000000
172 112 0.000000
173 112 0.000000
173 111 0.000000
171 111 0.000000
172 110 0.000000
174 108 1.000000
155 107 0.000000
154 107 0.000000
154 107 1.000000
150 111 0.000000
150 110 0.000000
140 125 0.000000
141 124 0.000000
142 119 1.000000
142 123 0.000000
144 122 0.000000
145 121 0.000000
146 121 0.000000
147 120 0.000000
148 119 0.000000
149 117 0.000000
149 116 0.000000
150 115 0.000000
150 114 0.000000
150 111 1.000000
151 107 0.000000
152 108 0.000000
152 107 0.000000
153 107 0.000000
154 107 0.000000
155 108 0.000000
155 109 0.000000
150 111 0.000000
150 113 0.000000
150 112 0.000000
171 110 0.000000
157 122 0.000000
163 88 0.000000
163 88 1.000000
183 85 1.000000
179 73 0.000000
180 73 0.000000
179 75 0.000000
180 77 0.000000
179 76 0.000000
181 74 0.000000
183 67 0.000000
183 66 0.000000
181 64 0.000000
182 64 0.000000
182 65 0.000000
182 63 0.000000
182 62 0.000000
183 64 1.000000
184 65 0.000000
184 64 0.000000
183 64 0.000000
183 63 0.000000
185 66 0.000000
180 64 0.000000
180 63 0.000000
180 62 0.000000
172 38 1.000000
183 42 0.000000
182 40 0.000000
184 26 0.000000
184 24 0.000000
182 21 0.000000
182 22 0.000000
183 23 0.000000
181 23 0.000000
181 25 0.000000
166 23 0.000000
167 23 0.000000
171 23 0.000000
171 22 0.000000
170 22 0.000000
164 27 0.000000
165 30 0.000000
164 31 0.000000
165 31 0.000000
168 35 0.000000
169 34 0.000000
171 33 0.000000
172 33 0.000000
171 37 0.000000
170 37 0.000000
155 16 0.000000
156 15 0.000000
156 14 1.000000
190 14 0.000000
190 13 0.000000
167 13 0.000000
163 16 0.000000
162 16 0.000000
161 16 0.000000
158 15 0.000000
157 15 0.000000
156 14 0.000000
157 14 0.000000
190 0 0.000000
190 1 0.000000
192 3 0.000000
193 4 0.000000
194 8 0.000000
194 7 0.000000
194 6 0.000000
192 11 0.000000
193 10 0.000000
188 12 0.000000
188 10 0.000000
188 11 0.000000
183 6 0.000000
180 7 0.000000
179 7 0.000000
178 7 0.000000
177 8 0.000000
174 9 0.000000
171 11 0.000000
169 12 0.000000
163 16 1.000000
162 16 1.000000
161 16 1.000000
146 4 0.000000
147 6 0.000000
147 11 0.000000
147 12 0.000000
148 13 0.000000
151 13 0.000000
153 16 0.000000
161 16 0.000000
162 16 0.000000
175 9 0.000000
187 9 0.000000
192 12 0.000000
2 122 0.000000
2 121 0.000000
3 121 0.000000
2 120 0.000000
0 121 1.000000
2 127 0.000000
1 127 0.000000
1 126 0.000000
0 126 0.000000
0 142 0.000000
0 141 0.000000
0 140 0.000000
0 139 0.000000
0 137 0.000000
0 138 0.000000
0 136 0.000000
0 150 0.000000
32 145 0.000000
31 145 0.000000
30 145 0.000000
28 143 0.000000
27 142 0.000000
27 141 0.000000
27 139 0.000000
26 140 0.000000
23 141 0.000000
21 141 0.000000
21 143 0.000000
20 143 0.000000
19 143 0.000000
18 142 0.000000
17 142 0.000000
16 142 0.000000
1 135 0.000000
1 134 0.000000
3 136 0.000000
4 136 0.000000
3 135 0.000000
4 135 0.000000
4 134 0.000000
8 142 0.000000
9 141 0.000000
5 141 1.000000
6 140 0.000000
6 141 0.000000
5 141 0.000000
5 139 0.000000
6 139 0.000000
6 138 0.000000
5 137 0.000000
6 137 0.000000
5 136 0.000000
4 133 0.000000
4 132 0.000000
0 127 0.000000
0 128 0.000000
0 129 0.000000
0 130 0.000000
0 131 0.000000
0 132 0.000000
0 133 0.000000
0 134 0.000000
0 135 0.000000
1 130 0.000000
2 129 0.000000
3 130 0.000000
6 136 0.000000
9 136 0.000000
10 136 0.000000
9 135 0.000000
10 135 0.000000
10 137 0.000000
25 145 0.000000
31 143 0.000000
31 143 1.000000
84 155 0.000000
83 155 0.000000
82 155 0.000000
81 155 0.000000
80 154 0.000000
79 155 0.000000
78 155 0.000000
77 155 0.000000
75 153 0.000000
73 154 0.000000
73 153 0.000000
72 154 0.000000
72 153 0.000000
71 153 0.000000
70 153 0.000000
69 153 0.000000
68 153 0.000000
63 153 1.000000
62 152 0.000000
61 152 0.000000
59 151 0.000000
59 150 0.000000
58 150 0.000000
58 151 0.000000
54 150 0.000000
56 150 0.000000
57 150 0.000000
46 145 0.000000
45 145 0.000000
43 143 0.000000
41 142 0.000000
40 142 0.000000
38 142 0.000000
36 141 0.000000
35 141 0.000000
33 142 0.000000
31 143 0.000000
20 141 0.000000
14 141 0.000000
11 138 0.000000
13 139 0.000000
64 153 0.000000
63 153 0.000000
39 142 0.000000
34 140 0.000000
37 141 0.000000
29 143 0.000000
30 143 0.000000
25 138 0.000000
7 136 0.000000
8 136 0.000000
5 133 0.000000
3 127 0.000000
28 140 0.000000
28 139 0.000000
28 138 0.000000
28 139 1.000000
28 138 1.000000
28 141 0.000000
28 142 0.000000
236 156 0.000000
237 156 0.000000
238 156 0.000000
127 153 0.000000
129 153 0.000000
130 153 0.000000
130 154 0.000000
129 154 0.000000
129 152 0.000000
130 152 0.000000
131 152 0.000000
128 152 0.000000
128 154 0.000000
150 156 0.000000
149 156 0.000000
148 156 0.000000
148 155 0.000000
147 156 0.000000
147 155 0.000000
145 154 0.000000
143 153 0.000000
144 152 0.000000
144 153 0.000000
143 153 1.000000
143 153 0.000000
143 153 1.000000
145 151 0.000000
142 148 0.000000
142 147 0.000000
143 150 0.000000
143 149 0.000000
144 149 0.000000
144 145 0.000000
145 146 0.000000
145 143 0.000000
145 142 0.000000
146 142 0.000000
146 141 0.000000
146 139 0.000000
147 137 0.000000
147 135 0.000000
147 134 0.000000
148 133 0.000000
149 132 0.000000
150 131 0.000000
150 127 1.000000
152 130 0.000000
153 129 0.000000
154 129 0.000000
155 128 0.000000
156 127 0.000000
157 125 0.000000
157 124 0.000000
158 123 0.000000
158 122 0.000000
158 119 0.000000
158 118 0.000000
159 115 0.000000
160 115 0.000000
160 116 0.000000
182 155 0.000000
180 153 0.000000
177 150 0.000000
174 144 0.000000
173 142 0.000000
171 139 0.000000
170 138 0.000000
169 137 0.000000
166 133 0.000000
165 130 0.000000
164 127 0.000000
163 117 0.000000
163 116 0.000000
163 115 0.000000
162 115 0.000000
161 115 0.000000
179 120 0.000000
180 120 0.000000
181 120 0.000000
181 119 0.000000
179 119 0.000000
180 118 0.000000
182 116 1.000000
178 136 0.000000
178 135 0.000000
179 135 0.000000
172 141 0.000000
168 136 0.000000
167 135 0.000000
158 121 0.000000
158 120 0.000000
158 117 0.000000
142 149 0.000000
146 155 0.000000
191 93 1.000000
188 85 0.000000
187 83 0.000000
187 81 0.000000
189 82 0.000000
188 81 0.000000
191 75 0.000000
191 74 0.000000
192 73 0.000000
192 72 0.000000
189 72 0.000000
190 72 0.000000
190 71 0.000000
190 70 0.000000
191 71 0.000000
191 71 1.000000
190 73 0.000000
193 75 1.000000
193 74 0.000000
193 75 0.000000
191 71 0.000000
180 46 1.000000
177 42 0.000000
179 41 0.000000
180 41 0.000000
180 45 0.000000
179 45 0.000000
178 45 0.000000
173 38 0.000000
172 39 0.000000
173 39 0.000000
172 35 0.000000
174 31 0.000000
175 31 0.000000
178 30 0.000000
179 30 0.000000
179 31 0.000000
189 31 0.000000
192 34 0.000000
192 32 0.000000
192 32 1.000000
190 30 0.000000
191 31 0.000000
192 32 0.000000
190 29 0.000000
154 12 0.000000
153 7 0.000000
151 5 0.000000
150 4 0.000000
149 4 0.000000
149 4 1.000000
151 0 0.000000
151 1 0.000000
151 2 0.000000
152 2 0.000000
149 3 0.000000
149 4 0.000000
150 5 0.000000
150 2 0.000000
177 20 0.000000
175 21 0.000000
174 22 0.000000
171 24 0.000000
170 24 0.000000
169 24 0.000000
166 23 0.000000
165 22 0.000000
164 23 0.000000
163 24 0.000000
161 24 0.000000
159 21 0.000000
156 21 0.000000
155 20 0.000000
155 19 0.000000
155 14 0.000000
155 21 0.000000
165 23 0.000000
160 22 0.000000
205 1 0.000000
204 2 0.000000
203 2 0.000000
202 2 0.000000
201 2 0.000000
200 2 0.000000
198 8 0.000000
198 9 0.000000
191 14 0.000000
179 19 0.000000
181 18 0.000000
182 17 0.000000
183 17 0.000000
185 16 0.000000
185 16 1.000000
188 15 0.000000
187 15 0.000000
186 15 0.000000
185 16 0.000000
196 20 0.000000
198 21 0.000000
196 19 0.000000
196 18 0.000000
200 19 0.000000
201 18 0.000000
202 16 0.000000
202 15 0.000000
202 14 0.000000
201 12 0.000000
201 12 1.000000
201 12 0.000000
200 11 0.000000
198 5 0.000000
198 4 0.000000
199 3 0.000000
199 10 0.000000
205 2 0.000000
205 2 1.000000
207 1 0.000000
206 1 0.000000
205 2 0.000000
2 138 0.000000
3 138 0.000000
11 137 0.000000
10 137 0.000000
9 137 0.000000
8 138 0.000000
8 137 0.000000
7 138 0.000000
7 137 0.000000
6 138 0.000000
6 137 0.000000
7 134 0.000000
0 112 0.000000
1 112 0.000000
1 113 0.000000
1 114 0.000000
1 115 0.000000
1 116 0.000000
1 117 0.000000
1 119 0.000000
1 118 0.000000
0 116 0.000000
2 119 0.000000
2 120 0.000000
2 121 0.000000
3 121 1.000000
5 123 0.000000
2 122 0.000000
2 125 0.000000
1 125 0.000000
1 137 0.000000
1 136 0.000000
1 135 0.000000
3 137 0.000000
3 136 0.000000
3 135 0.000000
4 136 0.000000
4 135 0.000000
5 134 0.000000
5 130 0.000000
4 127 0.000000
4 128 0.000000
4 132 1.000000
4 131 0.000000
4 132 0.000000
3 133 0.000000
3 132 0.000000
2 132 0.000000
3 131 0.000000
2 130 0.000000
3 129 0.000000
2 129 0.000000
3 130 0.000000
3 128 0.000000
2 128 0.000000
2 127 0.000000
2 126 0.000000
3 127 0.000000
6 136 0.000000
6 135 0.000000
6 134 0.000000
6 133 0.000000
6 132 0.000000
10 136 0.000000
11 136 0.000000
11 138 0.000000
1 150 0.000000
1 149 0.000000
3 150 0.000000
3 149 0.000000
3 148 0.000000
3 147 0.000000
3 146 0.000000
3 139 0.000000
2 139 0.000000
2 140 0.000000
3 140 0.000000
3 141 0.000000
3 144 0.000000
3 143 0.000000
3 142 0.000000
2 141 0.000000
2 142 0.000000
2 143 0.000000
2 144 0.000000
2 145 0.000000
2 146 0.000000
2 147 0.000000
1 146 0.000000
10 142 0.000000
9 143 0.000000
8 142 0.000000
8 141 0.000000
8 140 0.000000
8 139 0.000000
7 140 0.000000
12 139 0.000000
26 146 0.000000
24 142 0.000000
22 142 0.000000
22 144 0.000000
21 144 0.000000
20 144 0.000000
17 143 0.000000
18 143 0.000000
19 143 0.000000
33 146 0.000000
31 146 0.000000
33 146 1.000000
32 144 0.000000
29 144 0.000000
28 143 0.000000
28 140 0.000000
29 141 0.000000
29 142 0.000000
29 143 0.000000
28 142 0.000000
27 141 0.000000
34 143 0.000000
32 146 0.000000
33 146 0.000000
35 141 0.000000
36 142 0.000000
15 142 0.000000
14 141 1.000000
14 141 0.000000
14 140 0.000000
60 151 0.000000
56 150 0.000000
55 150 0.000000
54 150 0.000000
53 147 0.000000
54 148 0.000000
54 149 0.000000
47 146 0.000000
46 146 0.000000
45 145 0.000000
44 144 0.000000
43 143 0.000000
42 143 0.000000
41 143 0.000000
40 143 0.000000
39 143 0.000000
37 142 0.000000
38 142 0.000000
100 156 0.000000
98 156 0.000000
97 156 0.000000
96 156 0.000000
94 155 0.000000
93 155 0.000000
92 156 0.000000
92 155 0.000000
91 155 0.000000
90 155 0.000000
89 155 0.000000
86 154 0.000000
85 154 0.000000
84 154 0.000000
83 154 0.000000
82 154 0.000000
81 153 0.000000
80 153 0.000000
80 154 0.000000
79 154 0.000000
79 153 0.000000
78 153 0.000000
78 154 0.000000
75 153 0.000000
73 153 0.000000
74 153 0.000000
71 153 0.000000
69 152 0.000000
62 152 0.000000
63 152 0.000000
133 153 0.000000
133 152 0.000000
128 153 0.000000
128 152 0.000000
129 152 0.000000
129 153 0.000000
130 153 0.000000
131 153 0.000000
132 153 0.000000
132 152 0.000000
131 152 0.000000
130 152 0.000000
128 158 1.000000
120 158 0.000000
119 158 0.000000
118 158 0.000000
117 158 0.000000
117 157 0.000000
116 157 0.000000
116 158 0.000000
103 156 0.000000
104 156 0.000000
105 156 0.000000
106 156 0.000000
107 156 0.000000
108 156 0.000000
108 157 0.000000
109 157 0.000000
110 157 0.000000
112 157 0.000000
113 157 0.000000
115 157 0.000000
114 157 0.000000
111 157 0.000000
127 150 1.000000
280 157 0.000000
280 158 0.000000
278 158 0.000000
279 157 0.000000
279 158 0.000000
277 158 0.000000
276 158 0.000000
275 158 0.000000
274 157 0.000000
274 158 0.000000
273 158 0.000000
273 157 0.000000
272 158 0.000000
272 157 0.000000
261 157 0.000000
261 158 0.000000
260 158 0.000000
260 157 0.000000
251 156 0.000000
250 156 0.000000
251 157 0.000000
251 158 0.000000
250 158 0.000000
235 158 0.000000
236 158 0.000000
237 158 0.000000
238 158 0.000000
239 158 0.000000
240 158 0.000000
241 158 0.000000
242 158 0.000000
244 158 0.000000
243 158 0.000000
245 158 0.000000
246 158 0.000000
247 158 0.000000
248 158 0.000000
249 158 0.000000
250 157 0.000000
249 157 0.000000
248 157 0.000000
235 157 0.000000
235 156 0.000000
236 156 0.000000
236 157 0.000000
237 157 0.000000
237 156 0.000000
237 155 0.000000
238 155 0.000000
238 156 0.000000
238 157 0.000000
239 157 0.000000
239 156 0.000000
240 156 0.000000
240 157 0.000000
241 157 0.000000
241 156 0.000000
242 156 0.000000
242 157 0.000000
243 157 0.000000
243 156 0.000000
244 156 0.000000
244 157 0.000000
245 156 0.000000
245 157 0.000000
247 157 0.000000
246 157 0.000000
216 156 0.000000
217 156 0.000000
218 156 0.000000
219 156 0.000000
217 155 0.000000
218 155 0.000000
192 158 0.000000
191 158 0.000000
190 158 0.000000
190 157 0.000000
189 157 0.000000
189 156 0.000000
188 157 0.000000
188 157 1.000000
185 158 0.000000
186 158 0.000000
187 158 0.000000
188 158 0.000000
189 158 0.000000
188 157 0.000000
186 155 0.000000
184 155 0.000000
185 155 0.000000
157 156 0.000000
158 156 0.000000
164 157 0.000000
165 158 0.000000
166 158 0.000000
164 158 0.000000
167 158 0.000000
169 158 0.000000
168 158 0.000000
170 158 0.000000
171 158 0.000000
177 158 0.000000
176 158 0.000000
175 158 0.000000
174 158 0.000000
173 158 0.000000
172 158 0.000000
176 147 0.000000
178 150 0.000000
183 154 0.000000
157 158 0.000000
157 157 0.000000
158 158 0.000000
158 157 0.000000
159 158 0.000000
159 157 0.000000
161 158 0.000000
160 157 0.000000
160 158 0.000000
161 157 0.000000
162 157 0.000000
163 157 0.000000
163 158 0.000000
162 158 0.000000
149 154 0.000000
145 153 0.000000
145 152 0.000000
146 151 0.000000
144 150 0.000000
144 149 0.000000
143 149 0.000000
143 148 0.000000
146 147 0.000000
145 146 0.000000
146 144 0.000000
146 143 0.000000
147 143 0.000000
147 142 0.000000
147 140 0.000000
148 138 0.000000
151 128 1.000000
153 131 0.000000
151 132 0.000000
150 133 0.000000
149 134 0.000000
148 135 0.000000
148 136 0.000000
163 116 0.000000
162 116 0.000000
161 117 0.000000
159 119 0.000000
159 120 0.000000
159 123 0.000000
159 124 0.000000
158 126 0.000000
158 126 1.000000
158 125 0.000000
158 126 0.000000
157 128 0.000000
156 129 0.000000
155 130 0.000000
154 130 0.000000
152 131 0.000000
179 137 0.000000
179 136 0.000000
180 136 0.000000
180 121 0.000000
180 120 0.000000
183 120 0.000000
181 122 0.000000
181 121 0.000000
181 122 1.000000
182 121 0.000000
182 120 0.000000
183 120 1.000000
181 119 0.000000
183 117 1.000000
192 94 1.000000
188 82 0.000000
189 82 0.000000
189 86 0.000000
189 86 1.000000
189 86 0.000000
188 84 0.000000
190 83 0.000000
191 73 0.000000
191 72 0.000000
193 74 0.000000
193 73 0.000000
192 75 0.000000
194 75 0.000000
190 73 0.000000
191 74 0.000000
192 72 0.000000
192 51 0.000000
181 47 1.000000
178 43 0.000000
179 46 0.000000
180 46 0.000000
181 46 0.000000
174 39 0.000000
173 36 0.000000
175 32 0.000000
176 32 0.000000
179 31 0.000000
179 31 1.000000
180 32 0.000000
180 31 0.000000
179 31 0.000000
190 32 0.000000
191 31 0.000000
192 32 0.000000
193 33 0.000000
193 35 0.000000
190 34 0.000000
191 30 0.000000
180 42 0.000000
181 42 0.000000
200 1 0.000000
201 1 0.000000
201 0 0.000000
200 0 0.000000
199 0 0.000000
165 24 0.000000
164 25 0.000000
162 25 0.000000
160 22 0.000000
157 22 0.000000
156 21 0.000000
156 20 0.000000
156 15 0.000000
155 13 0.000000
153 8 0.000000
153 7 0.000000
151 7 0.000000
153 7 1.000000
151 7 1.000000
152 7 0.000000
153 7 0.000000
151 5 0.000000
152 5 0.000000
152 4 0.000000
152 3 0.000000
149 2 0.000000
149 1 0.000000
150 1 0.000000
142 1 0.000000
135 1 0.000000
202 13 0.000000
203 15 0.000000
203 16 0.000000
202 19 0.000000
201 20 0.000000
199 22 0.000000
197 21 0.000000
197 20 0.000000
197 19 0.000000
192 15 0.000000
189 16 0.000000
188 16 0.000000
187 16 0.000000
186 17 0.000000
183 18 0.000000
180 20 0.000000
178 21 0.000000
176 22 0.000000
175 23 0.000000
171 25 0.000000
170 25 0.000000
166 24 0.000000
167 24 0.000000
166 23 0.000000
198 0 0.000000
197 0 0.000000
196 0 0.000000
195 0 0.000000
194 0 0.000000
193 0 0.000000
192 0 0.000000
185 0 0.000000
186 0 0.000000
187 0 0.000000
188 0 0.000000
189 0 0.000000
190 0 0.000000
191 0 0.000000
204 2 0.000000
208 4 0.000000
208 3 0.000000
207 4 0.000000
207 3 0.000000
206 4 0.000000
204 1 0.000000
204 0 0.000000
203 0 0.000000
203 1 0.000000
202 1 0.000000
202 0 0.000000
201 5 0.000000
200 5 0.000000
201 12 0.000000
199 10 0.000000
199 9 0.000000
199 8 0.000000
199 7 0.000000
199 6 0.000000
