   7.9600000e+05  -1.6528000e+07
   7.5600000e+05  -1.6528000e+07
   7.2000000e+05  -1.6528000e+07
   6.8800000e+05  -1.6528000e+07
   6.6000000e+05  -1.6528000e+07
   6.3600000e+05  -1.6528000e+07
   6.1600000e+05  -1.6528000e+07
   6.0000000e+05  -1.6528000e+07
   5.8800000e+05  -1.6528000e+07
   5.8000000e+05  -1.6528000e+07
   5.7600000e+05  -1.6528000e+07
   5.7200000e+05  -1.6528000e+07
   5.6800000e+05  -1.6528000e+07
   5.6400000e+05  -1.6528000e+07
   5.6000000e+05  -1.6528000e+07
   5.5600000e+05  -1.6528000e+07
   5.5200000e+05  -1.6528000e+07
   5.4800000e+05  -1.6528000e+07
   5.4400000e+05  -1.6528000e+07
   5.4000000e+05  -1.6528000e+07
   5.3600000e+05  -1.6528000e+07
   5.3200000e+05  -1.6528000e+07
   5.2800000e+05  -1.6528000e+07
   5.2400000e+05  -1.6528000e+07
   5.2000000e+05  -1.6528000e+07
   5.1600000e+05  -1.6528000e+07
   5.1200000e+05  -1.6528000e+07
   5.0800000e+05  -1.6528000e+07
   5.0400000e+05  -1.6528000e+07
   5.0000000e+05  -1.6528000e+07
   4.9600000e+05  -1.6528000e+07
   4.9200000e+05  -1.6528000e+07
   4.8800000e+05  -1.6528000e+07
   4.8400000e+05  -1.6528000e+07
   4.8000000e+05  -1.6528000e+07
   4.7600000e+05  -1.6528000e+07
   4.7200000e+05  -1.6528000e+07
   4.6800000e+05  -1.6528000e+07
   4.6400000e+05  -1.6528000e+07
   4.6000000e+05  -1.6528000e+07
   4.5600000e+05  -1.6528000e+07
   4.5200000e+05  -1.6528000e+07
   4.4800000e+05  -1.6528000e+07
   4.4400000e+05  -1.6528000e+07
   4.4000000e+05  -1.6528000e+07
   4.3600000e+05  -1.6528000e+07
   4.3200000e+05  -1.6528000e+07
   4.2800000e+05  -1.6528000e+07
   4.2400000e+05  -1.6528000e+07
   4.2000000e+05  -1.6528000e+07
   4.1600000e+05  -1.6528000e+07
   4.1200000e+05  -1.6528000e+07
   4.0800000e+05  -1.6528000e+07
   4.0400000e+05  -1.6528000e+07
   4.0000000e+05  -1.6528000e+07
   3.9600000e+05  -1.6528000e+07
   3.9200000e+05  -1.6528000e+07
   3.8800000e+05  -1.6528000e+07
   3.8400000e+05  -1.6528000e+07
   3.8000000e+05  -1.6528000e+07
   3.7600000e+05  -1.6528000e+07
   3.7200000e+05  -1.6528000e+07
   3.6800000e+05  -1.6528000e+07
   3.6400000e+05  -1.6528000e+07
   3.6000000e+05  -1.6528000e+07
   3.5600000e+05  -1.6528000e+07
   3.5200000e+05  -1.6528000e+07
   3.4800000e+05  -1.6528000e+07
   3.4400000e+05  -1.6528000e+07
   3.4000000e+05  -1.6528000e+07
   3.3600000e+05  -1.6528000e+07
   3.3200000e+05  -1.6528000e+07
   3.2800000e+05  -1.6528000e+07
   3.2400000e+05  -1.6528000e+07
   3.2000000e+05  -1.6528000e+07
   3.1600000e+05  -1.6528000e+07
   3.1200000e+05  -1.6528000e+07
   3.0800000e+05  -1.6528000e+07
   3.0400000e+05  -1.6528000e+07
   3.0000000e+05  -1.6528000e+07
   2.9600000e+05  -1.6528000e+07
   2.9200000e+05  -1.6528000e+07
   2.8800000e+05  -1.6528000e+07
   2.8400000e+05  -1.6528000e+07
   2.8000000e+05  -1.6528000e+07
   2.7600000e+05  -1.6528000e+07
   2.7200000e+05  -1.6528000e+07
   2.6800000e+05  -1.6528000e+07
   2.6400000e+05  -1.6528000e+07
   2.6000000e+05  -1.6528000e+07
   2.5600000e+05  -1.6528000e+07
   2.5200000e+05  -1.6528000e+07
   2.4800000e+05  -1.6528000e+07
   2.4400000e+05  -1.6528000e+07
   2.4000000e+05  -1.6528000e+07
   2.3600000e+05  -1.6528000e+07
   2.3200000e+05  -1.6528000e+07
   2.2800000e+05  -1.6528000e+07
   2.2400000e+05  -1.6528000e+07
   2.2000000e+05  -1.6528000e+07
   2.1600000e+05  -1.6528000e+07
   2.1200000e+05  -1.6528000e+07
   2.0800000e+05  -1.6528000e+07
   2.0400000e+05  -1.6528000e+07
   2.0000000e+05  -1.6528000e+07
   1.9600000e+05  -1.6528000e+07
   1.9200000e+05  -1.6528000e+07
   1.8800000e+05  -1.6528000e+07
   1.8400000e+05  -1.6528000e+07
   1.8000000e+05  -1.6528000e+07
   1.7600000e+05  -1.6528000e+07
   1.7200000e+05  -1.6528000e+07
   1.6800000e+05  -1.6528000e+07
   1.6400000e+05  -1.6528000e+07
   1.6000000e+05  -1.6528000e+07
   1.5600000e+05  -1.6528000e+07
   1.5200000e+05  -1.6528000e+07
   1.4800000e+05  -1.6528000e+07
   1.4400000e+05  -1.6528000e+07
   1.4000000e+05  -1.6528000e+07
   1.3600000e+05  -1.6528000e+07
   1.3200000e+05  -1.6528000e+07
   1.2800000e+05  -1.6528000e+07
   1.2400000e+05  -1.6528000e+07
   1.2000000e+05  -1.6528000e+07
   1.1600000e+05  -1.6528000e+07
   1.1200000e+05  -1.6528000e+07
   1.0800000e+05  -1.6528000e+07
   1.0400000e+05  -1.6528000e+07
   1.0000000e+05  -1.6528000e+07
   9.6000000e+04  -1.6528000e+07
   9.2000000e+04  -1.6528000e+07
   8.8000000e+04  -1.6528000e+07
   8.4000000e+04  -1.6528000e+07
   8.0000000e+04  -1.6528000e+07
   7.6000000e+04  -1.6528000e+07
   7.2000000e+04  -1.6528000e+07
   6.8000000e+04  -1.6528000e+07
   6.4000000e+04  -1.6528000e+07
   6.0000000e+04  -1.6528000e+07
   5.6000000e+04  -1.6528000e+07
   5.2000000e+04  -1.6528000e+07
   4.8000000e+04  -1.6528000e+07
   4.4000000e+04  -1.6528000e+07
   4.0000000e+04  -1.6528000e+07
   3.6000000e+04  -1.6528000e+07
   3.2000000e+04  -1.6528000e+07
   2.8000000e+04  -1.6528000e+07
   2.4000000e+04  -1.6528000e+07
   2.0000000e+04  -1.6528000e+07
   1.6000000e+04  -1.6528000e+07
   1.2000000e+04  -1.6528000e+07
   8.0000000e+03  -1.6528000e+07
   4.0000000e+03  -1.6528000e+07
   0.0000000e+00  -1.6528000e+07
  -4.0000000e+03  -1.6528000e+07
  -8.0000000e+03  -1.6528000e+07
  -1.2000000e+04  -1.6528000e+07
  -1.6000000e+04  -1.6528000e+07
  -2.0000000e+04  -1.6528000e+07
  -2.4000000e+04  -1.6528000e+07
  -2.8000000e+04  -1.6528000e+07
  -3.2000000e+04  -1.6528000e+07
  -3.6000000e+04  -1.6528000e+07
  -4.0000000e+04  -1.6528000e+07
  -4.4000000e+04  -1.6528000e+07
  -4.8000000e+04  -1.6528000e+07
  -5.2000000e+04  -1.6528000e+07
  -5.6000000e+04  -1.6528000e+07
  -6.0000000e+04  -1.6528000e+07
  -6.4000000e+04  -1.6528000e+07
  -6.8000000e+04  -1.6528000e+07
  -7.2000000e+04  -1.6528000e+07
  -7.6000000e+04  -1.6528000e+07
  -8.0000000e+04  -1.6528000e+07
  -8.4000000e+04  -1.6528000e+07
  -8.8000000e+04  -1.6528000e+07
  -9.2000000e+04  -1.6528000e+07
  -9.6000000e+04  -1.6528000e+07
  -1.0000000e+05  -1.6528000e+07
  -1.0400000e+05  -1.6528000e+07
  -1.0800000e+05  -1.6528000e+07
  -1.1200000e+05  -1.6528000e+07
  -1.1600000e+05  -1.6528000e+07
  -1.2000000e+05  -1.6528000e+07
  -1.2400000e+05  -1.6528000e+07
  -1.2800000e+05  -1.6528000e+07
  -1.3200000e+05  -1.6528000e+07
  -1.3600000e+05  -1.6528000e+07
  -1.4000000e+05  -1.6528000e+07
  -1.4400000e+05  -1.6528000e+07
  -1.4800000e+05  -1.6528000e+07
  -1.5200000e+05  -1.6528000e+07
  -1.5600000e+05  -1.6528000e+07
  -1.6000000e+05  -1.6528000e+07
  -1.6400000e+05  -1.6528000e+07
  -1.6800000e+05  -1.6528000e+07
  -1.7200000e+05  -1.6528000e+07
  -1.7600000e+05  -1.6528000e+07
  -1.8000000e+05  -1.6528000e+07
  -1.8400000e+05  -1.6528000e+07
  -1.8800000e+05  -1.6528000e+07
  -1.9200000e+05  -1.6528000e+07
  -1.9600000e+05  -1.6528000e+07
  -2.0000000e+05  -1.6528000e+07
  -2.0400000e+05  -1.6528000e+07
  -2.0800000e+05  -1.6528000e+07
  -2.1200000e+05  -1.6528000e+07
  -2.1600000e+05  -1.6528000e+07
  -2.2000000e+05  -1.6528000e+07
  -2.2400000e+05  -1.6528000e+07
  -2.2800000e+05  -1.6528000e+07
  -2.3200000e+05  -1.6528000e+07
  -2.3600000e+05  -1.6528000e+07
  -2.4000000e+05  -1.6528000e+07
  -2.4400000e+05  -1.6528000e+07
  -2.4800000e+05  -1.6528000e+07
  -2.5200000e+05  -1.6528000e+07
  -2.5600000e+05  -1.6528000e+07
  -2.6000000e+05  -1.6528000e+07
  -2.6400000e+05  -1.6528000e+07
  -2.6800000e+05  -1.6528000e+07
  -2.7200000e+05  -1.6528000e+07
  -2.7600000e+05  -1.6528000e+07
  -2.8000000e+05  -1.6528000e+07
  -2.8400000e+05  -1.6528000e+07
  -2.8800000e+05  -1.6528000e+07
  -2.9200000e+05  -1.6528000e+07
  -2.9600000e+05  -1.6528000e+07
  -3.0000000e+05  -1.6528000e+07
  -3.0400000e+05  -1.6528000e+07
  -3.0800000e+05  -1.6528000e+07
  -3.1200000e+05  -1.6528000e+07
  -3.1600000e+05  -1.6528000e+07
  -3.2000000e+05  -1.6528000e+07
  -3.2400000e+05  -1.6528000e+07
  -3.2800000e+05  -1.6528000e+07
  -3.3200000e+05  -1.6528000e+07
  -3.3600000e+05  -1.6528000e+07
  -3.4000000e+05  -1.6528000e+07
  -3.4400000e+05  -1.6528000e+07
  -3.4800000e+05  -1.6528000e+07
  -3.5200000e+05  -1.6528000e+07
  -3.5600000e+05  -1.6528000e+07
  -3.6000000e+05  -1.6528000e+07
  -3.6400000e+05  -1.6528000e+07
  -3.6800000e+05  -1.6528000e+07
  -3.7200000e+05  -1.6528000e+07
  -3.7600000e+05  -1.6528000e+07
  -3.8000000e+05  -1.6528000e+07
  -3.8400000e+05  -1.6528000e+07
  -3.8800000e+05  -1.6528000e+07
  -3.9200000e+05  -1.6528000e+07
  -3.9600000e+05  -1.6528000e+07
  -4.0000000e+05  -1.6528000e+07
  -4.0400000e+05  -1.6528000e+07
  -4.0800000e+05  -1.6528000e+07
  -4.1200000e+05  -1.6528000e+07
  -4.1600000e+05  -1.6528000e+07
  -4.2000000e+05  -1.6528000e+07
  -4.2400000e+05  -1.6528000e+07
  -4.2800000e+05  -1.6528000e+07
  -4.3200000e+05  -1.6528000e+07
  -4.3600000e+05  -1.6528000e+07
  -4.4000000e+05  -1.6528000e+07
  -4.4400000e+05  -1.6528000e+07
  -4.4800000e+05  -1.6528000e+07
  -4.5200000e+05  -1.6528000e+07
  -4.5600000e+05  -1.6528000e+07
  -4.6000000e+05  -1.6528000e+07
  -4.6400000e+05  -1.6528000e+07
  -4.6800000e+05  -1.6528000e+07
  -4.7200000e+05  -1.6528000e+07
  -4.7600000e+05  -1.6528000e+07
  -4.8000000e+05  -1.6528000e+07
  -4.8400000e+05  -1.6528000e+07
  -4.8800000e+05  -1.6528000e+07
  -4.9200000e+05  -1.6528000e+07
  -4.9600000e+05  -1.6528000e+07
  -5.0000000e+05  -1.6528000e+07
  -5.0400000e+05  -1.6528000e+07
  -5.0800000e+05  -1.6528000e+07
  -5.1200000e+05  -1.6528000e+07
  -5.1600000e+05  -1.6528000e+07
  -5.2000000e+05  -1.6528000e+07
  -5.2400000e+05  -1.6528000e+07
  -5.2800000e+05  -1.6528000e+07
  -5.3200000e+05  -1.6528000e+07
  -5.3600000e+05  -1.6528000e+07
  -5.4000000e+05  -1.6528000e+07
  -5.4400000e+05  -1.6528000e+07
  -5.4800000e+05  -1.6528000e+07
  -5.5200000e+05  -1.6528000e+07
  -5.5600000e+05  -1.6528000e+07
  -5.6000000e+05  -1.6528000e+07
  -5.6400000e+05  -1.6528000e+07
  -5.6800000e+05  -1.6528000e+07
  -5.7200000e+05  -1.6528000e+07
  -5.7600000e+05  -1.6528000e+07
  -5.8000000e+05  -1.6528000e+07
  -5.8800000e+05  -1.6528000e+07
  -6.0000000e+05  -1.6528000e+07
  -6.1600000e+05  -1.6528000e+07
  -6.3600000e+05  -1.6528000e+07
  -6.6000000e+05  -1.6528000e+07
  -6.8800000e+05  -1.6528000e+07
  -7.2000000e+05  -1.6528000e+07
  -7.5600000e+05  -1.6528000e+07
  -7.9600000e+05  -1.6528000e+07
