158 
  -7.9600000e+05  -1.6528000e+07
  -7.9600000e+05  -1.6568000e+07
  -7.9600000e+05  -1.6604000e+07
  -7.9600000e+05  -1.6636000e+07
  -7.9600000e+05  -1.6664000e+07
  -7.9600000e+05  -1.6688000e+07
  -7.9600000e+05  -1.6708000e+07
  -7.9600000e+05  -1.6724000e+07
  -7.9600000e+05  -1.6736000e+07
  -7.9600000e+05  -1.6744000e+07
  -7.9600000e+05  -1.6748000e+07
  -7.9600000e+05  -1.6752000e+07
  -7.9600000e+05  -1.6756000e+07
  -7.9600000e+05  -1.6760000e+07
  -7.9600000e+05  -1.6764000e+07
  -7.9600000e+05  -1.6768000e+07
  -7.9600000e+05  -1.6772000e+07
  -7.9600000e+05  -1.6776000e+07
  -7.9600000e+05  -1.6780000e+07
  -7.9600000e+05  -1.6784000e+07
  -7.9600000e+05  -1.6788000e+07
  -7.9600000e+05  -1.6792000e+07
  -7.9600000e+05  -1.6796000e+07
  -7.9600000e+05  -1.6800000e+07
  -7.9600000e+05  -1.6804000e+07
  -7.9600000e+05  -1.6808000e+07
  -7.9600000e+05  -1.6812000e+07
  -7.9600000e+05  -1.6816000e+07
  -7.9600000e+05  -1.6820000e+07
  -7.9600000e+05  -1.6824000e+07
  -7.9600000e+05  -1.6828000e+07
  -7.9600000e+05  -1.6832000e+07
  -7.9600000e+05  -1.6836000e+07
  -7.9600000e+05  -1.6840000e+07
  -7.9600000e+05  -1.6844000e+07
  -7.9600000e+05  -1.6848000e+07
  -7.9600000e+05  -1.6852000e+07
  -7.9600000e+05  -1.6856000e+07
  -7.9600000e+05  -1.6860000e+07
  -7.9600000e+05  -1.6864000e+07
  -7.9600000e+05  -1.6868000e+07
  -7.9600000e+05  -1.6872000e+07
  -7.9600000e+05  -1.6876000e+07
  -7.9600000e+05  -1.6880000e+07
  -7.9600000e+05  -1.6884000e+07
  -7.9600000e+05  -1.6888000e+07
  -7.9600000e+05  -1.6892000e+07
  -7.9600000e+05  -1.6896000e+07
  -7.9600000e+05  -1.6900000e+07
  -7.9600000e+05  -1.6904000e+07
  -7.9600000e+05  -1.6908000e+07
  -7.9600000e+05  -1.6912000e+07
  -7.9600000e+05  -1.6916000e+07
  -7.9600000e+05  -1.6920000e+07
  -7.9600000e+05  -1.6924000e+07
  -7.9600000e+05  -1.6928000e+07
  -7.9600000e+05  -1.6932000e+07
  -7.9600000e+05  -1.6936000e+07
  -7.9600000e+05  -1.6940000e+07
  -7.9600000e+05  -1.6944000e+07
  -7.9600000e+05  -1.6948000e+07
  -7.9600000e+05  -1.6952000e+07
  -7.9600000e+05  -1.6956000e+07
  -7.9600000e+05  -1.6960000e+07
  -7.9600000e+05  -1.6964000e+07
  -7.9600000e+05  -1.6968000e+07
  -7.9600000e+05  -1.6972000e+07
  -7.9600000e+05  -1.6976000e+07
  -7.9600000e+05  -1.6980000e+07
  -7.9600000e+05  -1.6984000e+07
  -7.9600000e+05  -1.6988000e+07
  -7.9600000e+05  -1.6992000e+07
  -7.9600000e+05  -1.6996000e+07
  -7.9600000e+05  -1.7000000e+07
  -7.9600000e+05  -1.7004000e+07
  -7.9600000e+05  -1.7008000e+07
  -7.9600000e+05  -1.7012000e+07
  -7.9600000e+05  -1.7016000e+07
  -7.9600000e+05  -1.7020000e+07
  -7.9600000e+05  -1.7024000e+07
  -7.9600000e+05  -1.7028000e+07
  -7.9600000e+05  -1.7032000e+07
  -7.9600000e+05  -1.7036000e+07
  -7.9600000e+05  -1.7040000e+07
  -7.9600000e+05  -1.7044000e+07
  -7.9600000e+05  -1.7048000e+07
  -7.9600000e+05  -1.7052000e+07
  -7.9600000e+05  -1.7056000e+07
  -7.9600000e+05  -1.7060000e+07
  -7.9600000e+05  -1.7064000e+07
  -7.9600000e+05  -1.7068000e+07
  -7.9600000e+05  -1.7072000e+07
  -7.9600000e+05  -1.7076000e+07
  -7.9600000e+05  -1.7080000e+07
  -7.9600000e+05  -1.7084000e+07
  -7.9600000e+05  -1.7088000e+07
  -7.9600000e+05  -1.7092000e+07
  -7.9600000e+05  -1.7096000e+07
  -7.9600000e+05  -1.7100000e+07
  -7.9600000e+05  -1.7104000e+07
  -7.9600000e+05  -1.7108000e+07
  -7.9600000e+05  -1.7112000e+07
  -7.9600000e+05  -1.7116000e+07
  -7.9600000e+05  -1.7120000e+07
  -7.9600000e+05  -1.7124000e+07
  -7.9600000e+05  -1.7128000e+07
  -7.9600000e+05  -1.7132000e+07
  -7.9600000e+05  -1.7136000e+07
  -7.9600000e+05  -1.7140000e+07
  -7.9600000e+05  -1.7144000e+07
  -7.9600000e+05  -1.7148000e+07
  -7.9600000e+05  -1.7152000e+07
  -7.9600000e+05  -1.7156000e+07
  -7.9600000e+05  -1.7160000e+07
  -7.9600000e+05  -1.7164000e+07
  -7.9600000e+05  -1.7168000e+07
  -7.9600000e+05  -1.7172000e+07
  -7.9600000e+05  -1.7176000e+07
  -7.9600000e+05  -1.7180000e+07
  -7.9600000e+05  -1.7184000e+07
  -7.9600000e+05  -1.7188000e+07
  -7.9600000e+05  -1.7192000e+07
  -7.9600000e+05  -1.7196000e+07
  -7.9600000e+05  -1.7200000e+07
  -7.9600000e+05  -1.7204000e+07
  -7.9600000e+05  -1.7208000e+07
  -7.9600000e+05  -1.7212000e+07
  -7.9600000e+05  -1.7216000e+07
  -7.9600000e+05  -1.7220000e+07
  -7.9600000e+05  -1.7224000e+07
  -7.9600000e+05  -1.7228000e+07
  -7.9600000e+05  -1.7232000e+07
  -7.9600000e+05  -1.7236000e+07
  -7.9600000e+05  -1.7240000e+07
  -7.9600000e+05  -1.7244000e+07
  -7.9600000e+05  -1.7248000e+07
  -7.9600000e+05  -1.7252000e+07
  -7.9600000e+05  -1.7256000e+07
  -7.9600000e+05  -1.7260000e+07
  -7.9600000e+05  -1.7264000e+07
  -7.9600000e+05  -1.7268000e+07
  -7.9600000e+05  -1.7272000e+07
  -7.9600000e+05  -1.7276000e+07
  -7.9600000e+05  -1.7280000e+07
  -7.9600000e+05  -1.7284000e+07
  -7.9600000e+05  -1.7288000e+07
  -7.9600000e+05  -1.7292000e+07
  -7.9600000e+05  -1.7296000e+07
  -7.9600000e+05  -1.7300000e+07
  -7.9600000e+05  -1.7308000e+07
  -7.9600000e+05  -1.7320000e+07
  -7.9600000e+05  -1.7336000e+07
  -7.9600000e+05  -1.7356000e+07
  -7.9600000e+05  -1.7380000e+07
  -7.9600000e+05  -1.7408000e+07
  -7.9600000e+05  -1.7440000e+07
  -7.9600000e+05  -1.7476000e+07
  -7.9600000e+05  -1.7516000e+07
309 
  -7.9600000e+05  -1.7516000e+07
  -7.5600000e+05  -1.7516000e+07
  -7.2000000e+05  -1.7516000e+07
  -6.8800000e+05  -1.7516000e+07
  -6.6000000e+05  -1.7516000e+07
  -6.3600000e+05  -1.7516000e+07
  -6.1600000e+05  -1.7516000e+07
  -6.0000000e+05  -1.7516000e+07
  -5.8800000e+05  -1.7516000e+07
  -5.8000000e+05  -1.7516000e+07
  -5.7600000e+05  -1.7516000e+07
  -5.7200000e+05  -1.7516000e+07
  -5.6800000e+05  -1.7516000e+07
  -5.6400000e+05  -1.7516000e+07
  -5.6000000e+05  -1.7516000e+07
  -5.5600000e+05  -1.7516000e+07
  -5.5200000e+05  -1.7516000e+07
  -5.4800000e+05  -1.7516000e+07
  -5.4400000e+05  -1.7516000e+07
  -5.4000000e+05  -1.7516000e+07
  -5.3600000e+05  -1.7516000e+07
  -5.3200000e+05  -1.7516000e+07
  -5.2800000e+05  -1.7516000e+07
  -5.2400000e+05  -1.7516000e+07
  -5.2000000e+05  -1.7516000e+07
  -5.1600000e+05  -1.7516000e+07
  -5.1200000e+05  -1.7516000e+07
  -5.0800000e+05  -1.7516000e+07
  -5.0400000e+05  -1.7516000e+07
  -5.0000000e+05  -1.7516000e+07
  -4.9600000e+05  -1.7516000e+07
  -4.9200000e+05  -1.7516000e+07
  -4.8800000e+05  -1.7516000e+07
  -4.8400000e+05  -1.7516000e+07
  -4.8000000e+05  -1.7516000e+07
  -4.7600000e+05  -1.7516000e+07
  -4.7200000e+05  -1.7516000e+07
  -4.6800000e+05  -1.7516000e+07
  -4.6400000e+05  -1.7516000e+07
  -4.6000000e+05  -1.7516000e+07
  -4.5600000e+05  -1.7516000e+07
  -4.5200000e+05  -1.7516000e+07
  -4.4800000e+05  -1.7516000e+07
  -4.4400000e+05  -1.7516000e+07
  -4.4000000e+05  -1.7516000e+07
  -4.3600000e+05  -1.7516000e+07
  -4.3200000e+05  -1.7516000e+07
  -4.2800000e+05  -1.7516000e+07
  -4.2400000e+05  -1.7516000e+07
  -4.2000000e+05  -1.7516000e+07
  -4.1600000e+05  -1.7516000e+07
  -4.1200000e+05  -1.7516000e+07
  -4.0800000e+05  -1.7516000e+07
  -4.0400000e+05  -1.7516000e+07
  -4.0000000e+05  -1.7516000e+07
  -3.9600000e+05  -1.7516000e+07
  -3.9200000e+05  -1.7516000e+07
  -3.8800000e+05  -1.7516000e+07
  -3.8400000e+05  -1.7516000e+07
  -3.8000000e+05  -1.7516000e+07
  -3.7600000e+05  -1.7516000e+07
  -3.7200000e+05  -1.7516000e+07
  -3.6800000e+05  -1.7516000e+07
  -3.6400000e+05  -1.7516000e+07
  -3.6000000e+05  -1.7516000e+07
  -3.5600000e+05  -1.7516000e+07
  -3.5200000e+05  -1.7516000e+07
  -3.4800000e+05  -1.7516000e+07
  -3.4400000e+05  -1.7516000e+07
  -3.4000000e+05  -1.7516000e+07
  -3.3600000e+05  -1.7516000e+07
  -3.3200000e+05  -1.7516000e+07
  -3.2800000e+05  -1.7516000e+07
  -3.2400000e+05  -1.7516000e+07
  -3.2000000e+05  -1.7516000e+07
  -3.1600000e+05  -1.7516000e+07
  -3.1200000e+05  -1.7516000e+07
  -3.0800000e+05  -1.7516000e+07
  -3.0400000e+05  -1.7516000e+07
  -3.0000000e+05  -1.7516000e+07
  -2.9600000e+05  -1.7516000e+07
  -2.9200000e+05  -1.7516000e+07
  -2.8800000e+05  -1.7516000e+07
  -2.8400000e+05  -1.7516000e+07
  -2.8000000e+05  -1.7516000e+07
  -2.7600000e+05  -1.7516000e+07
  -2.7200000e+05  -1.7516000e+07
  -2.6800000e+05  -1.7516000e+07
  -2.6400000e+05  -1.7516000e+07
  -2.6000000e+05  -1.7516000e+07
  -2.5600000e+05  -1.7516000e+07
  -2.5200000e+05  -1.7516000e+07
  -2.4800000e+05  -1.7516000e+07
  -2.4400000e+05  -1.7516000e+07
  -2.4000000e+05  -1.7516000e+07
  -2.3600000e+05  -1.7516000e+07
  -2.3200000e+05  -1.7516000e+07
  -2.2800000e+05  -1.7516000e+07
  -2.2400000e+05  -1.7516000e+07
  -2.2000000e+05  -1.7516000e+07
  -2.1600000e+05  -1.7516000e+07
  -2.1200000e+05  -1.7516000e+07
  -2.0800000e+05  -1.7516000e+07
  -2.0400000e+05  -1.7516000e+07
  -2.0000000e+05  -1.7516000e+07
  -1.9600000e+05  -1.7516000e+07
  -1.9200000e+05  -1.7516000e+07
  -1.8800000e+05  -1.7516000e+07
  -1.8400000e+05  -1.7516000e+07
  -1.8000000e+05  -1.7516000e+07
  -1.7600000e+05  -1.7516000e+07
  -1.7200000e+05  -1.7516000e+07
  -1.6800000e+05  -1.7516000e+07
  -1.6400000e+05  -1.7516000e+07
  -1.6000000e+05  -1.7516000e+07
  -1.5600000e+05  -1.7516000e+07
  -1.5200000e+05  -1.7516000e+07
  -1.4800000e+05  -1.7516000e+07
  -1.4400000e+05  -1.7516000e+07
  -1.4000000e+05  -1.7516000e+07
  -1.3600000e+05  -1.7516000e+07
  -1.3200000e+05  -1.7516000e+07
  -1.2800000e+05  -1.7516000e+07
  -1.2400000e+05  -1.7516000e+07
  -1.2000000e+05  -1.7516000e+07
  -1.1600000e+05  -1.7516000e+07
  -1.1200000e+05  -1.7516000e+07
  -1.0800000e+05  -1.7516000e+07
  -1.0400000e+05  -1.7516000e+07
  -1.0000000e+05  -1.7516000e+07
  -9.6000000e+04  -1.7516000e+07
  -9.2000000e+04  -1.7516000e+07
  -8.8000000e+04  -1.7516000e+07
  -8.4000000e+04  -1.7516000e+07
  -8.0000000e+04  -1.7516000e+07
  -7.6000000e+04  -1.7516000e+07
  -7.2000000e+04  -1.7516000e+07
  -6.8000000e+04  -1.7516000e+07
  -6.4000000e+04  -1.7516000e+07
  -6.0000000e+04  -1.7516000e+07
  -5.6000000e+04  -1.7516000e+07
  -5.2000000e+04  -1.7516000e+07
  -4.8000000e+04  -1.7516000e+07
  -4.4000000e+04  -1.7516000e+07
  -4.0000000e+04  -1.7516000e+07
  -3.6000000e+04  -1.7516000e+07
  -3.2000000e+04  -1.7516000e+07
  -2.8000000e+04  -1.7516000e+07
  -2.4000000e+04  -1.7516000e+07
  -2.0000000e+04  -1.7516000e+07
  -1.6000000e+04  -1.7516000e+07
  -1.2000000e+04  -1.7516000e+07
  -8.0000000e+03  -1.7516000e+07
  -4.0000000e+03  -1.7516000e+07
   0.0000000e+00  -1.7516000e+07
   4.0000000e+03  -1.7516000e+07
   8.0000000e+03  -1.7516000e+07
   1.2000000e+04  -1.7516000e+07
   1.6000000e+04  -1.7516000e+07
   2.0000000e+04  -1.7516000e+07
   2.4000000e+04  -1.7516000e+07
   2.8000000e+04  -1.7516000e+07
   3.2000000e+04  -1.7516000e+07
   3.6000000e+04  -1.7516000e+07
   4.0000000e+04  -1.7516000e+07
   4.4000000e+04  -1.7516000e+07
   4.8000000e+04  -1.7516000e+07
   5.2000000e+04  -1.7516000e+07
   5.6000000e+04  -1.7516000e+07
   6.0000000e+04  -1.7516000e+07
   6.4000000e+04  -1.7516000e+07
   6.8000000e+04  -1.7516000e+07
   7.2000000e+04  -1.7516000e+07
   7.6000000e+04  -1.7516000e+07
   8.0000000e+04  -1.7516000e+07
   8.4000000e+04  -1.7516000e+07
   8.8000000e+04  -1.7516000e+07
   9.2000000e+04  -1.7516000e+07
   9.6000000e+04  -1.7516000e+07
   1.0000000e+05  -1.7516000e+07
   1.0400000e+05  -1.7516000e+07
   1.0800000e+05  -1.7516000e+07
   1.1200000e+05  -1.7516000e+07
   1.1600000e+05  -1.7516000e+07
   1.2000000e+05  -1.7516000e+07
   1.2400000e+05  -1.7516000e+07
   1.2800000e+05  -1.7516000e+07
   1.3200000e+05  -1.7516000e+07
   1.3600000e+05  -1.7516000e+07
   1.4000000e+05  -1.7516000e+07
   1.4400000e+05  -1.7516000e+07
   1.4800000e+05  -1.7516000e+07
   1.5200000e+05  -1.7516000e+07
   1.5600000e+05  -1.7516000e+07
   1.6000000e+05  -1.7516000e+07
   1.6400000e+05  -1.7516000e+07
   1.6800000e+05  -1.7516000e+07
   1.7200000e+05  -1.7516000e+07
   1.7600000e+05  -1.7516000e+07
   1.8000000e+05  -1.7516000e+07
   1.8400000e+05  -1.7516000e+07
   1.8800000e+05  -1.7516000e+07
   1.9200000e+05  -1.7516000e+07
   1.9600000e+05  -1.7516000e+07
   2.0000000e+05  -1.7516000e+07
   2.0400000e+05  -1.7516000e+07
   2.0800000e+05  -1.7516000e+07
   2.1200000e+05  -1.7516000e+07
   2.1600000e+05  -1.7516000e+07
   2.2000000e+05  -1.7516000e+07
   2.2400000e+05  -1.7516000e+07
   2.2800000e+05  -1.7516000e+07
   2.3200000e+05  -1.7516000e+07
   2.3600000e+05  -1.7516000e+07
   2.4000000e+05  -1.7516000e+07
   2.4400000e+05  -1.7516000e+07
   2.4800000e+05  -1.7516000e+07
   2.5200000e+05  -1.7516000e+07
   2.5600000e+05  -1.7516000e+07
   2.6000000e+05  -1.7516000e+07
   2.6400000e+05  -1.7516000e+07
   2.6800000e+05  -1.7516000e+07
   2.7200000e+05  -1.7516000e+07
   2.7600000e+05  -1.7516000e+07
   2.8000000e+05  -1.7516000e+07
   2.8400000e+05  -1.7516000e+07
   2.8800000e+05  -1.7516000e+07
   2.9200000e+05  -1.7516000e+07
   2.9600000e+05  -1.7516000e+07
   3.0000000e+05  -1.7516000e+07
   3.0400000e+05  -1.7516000e+07
   3.0800000e+05  -1.7516000e+07
   3.1200000e+05  -1.7516000e+07
   3.1600000e+05  -1.7516000e+07
   3.2000000e+05  -1.7516000e+07
   3.2400000e+05  -1.7516000e+07
   3.2800000e+05  -1.7516000e+07
   3.3200000e+05  -1.7516000e+07
   3.3600000e+05  -1.7516000e+07
   3.4000000e+05  -1.7516000e+07
   3.4400000e+05  -1.7516000e+07
   3.4800000e+05  -1.7516000e+07
   3.5200000e+05  -1.7516000e+07
   3.5600000e+05  -1.7516000e+07
   3.6000000e+05  -1.7516000e+07
   3.6400000e+05  -1.7516000e+07
   3.6800000e+05  -1.7516000e+07
   3.7200000e+05  -1.7516000e+07
   3.7600000e+05  -1.7516000e+07
   3.8000000e+05  -1.7516000e+07
   3.8400000e+05  -1.7516000e+07
   3.8800000e+05  -1.7516000e+07
   3.9200000e+05  -1.7516000e+07
   3.9600000e+05  -1.7516000e+07
   4.0000000e+05  -1.7516000e+07
   4.0400000e+05  -1.7516000e+07
   4.0800000e+05  -1.7516000e+07
   4.1200000e+05  -1.7516000e+07
   4.1600000e+05  -1.7516000e+07
   4.2000000e+05  -1.7516000e+07
   4.2400000e+05  -1.7516000e+07
   4.2800000e+05  -1.7516000e+07
   4.3200000e+05  -1.7516000e+07
   4.3600000e+05  -1.7516000e+07
   4.4000000e+05  -1.7516000e+07
   4.4400000e+05  -1.7516000e+07
   4.4800000e+05  -1.7516000e+07
   4.5200000e+05  -1.7516000e+07
   4.5600000e+05  -1.7516000e+07
   4.6000000e+05  -1.7516000e+07
   4.6400000e+05  -1.7516000e+07
   4.6800000e+05  -1.7516000e+07
   4.7200000e+05  -1.7516000e+07
   4.7600000e+05  -1.7516000e+07
   4.8000000e+05  -1.7516000e+07
   4.8400000e+05  -1.7516000e+07
   4.8800000e+05  -1.7516000e+07
   4.9200000e+05  -1.7516000e+07
   4.9600000e+05  -1.7516000e+07
   5.0000000e+05  -1.7516000e+07
   5.0400000e+05  -1.7516000e+07
   5.0800000e+05  -1.7516000e+07
   5.1200000e+05  -1.7516000e+07
   5.1600000e+05  -1.7516000e+07
   5.2000000e+05  -1.7516000e+07
   5.2400000e+05  -1.7516000e+07
   5.2800000e+05  -1.7516000e+07
   5.3200000e+05  -1.7516000e+07
   5.3600000e+05  -1.7516000e+07
   5.4000000e+05  -1.7516000e+07
   5.4400000e+05  -1.7516000e+07
   5.4800000e+05  -1.7516000e+07
   5.5200000e+05  -1.7516000e+07
   5.5600000e+05  -1.7516000e+07
   5.6000000e+05  -1.7516000e+07
   5.6400000e+05  -1.7516000e+07
   5.6800000e+05  -1.7516000e+07
   5.7200000e+05  -1.7516000e+07
   5.7600000e+05  -1.7516000e+07
   5.8000000e+05  -1.7516000e+07
   5.8800000e+05  -1.7516000e+07
   6.0000000e+05  -1.7516000e+07
   6.1600000e+05  -1.7516000e+07
   6.3600000e+05  -1.7516000e+07
   6.6000000e+05  -1.7516000e+07
   6.8800000e+05  -1.7516000e+07
   7.2000000e+05  -1.7516000e+07
   7.5600000e+05  -1.7516000e+07
   7.9600000e+05  -1.7516000e+07
158 
   7.9600000e+05  -1.7516000e+07
   7.9600000e+05  -1.7476000e+07
   7.9600000e+05  -1.7440000e+07
   7.9600000e+05  -1.7408000e+07
   7.9600000e+05  -1.7380000e+07
   7.9600000e+05  -1.7356000e+07
   7.9600000e+05  -1.7336000e+07
   7.9600000e+05  -1.7320000e+07
   7.9600000e+05  -1.7308000e+07
   7.9600000e+05  -1.7300000e+07
   7.9600000e+05  -1.7296000e+07
   7.9600000e+05  -1.7292000e+07
   7.9600000e+05  -1.7288000e+07
   7.9600000e+05  -1.7284000e+07
   7.9600000e+05  -1.7280000e+07
   7.9600000e+05  -1.7276000e+07
   7.9600000e+05  -1.7272000e+07
   7.9600000e+05  -1.7268000e+07
   7.9600000e+05  -1.7264000e+07
   7.9600000e+05  -1.7260000e+07
   7.9600000e+05  -1.7256000e+07
   7.9600000e+05  -1.7252000e+07
   7.9600000e+05  -1.7248000e+07
   7.9600000e+05  -1.7244000e+07
   7.9600000e+05  -1.7240000e+07
   7.9600000e+05  -1.7236000e+07
   7.9600000e+05  -1.7232000e+07
   7.9600000e+05  -1.7228000e+07
   7.9600000e+05  -1.7224000e+07
   7.9600000e+05  -1.7220000e+07
   7.9600000e+05  -1.7216000e+07
   7.9600000e+05  -1.7212000e+07
   7.9600000e+05  -1.7208000e+07
   7.9600000e+05  -1.7204000e+07
   7.9600000e+05  -1.7200000e+07
   7.9600000e+05  -1.7196000e+07
   7.9600000e+05  -1.7192000e+07
   7.9600000e+05  -1.7188000e+07
   7.9600000e+05  -1.7184000e+07
   7.9600000e+05  -1.7180000e+07
   7.9600000e+05  -1.7176000e+07
   7.9600000e+05  -1.7172000e+07
   7.9600000e+05  -1.7168000e+07
   7.9600000e+05  -1.7164000e+07
   7.9600000e+05  -1.7160000e+07
   7.9600000e+05  -1.7156000e+07
   7.9600000e+05  -1.7152000e+07
   7.9600000e+05  -1.7148000e+07
   7.9600000e+05  -1.7144000e+07
   7.9600000e+05  -1.7140000e+07
   7.9600000e+05  -1.7136000e+07
   7.9600000e+05  -1.7132000e+07
   7.9600000e+05  -1.7128000e+07
   7.9600000e+05  -1.7124000e+07
   7.9600000e+05  -1.7120000e+07
   7.9600000e+05  -1.7116000e+07
   7.9600000e+05  -1.7112000e+07
   7.9600000e+05  -1.7108000e+07
   7.9600000e+05  -1.7104000e+07
   7.9600000e+05  -1.7100000e+07
   7.9600000e+05  -1.7096000e+07
   7.9600000e+05  -1.7092000e+07
   7.9600000e+05  -1.7088000e+07
   7.9600000e+05  -1.7084000e+07
   7.9600000e+05  -1.7080000e+07
   7.9600000e+05  -1.7076000e+07
   7.9600000e+05  -1.7072000e+07
   7.9600000e+05  -1.7068000e+07
   7.9600000e+05  -1.7064000e+07
   7.9600000e+05  -1.7060000e+07
   7.9600000e+05  -1.7056000e+07
   7.9600000e+05  -1.7052000e+07
   7.9600000e+05  -1.7048000e+07
   7.9600000e+05  -1.7044000e+07
   7.9600000e+05  -1.7040000e+07
   7.9600000e+05  -1.7036000e+07
   7.9600000e+05  -1.7032000e+07
   7.9600000e+05  -1.7028000e+07
   7.9600000e+05  -1.7024000e+07
   7.9600000e+05  -1.7020000e+07
   7.9600000e+05  -1.7016000e+07
   7.9600000e+05  -1.7012000e+07
   7.9600000e+05  -1.7008000e+07
   7.9600000e+05  -1.7004000e+07
   7.9600000e+05  -1.7000000e+07
   7.9600000e+05  -1.6996000e+07
   7.9600000e+05  -1.6992000e+07
   7.9600000e+05  -1.6988000e+07
   7.9600000e+05  -1.6984000e+07
   7.9600000e+05  -1.6980000e+07
   7.9600000e+05  -1.6976000e+07
   7.9600000e+05  -1.6972000e+07
   7.9600000e+05  -1.6968000e+07
   7.9600000e+05  -1.6964000e+07
   7.9600000e+05  -1.6960000e+07
   7.9600000e+05  -1.6956000e+07
   7.9600000e+05  -1.6952000e+07
   7.9600000e+05  -1.6948000e+07
   7.9600000e+05  -1.6944000e+07
   7.9600000e+05  -1.6940000e+07
   7.9600000e+05  -1.6936000e+07
   7.9600000e+05  -1.6932000e+07
   7.9600000e+05  -1.6928000e+07
   7.9600000e+05  -1.6924000e+07
   7.9600000e+05  -1.6920000e+07
   7.9600000e+05  -1.6916000e+07
   7.9600000e+05  -1.6912000e+07
   7.9600000e+05  -1.6908000e+07
   7.9600000e+05  -1.6904000e+07
   7.9600000e+05  -1.6900000e+07
   7.9600000e+05  -1.6896000e+07
   7.9600000e+05  -1.6892000e+07
   7.9600000e+05  -1.6888000e+07
   7.9600000e+05  -1.6884000e+07
   7.9600000e+05  -1.6880000e+07
   7.9600000e+05  -1.6876000e+07
   7.9600000e+05  -1.6872000e+07
   7.9600000e+05  -1.6868000e+07
   7.9600000e+05  -1.6864000e+07
   7.9600000e+05  -1.6860000e+07
   7.9600000e+05  -1.6856000e+07
   7.9600000e+05  -1.6852000e+07
   7.9600000e+05  -1.6848000e+07
   7.9600000e+05  -1.6844000e+07
   7.9600000e+05  -1.6840000e+07
   7.9600000e+05  -1.6836000e+07
   7.9600000e+05  -1.6832000e+07
   7.9600000e+05  -1.6828000e+07
   7.9600000e+05  -1.6824000e+07
   7.9600000e+05  -1.6820000e+07
   7.9600000e+05  -1.6816000e+07
   7.9600000e+05  -1.6812000e+07
   7.9600000e+05  -1.6808000e+07
   7.9600000e+05  -1.6804000e+07
   7.9600000e+05  -1.6800000e+07
   7.9600000e+05  -1.6796000e+07
   7.9600000e+05  -1.6792000e+07
   7.9600000e+05  -1.6788000e+07
   7.9600000e+05  -1.6784000e+07
   7.9600000e+05  -1.6780000e+07
   7.9600000e+05  -1.6776000e+07
   7.9600000e+05  -1.6772000e+07
   7.9600000e+05  -1.6768000e+07
   7.9600000e+05  -1.6764000e+07
   7.9600000e+05  -1.6760000e+07
   7.9600000e+05  -1.6756000e+07
   7.9600000e+05  -1.6752000e+07
   7.9600000e+05  -1.6748000e+07
   7.9600000e+05  -1.6744000e+07
   7.9600000e+05  -1.6736000e+07
   7.9600000e+05  -1.6724000e+07
   7.9600000e+05  -1.6708000e+07
   7.9600000e+05  -1.6688000e+07
   7.9600000e+05  -1.6664000e+07
   7.9600000e+05  -1.6636000e+07
   7.9600000e+05  -1.6604000e+07
   7.9600000e+05  -1.6568000e+07
   7.9600000e+05  -1.6528000e+07
309 
   7.9600000e+05  -1.6528000e+07
   7.5600000e+05  -1.6528000e+07
   7.2000000e+05  -1.6528000e+07
   6.8800000e+05  -1.6528000e+07
   6.6000000e+05  -1.6528000e+07
   6.3600000e+05  -1.6528000e+07
   6.1600000e+05  -1.6528000e+07
   6.0000000e+05  -1.6528000e+07
   5.8800000e+05  -1.6528000e+07
   5.8000000e+05  -1.6528000e+07
   5.7600000e+05  -1.6528000e+07
   5.7200000e+05  -1.6528000e+07
   5.6800000e+05  -1.6528000e+07
   5.6400000e+05  -1.6528000e+07
   5.6000000e+05  -1.6528000e+07
   5.5600000e+05  -1.6528000e+07
   5.5200000e+05  -1.6528000e+07
   5.4800000e+05  -1.6528000e+07
   5.4400000e+05  -1.6528000e+07
   5.4000000e+05  -1.6528000e+07
   5.3600000e+05  -1.6528000e+07
   5.3200000e+05  -1.6528000e+07
   5.2800000e+05  -1.6528000e+07
   5.2400000e+05  -1.6528000e+07
   5.2000000e+05  -1.6528000e+07
   5.1600000e+05  -1.6528000e+07
   5.1200000e+05  -1.6528000e+07
   5.0800000e+05  -1.6528000e+07
   5.0400000e+05  -1.6528000e+07
   5.0000000e+05  -1.6528000e+07
   4.9600000e+05  -1.6528000e+07
   4.9200000e+05  -1.6528000e+07
   4.8800000e+05  -1.6528000e+07
   4.8400000e+05  -1.6528000e+07
   4.8000000e+05  -1.6528000e+07
   4.7600000e+05  -1.6528000e+07
   4.7200000e+05  -1.6528000e+07
   4.6800000e+05  -1.6528000e+07
   4.6400000e+05  -1.6528000e+07
   4.6000000e+05  -1.6528000e+07
   4.5600000e+05  -1.6528000e+07
   4.5200000e+05  -1.6528000e+07
   4.4800000e+05  -1.6528000e+07
   4.4400000e+05  -1.6528000e+07
   4.4000000e+05  -1.6528000e+07
   4.3600000e+05  -1.6528000e+07
   4.3200000e+05  -1.6528000e+07
   4.2800000e+05  -1.6528000e+07
   4.2400000e+05  -1.6528000e+07
   4.2000000e+05  -1.6528000e+07
   4.1600000e+05  -1.6528000e+07
   4.1200000e+05  -1.6528000e+07
   4.0800000e+05  -1.6528000e+07
   4.0400000e+05  -1.6528000e+07
   4.0000000e+05  -1.6528000e+07
   3.9600000e+05  -1.6528000e+07
   3.9200000e+05  -1.6528000e+07
   3.8800000e+05  -1.6528000e+07
   3.8400000e+05  -1.6528000e+07
   3.8000000e+05  -1.6528000e+07
   3.7600000e+05  -1.6528000e+07
   3.7200000e+05  -1.6528000e+07
   3.6800000e+05  -1.6528000e+07
   3.6400000e+05  -1.6528000e+07
   3.6000000e+05  -1.6528000e+07
   3.5600000e+05  -1.6528000e+07
   3.5200000e+05  -1.6528000e+07
   3.4800000e+05  -1.6528000e+07
   3.4400000e+05  -1.6528000e+07
   3.4000000e+05  -1.6528000e+07
   3.3600000e+05  -1.6528000e+07
   3.3200000e+05  -1.6528000e+07
   3.2800000e+05  -1.6528000e+07
   3.2400000e+05  -1.6528000e+07
   3.2000000e+05  -1.6528000e+07
   3.1600000e+05  -1.6528000e+07
   3.1200000e+05  -1.6528000e+07
   3.0800000e+05  -1.6528000e+07
   3.0400000e+05  -1.6528000e+07
   3.0000000e+05  -1.6528000e+07
   2.9600000e+05  -1.6528000e+07
   2.9200000e+05  -1.6528000e+07
   2.8800000e+05  -1.6528000e+07
   2.8400000e+05  -1.6528000e+07
   2.8000000e+05  -1.6528000e+07
   2.7600000e+05  -1.6528000e+07
   2.7200000e+05  -1.6528000e+07
   2.6800000e+05  -1.6528000e+07
   2.6400000e+05  -1.6528000e+07
   2.6000000e+05  -1.6528000e+07
   2.5600000e+05  -1.6528000e+07
   2.5200000e+05  -1.6528000e+07
   2.4800000e+05  -1.6528000e+07
   2.4400000e+05  -1.6528000e+07
   2.4000000e+05  -1.6528000e+07
   2.3600000e+05  -1.6528000e+07
   2.3200000e+05  -1.6528000e+07
   2.2800000e+05  -1.6528000e+07
   2.2400000e+05  -1.6528000e+07
   2.2000000e+05  -1.6528000e+07
   2.1600000e+05  -1.6528000e+07
   2.1200000e+05  -1.6528000e+07
   2.0800000e+05  -1.6528000e+07
   2.0400000e+05  -1.6528000e+07
   2.0000000e+05  -1.6528000e+07
   1.9600000e+05  -1.6528000e+07
   1.9200000e+05  -1.6528000e+07
   1.8800000e+05  -1.6528000e+07
   1.8400000e+05  -1.6528000e+07
   1.8000000e+05  -1.6528000e+07
   1.7600000e+05  -1.6528000e+07
   1.7200000e+05  -1.6528000e+07
   1.6800000e+05  -1.6528000e+07
   1.6400000e+05  -1.6528000e+07
   1.6000000e+05  -1.6528000e+07
   1.5600000e+05  -1.6528000e+07
   1.5200000e+05  -1.6528000e+07
   1.4800000e+05  -1.6528000e+07
   1.4400000e+05  -1.6528000e+07
   1.4000000e+05  -1.6528000e+07
   1.3600000e+05  -1.6528000e+07
   1.3200000e+05  -1.6528000e+07
   1.2800000e+05  -1.6528000e+07
   1.2400000e+05  -1.6528000e+07
   1.2000000e+05  -1.6528000e+07
   1.1600000e+05  -1.6528000e+07
   1.1200000e+05  -1.6528000e+07
   1.0800000e+05  -1.6528000e+07
   1.0400000e+05  -1.6528000e+07
   1.0000000e+05  -1.6528000e+07
   9.6000000e+04  -1.6528000e+07
   9.2000000e+04  -1.6528000e+07
   8.8000000e+04  -1.6528000e+07
   8.4000000e+04  -1.6528000e+07
   8.0000000e+04  -1.6528000e+07
   7.6000000e+04  -1.6528000e+07
   7.2000000e+04  -1.6528000e+07
   6.8000000e+04  -1.6528000e+07
   6.4000000e+04  -1.6528000e+07
   6.0000000e+04  -1.6528000e+07
   5.6000000e+04  -1.6528000e+07
   5.2000000e+04  -1.6528000e+07
   4.8000000e+04  -1.6528000e+07
   4.4000000e+04  -1.6528000e+07
   4.0000000e+04  -1.6528000e+07
   3.6000000e+04  -1.6528000e+07
   3.2000000e+04  -1.6528000e+07
   2.8000000e+04  -1.6528000e+07
   2.4000000e+04  -1.6528000e+07
   2.0000000e+04  -1.6528000e+07
   1.6000000e+04  -1.6528000e+07
   1.2000000e+04  -1.6528000e+07
   8.0000000e+03  -1.6528000e+07
   4.0000000e+03  -1.6528000e+07
   0.0000000e+00  -1.6528000e+07
  -4.0000000e+03  -1.6528000e+07
  -8.0000000e+03  -1.6528000e+07
  -1.2000000e+04  -1.6528000e+07
  -1.6000000e+04  -1.6528000e+07
  -2.0000000e+04  -1.6528000e+07
  -2.4000000e+04  -1.6528000e+07
  -2.8000000e+04  -1.6528000e+07
  -3.2000000e+04  -1.6528000e+07
  -3.6000000e+04  -1.6528000e+07
  -4.0000000e+04  -1.6528000e+07
  -4.4000000e+04  -1.6528000e+07
  -4.8000000e+04  -1.6528000e+07
  -5.2000000e+04  -1.6528000e+07
  -5.6000000e+04  -1.6528000e+07
  -6.0000000e+04  -1.6528000e+07
  -6.4000000e+04  -1.6528000e+07
  -6.8000000e+04  -1.6528000e+07
  -7.2000000e+04  -1.6528000e+07
  -7.6000000e+04  -1.6528000e+07
  -8.0000000e+04  -1.6528000e+07
  -8.4000000e+04  -1.6528000e+07
  -8.8000000e+04  -1.6528000e+07
  -9.2000000e+04  -1.6528000e+07
  -9.6000000e+04  -1.6528000e+07
  -1.0000000e+05  -1.6528000e+07
  -1.0400000e+05  -1.6528000e+07
  -1.0800000e+05  -1.6528000e+07
  -1.1200000e+05  -1.6528000e+07
  -1.1600000e+05  -1.6528000e+07
  -1.2000000e+05  -1.6528000e+07
  -1.2400000e+05  -1.6528000e+07
  -1.2800000e+05  -1.6528000e+07
  -1.3200000e+05  -1.6528000e+07
  -1.3600000e+05  -1.6528000e+07
  -1.4000000e+05  -1.6528000e+07
  -1.4400000e+05  -1.6528000e+07
  -1.4800000e+05  -1.6528000e+07
  -1.5200000e+05  -1.6528000e+07
  -1.5600000e+05  -1.6528000e+07
  -1.6000000e+05  -1.6528000e+07
  -1.6400000e+05  -1.6528000e+07
  -1.6800000e+05  -1.6528000e+07
  -1.7200000e+05  -1.6528000e+07
  -1.7600000e+05  -1.6528000e+07
  -1.8000000e+05  -1.6528000e+07
  -1.8400000e+05  -1.6528000e+07
  -1.8800000e+05  -1.6528000e+07
  -1.9200000e+05  -1.6528000e+07
  -1.9600000e+05  -1.6528000e+07
  -2.0000000e+05  -1.6528000e+07
  -2.0400000e+05  -1.6528000e+07
  -2.0800000e+05  -1.6528000e+07
  -2.1200000e+05  -1.6528000e+07
  -2.1600000e+05  -1.6528000e+07
  -2.2000000e+05  -1.6528000e+07
  -2.2400000e+05  -1.6528000e+07
  -2.2800000e+05  -1.6528000e+07
  -2.3200000e+05  -1.6528000e+07
  -2.3600000e+05  -1.6528000e+07
  -2.4000000e+05  -1.6528000e+07
  -2.4400000e+05  -1.6528000e+07
  -2.4800000e+05  -1.6528000e+07
  -2.5200000e+05  -1.6528000e+07
  -2.5600000e+05  -1.6528000e+07
  -2.6000000e+05  -1.6528000e+07
  -2.6400000e+05  -1.6528000e+07
  -2.6800000e+05  -1.6528000e+07
  -2.7200000e+05  -1.6528000e+07
  -2.7600000e+05  -1.6528000e+07
  -2.8000000e+05  -1.6528000e+07
  -2.8400000e+05  -1.6528000e+07
  -2.8800000e+05  -1.6528000e+07
  -2.9200000e+05  -1.6528000e+07
  -2.9600000e+05  -1.6528000e+07
  -3.0000000e+05  -1.6528000e+07
  -3.0400000e+05  -1.6528000e+07
  -3.0800000e+05  -1.6528000e+07
  -3.1200000e+05  -1.6528000e+07
  -3.1600000e+05  -1.6528000e+07
  -3.2000000e+05  -1.6528000e+07
  -3.2400000e+05  -1.6528000e+07
  -3.2800000e+05  -1.6528000e+07
  -3.3200000e+05  -1.6528000e+07
  -3.3600000e+05  -1.6528000e+07
  -3.4000000e+05  -1.6528000e+07
  -3.4400000e+05  -1.6528000e+07
  -3.4800000e+05  -1.6528000e+07
  -3.5200000e+05  -1.6528000e+07
  -3.5600000e+05  -1.6528000e+07
  -3.6000000e+05  -1.6528000e+07
  -3.6400000e+05  -1.6528000e+07
  -3.6800000e+05  -1.6528000e+07
  -3.7200000e+05  -1.6528000e+07
  -3.7600000e+05  -1.6528000e+07
  -3.8000000e+05  -1.6528000e+07
  -3.8400000e+05  -1.6528000e+07
  -3.8800000e+05  -1.6528000e+07
  -3.9200000e+05  -1.6528000e+07
  -3.9600000e+05  -1.6528000e+07
  -4.0000000e+05  -1.6528000e+07
  -4.0400000e+05  -1.6528000e+07
  -4.0800000e+05  -1.6528000e+07
  -4.1200000e+05  -1.6528000e+07
  -4.1600000e+05  -1.6528000e+07
  -4.2000000e+05  -1.6528000e+07
  -4.2400000e+05  -1.6528000e+07
  -4.2800000e+05  -1.6528000e+07
  -4.3200000e+05  -1.6528000e+07
  -4.3600000e+05  -1.6528000e+07
  -4.4000000e+05  -1.6528000e+07
  -4.4400000e+05  -1.6528000e+07
  -4.4800000e+05  -1.6528000e+07
  -4.5200000e+05  -1.6528000e+07
  -4.5600000e+05  -1.6528000e+07
  -4.6000000e+05  -1.6528000e+07
  -4.6400000e+05  -1.6528000e+07
  -4.6800000e+05  -1.6528000e+07
  -4.7200000e+05  -1.6528000e+07
  -4.7600000e+05  -1.6528000e+07
  -4.8000000e+05  -1.6528000e+07
  -4.8400000e+05  -1.6528000e+07
  -4.8800000e+05  -1.6528000e+07
  -4.9200000e+05  -1.6528000e+07
  -4.9600000e+05  -1.6528000e+07
  -5.0000000e+05  -1.6528000e+07
  -5.0400000e+05  -1.6528000e+07
  -5.0800000e+05  -1.6528000e+07
  -5.1200000e+05  -1.6528000e+07
  -5.1600000e+05  -1.6528000e+07
  -5.2000000e+05  -1.6528000e+07
  -5.2400000e+05  -1.6528000e+07
  -5.2800000e+05  -1.6528000e+07
  -5.3200000e+05  -1.6528000e+07
  -5.3600000e+05  -1.6528000e+07
  -5.4000000e+05  -1.6528000e+07
  -5.4400000e+05  -1.6528000e+07
  -5.4800000e+05  -1.6528000e+07
  -5.5200000e+05  -1.6528000e+07
  -5.5600000e+05  -1.6528000e+07
  -5.6000000e+05  -1.6528000e+07
  -5.6400000e+05  -1.6528000e+07
  -5.6800000e+05  -1.6528000e+07
  -5.7200000e+05  -1.6528000e+07
  -5.7600000e+05  -1.6528000e+07
  -5.8000000e+05  -1.6528000e+07
  -5.8800000e+05  -1.6528000e+07
  -6.0000000e+05  -1.6528000e+07
  -6.1600000e+05  -1.6528000e+07
  -6.3600000e+05  -1.6528000e+07
  -6.6000000e+05  -1.6528000e+07
  -6.8800000e+05  -1.6528000e+07
  -7.2000000e+05  -1.6528000e+07
  -7.5600000e+05  -1.6528000e+07
  -7.9600000e+05  -1.6528000e+07
