   5.1962325e+05  -2.3351772e+06
   5.1960888e+05  -2.3331772e+06
   5.1959450e+05  -2.3311773e+06
   5.1958012e+05  -2.3291773e+06
   5.1956575e+05  -2.3271774e+06
   5.1955137e+05  -2.3251774e+06
   5.1953699e+05  -2.3231775e+06
   5.1952262e+05  -2.3211775e+06
   5.1950824e+05  -2.3191776e+06
   5.1949386e+05  -2.3171776e+06
   5.1947949e+05  -2.3151777e+06
   5.1946511e+05  -2.3131777e+06
   5.1945073e+05  -2.3111778e+06
   5.1943636e+05  -2.3091779e+06
   5.1942198e+05  -2.3071779e+06
   5.1940760e+05  -2.3051780e+06
   5.1939323e+05  -2.3031780e+06
   5.1937885e+05  -2.3011781e+06
   5.1936448e+05  -2.2991781e+06
   5.1935010e+05  -2.2971782e+06
   5.1933572e+05  -2.2951782e+06
   5.1932135e+05  -2.2931783e+06
   5.1930697e+05  -2.2911783e+06
   5.1929259e+05  -2.2891784e+06
   5.1927822e+05  -2.2871784e+06
   5.1926384e+05  -2.2851785e+06
   5.1924946e+05  -2.2831785e+06
   5.1923509e+05  -2.2811786e+06
   5.1922071e+05  -2.2791786e+06
   5.1920633e+05  -2.2771787e+06
   5.1919196e+05  -2.2751787e+06
   5.1917758e+05  -2.2731788e+06
   5.1916321e+05  -2.2711788e+06
   5.1914883e+05  -2.2691789e+06
   5.1913445e+05  -2.2671789e+06
   5.1912008e+05  -2.2651790e+06
   5.1910570e+05  -2.2631790e+06
   5.1909132e+05  -2.2611791e+06
   5.1907695e+05  -2.2591791e+06
   5.1906257e+05  -2.2571792e+06
   5.1904819e+05  -2.2551792e+06
   5.1903382e+05  -2.2531793e+06
   5.1901944e+05  -2.2511794e+06
   5.1900506e+05  -2.2491794e+06
   5.1899069e+05  -2.2471795e+06
   5.1897631e+05  -2.2451795e+06
   5.1896193e+05  -2.2431796e+06
   5.1894756e+05  -2.2411796e+06
   5.1893318e+05  -2.2391797e+06
   5.1891881e+05  -2.2371797e+06
   5.1890443e+05  -2.2351798e+06
   5.1889005e+05  -2.2331798e+06
   5.1887568e+05  -2.2311799e+06
   5.1886130e+05  -2.2291799e+06
   5.1884692e+05  -2.2271800e+06
   5.1883255e+05  -2.2251800e+06
   5.1881817e+05  -2.2231801e+06
   5.1880379e+05  -2.2211801e+06
   5.1878942e+05  -2.2191802e+06
   5.1877504e+05  -2.2171802e+06
   5.1876066e+05  -2.2151803e+06
   5.1874629e+05  -2.2131803e+06
   5.1873191e+05  -2.2111804e+06
   5.1871753e+05  -2.2091804e+06
   5.1870316e+05  -2.2071805e+06
   5.1868878e+05  -2.2051805e+06
   5.1867441e+05  -2.2031806e+06
   5.1866003e+05  -2.2011806e+06
   5.1864565e+05  -2.1991807e+06
   5.1863128e+05  -2.1971807e+06
   5.1861690e+05  -2.1951808e+06
   5.1860252e+05  -2.1931808e+06
   5.1858815e+05  -2.1911809e+06
   5.1857377e+05  -2.1891810e+06
   5.1855939e+05  -2.1871810e+06
   5.1854502e+05  -2.1851811e+06
   5.1853064e+05  -2.1831811e+06
   5.1851626e+05  -2.1811812e+06
   5.1850189e+05  -2.1791812e+06
   5.1848751e+05  -2.1771813e+06
   5.1847313e+05  -2.1751813e+06
   5.1845876e+05  -2.1731814e+06
   5.1844438e+05  -2.1711814e+06
   5.1843001e+05  -2.1691815e+06
   5.1841563e+05  -2.1671815e+06
   5.1840125e+05  -2.1651816e+06
   5.1838688e+05  -2.1631816e+06
   5.1837250e+05  -2.1611817e+06
   5.1835812e+05  -2.1591817e+06
   5.1834375e+05  -2.1571818e+06
   5.1832937e+05  -2.1551818e+06
   5.1831499e+05  -2.1531819e+06
   5.1830062e+05  -2.1511819e+06
   5.1828624e+05  -2.1491820e+06
   5.1827186e+05  -2.1471820e+06
   5.1825749e+05  -2.1451821e+06
   5.1824311e+05  -2.1431821e+06
   5.1822873e+05  -2.1411822e+06
   5.1821436e+05  -2.1391822e+06
   5.1819998e+05  -2.1371823e+06
   5.1818561e+05  -2.1351823e+06
   5.1817123e+05  -2.1331824e+06
   5.1815685e+05  -2.1311825e+06
   5.1814248e+05  -2.1291825e+06
   5.1812810e+05  -2.1271826e+06
   5.1811372e+05  -2.1251826e+06
   5.1809935e+05  -2.1231827e+06
   5.1808497e+05  -2.1211827e+06
   5.1807059e+05  -2.1191828e+06
   5.1805622e+05  -2.1171828e+06
   5.1804184e+05  -2.1151829e+06
   5.1802746e+05  -2.1131829e+06
   5.1801309e+05  -2.1111830e+06
   5.1799871e+05  -2.1091830e+06
   5.1798433e+05  -2.1071831e+06
   5.1796996e+05  -2.1051831e+06
   5.1795558e+05  -2.1031832e+06
   5.1794121e+05  -2.1011832e+06
   5.1792683e+05  -2.0991833e+06
   5.1791245e+05  -2.0971833e+06
   5.1789808e+05  -2.0951834e+06
   5.1788370e+05  -2.0931834e+06
   5.1786932e+05  -2.0911835e+06
   5.1785495e+05  -2.0891835e+06
   5.1784057e+05  -2.0871836e+06
   5.1782619e+05  -2.0851836e+06
   5.1781182e+05  -2.0831837e+06
   5.1779744e+05  -2.0811837e+06
   5.1778306e+05  -2.0791838e+06
   5.1776869e+05  -2.0771838e+06
   5.1775431e+05  -2.0751839e+06
   5.1773994e+05  -2.0731839e+06
   5.1772556e+05  -2.0711840e+06
   5.1771118e+05  -2.0691841e+06
   5.1769681e+05  -2.0671841e+06
   5.1768243e+05  -2.0651842e+06
   5.1766805e+05  -2.0631842e+06
   5.1765368e+05  -2.0611843e+06
   5.1763930e+05  -2.0591843e+06
   5.1762492e+05  -2.0571844e+06
   5.1761055e+05  -2.0551844e+06
   5.1759617e+05  -2.0531845e+06
   5.1758179e+05  -2.0511845e+06
   5.1756742e+05  -2.0491846e+06
   5.1755304e+05  -2.0471846e+06
   5.1753866e+05  -2.0451847e+06
   5.1752429e+05  -2.0431847e+06
   5.1750991e+05  -2.0411848e+06
   5.1749554e+05  -2.0391848e+06
   5.1748116e+05  -2.0371849e+06
   5.1746678e+05  -2.0351849e+06
   5.1745241e+05  -2.0331850e+06
   5.1743803e+05  -2.0311850e+06
   5.1742365e+05  -2.0291851e+06
   5.1740928e+05  -2.0271851e+06
   5.1739490e+05  -2.0251852e+06
   5.1738052e+05  -2.0231852e+06
   5.1736615e+05  -2.0211853e+06
   5.1735177e+05  -2.0191853e+06
   5.1733739e+05  -2.0171854e+06
   5.1732302e+05  -2.0151854e+06
   5.1730864e+05  -2.0131855e+06
   5.1729426e+05  -2.0111856e+06
   5.1727989e+05  -2.0091856e+06
   5.1726551e+05  -2.0071857e+06
   5.1725114e+05  -2.0051857e+06
   5.1723676e+05  -2.0031858e+06
   5.1722238e+05  -2.0011858e+06
   5.1720801e+05  -1.9991859e+06
   5.1719363e+05  -1.9971859e+06
   5.1717925e+05  -1.9951860e+06
   5.1716488e+05  -1.9931860e+06
   5.1715050e+05  -1.9911861e+06
   5.1713612e+05  -1.9891861e+06
   5.1712175e+05  -1.9871862e+06
   5.1710737e+05  -1.9851862e+06
   5.1709299e+05  -1.9831863e+06
   5.1707862e+05  -1.9811863e+06
   5.1706424e+05  -1.9791864e+06
   5.1704986e+05  -1.9771864e+06
   5.1703549e+05  -1.9751865e+06
   5.1702111e+05  -1.9731865e+06
   5.1700674e+05  -1.9711866e+06
   5.1699236e+05  -1.9691866e+06
   5.1697798e+05  -1.9671867e+06
   5.1696361e+05  -1.9651867e+06
   5.1694923e+05  -1.9631868e+06
   5.1693485e+05  -1.9611868e+06
   5.1692048e+05  -1.9591869e+06
   5.1690610e+05  -1.9571869e+06
   5.1689172e+05  -1.9551870e+06
   5.1687735e+05  -1.9531870e+06
   5.1686297e+05  -1.9511871e+06
   5.1684859e+05  -1.9491872e+06
   5.1683422e+05  -1.9471872e+06
   5.1681984e+05  -1.9451873e+06
   5.1680546e+05  -1.9431873e+06
   5.1679109e+05  -1.9411874e+06
   5.1677671e+05  -1.9391874e+06
   5.1676234e+05  -1.9371875e+06
   5.1674796e+05  -1.9351875e+06
   5.1673358e+05  -1.9331876e+06
   5.1671921e+05  -1.9311876e+06
   5.1670483e+05  -1.9291877e+06
   5.1669045e+05  -1.9271877e+06
   5.1667608e+05  -1.9251878e+06
   5.1666170e+05  -1.9231878e+06
   5.1664732e+05  -1.9211879e+06
   5.1663295e+05  -1.9191879e+06
   5.1661857e+05  -1.9171880e+06
   5.1660419e+05  -1.9151880e+06
   5.1658982e+05  -1.9131881e+06
   5.1657544e+05  -1.9111881e+06
   5.1656106e+05  -1.9091882e+06
   5.1654669e+05  -1.9071882e+06
   5.1653231e+05  -1.9051883e+06
   5.1651794e+05  -1.9031883e+06
   5.1650356e+05  -1.9011884e+06
   5.1648918e+05  -1.8991884e+06
   5.1647481e+05  -1.8971885e+06
   5.1646043e+05  -1.8951885e+06
   5.1644605e+05  -1.8931886e+06
   5.1643168e+05  -1.8911887e+06
   5.1641730e+05  -1.8891887e+06
   5.1640292e+05  -1.8871888e+06
   5.1638855e+05  -1.8851888e+06
   5.1637417e+05  -1.8831889e+06
   5.1635979e+05  -1.8811889e+06
   5.1634542e+05  -1.8791890e+06
   5.1633104e+05  -1.8771890e+06
   5.1631667e+05  -1.8751891e+06
   5.1630229e+05  -1.8731891e+06
   5.1628791e+05  -1.8711892e+06
   5.1627354e+05  -1.8691892e+06
   5.1625916e+05  -1.8671893e+06
   5.1624478e+05  -1.8651893e+06
   5.1623041e+05  -1.8631894e+06
   5.1621603e+05  -1.8611894e+06
   5.1620165e+05  -1.8591895e+06
   5.1618728e+05  -1.8571895e+06
   5.1617290e+05  -1.8551896e+06
   5.1615852e+05  -1.8531896e+06
   5.1614415e+05  -1.8511897e+06
   5.1612977e+05  -1.8491897e+06
   5.1611539e+05  -1.8471898e+06
   5.1610102e+05  -1.8451898e+06
   5.1608664e+05  -1.8431899e+06
   5.1607227e+05  -1.8411899e+06
   5.1605789e+05  -1.8391900e+06
   5.1604351e+05  -1.8371900e+06
   5.1602914e+05  -1.8351901e+06
   5.1601476e+05  -1.8331901e+06
   5.1600038e+05  -1.8311902e+06
   5.1598601e+05  -1.8291903e+06
   5.1597163e+05  -1.8271903e+06
   5.1595725e+05  -1.8251904e+06
   5.1594288e+05  -1.8231904e+06
   5.1592850e+05  -1.8211905e+06
   5.1591412e+05  -1.8191905e+06
   5.1589975e+05  -1.8171906e+06
   5.1588537e+05  -1.8151906e+06
   5.1587099e+05  -1.8131907e+06
   5.1585662e+05  -1.8111907e+06
   5.1584224e+05  -1.8091908e+06
   5.1582787e+05  -1.8071908e+06
   5.1581349e+05  -1.8051909e+06
   5.1579911e+05  -1.8031909e+06
   5.1578474e+05  -1.8011910e+06
   5.1577036e+05  -1.7991910e+06
   5.1575598e+05  -1.7971911e+06
   5.1574161e+05  -1.7951911e+06
   5.1572723e+05  -1.7931912e+06
   5.1571285e+05  -1.7911912e+06
   5.1569848e+05  -1.7891913e+06
   5.1568410e+05  -1.7871913e+06
   5.1566972e+05  -1.7851914e+06
   5.1565535e+05  -1.7831914e+06
   5.1564097e+05  -1.7811915e+06
   5.1562659e+05  -1.7791915e+06
   5.1561222e+05  -1.7771916e+06
   5.1559784e+05  -1.7751916e+06
   5.1558347e+05  -1.7731917e+06
   5.1556909e+05  -1.7711918e+06
   5.1555471e+05  -1.7691918e+06
   5.1554034e+05  -1.7671919e+06
   5.1552596e+05  -1.7651919e+06
   5.1551158e+05  -1.7631920e+06
   5.1549721e+05  -1.7611920e+06
   5.1548283e+05  -1.7591921e+06
   5.1546845e+05  -1.7571921e+06
   5.1545408e+05  -1.7551922e+06
   5.1543970e+05  -1.7531922e+06
   5.1542532e+05  -1.7511923e+06
   5.1541095e+05  -1.7491923e+06
   5.1539657e+05  -1.7471924e+06
   5.1538219e+05  -1.7451924e+06
   5.1536782e+05  -1.7431925e+06
   5.1535220e+05  -1.7410192e+06
   5.1533533e+05  -1.7386726e+06
   5.1531721e+05  -1.7361527e+06
   5.1529785e+05  -1.7334594e+06
   5.1527725e+05  -1.7305928e+06
   5.1525539e+05  -1.7275529e+06
   5.1523230e+05  -1.7243396e+06
   5.1520795e+05  -1.7209530e+06
   5.1518236e+05  -1.7173931e+06
   5.1515553e+05  -1.7136599e+06
   5.1512744e+05  -1.7097533e+06
   5.1509812e+05  -1.7056734e+06
   5.1506754e+05  -1.7014202e+06
   5.1503572e+05  -1.6969937e+06
   5.1500266e+05  -1.6923938e+06
   5.1496834e+05  -1.6876206e+06
   5.1493279e+05  -1.6826740e+06
   5.1489598e+05  -1.6775542e+06
   5.1485793e+05  -1.6722610e+06
   5.1481864e+05  -1.6667944e+06
   5.1477810e+05  -1.6611546e+06
   5.1473631e+05  -1.6553414e+06
   5.1469327e+05  -1.6493549e+06
   5.1464900e+05  -1.6431951e+06
