39 119 0.000000
41 119 0.000000
43 120 0.000000
46 121 0.000000
47 121 0.000000
48 121 0.000000
49 121 0.000000
50 121 0.000000
51 121 0.000000
48 123 1.000000
46 122 1.000000
54 122 0.000000
54 121 0.000000
54 120 0.000000
52 119 0.000000
46 118 0.000000
53 122 0.000000
52 122 0.000000
45 121 0.000000
2 85 0.000000
2 86 0.000000
2 88 0.000000
1 90 0.000000
0 90 0.000000
0 88 0.000000
1 88 0.000000
0 86 0.000000
0 86 1.000000
1 85 0.000000
0 86 0.000000
2 105 0.000000
1 104 0.000000
2 104 0.000000
3 105 0.000000
4 105 0.000000
5 105 0.000000
12 105 0.000000
0 113 0.000000
0 113 1.000000
1 111 0.000000
1 110 0.000000
2 110 0.000000
2 110 1.000000
7 111 0.000000
6 112 0.000000
6 111 0.000000
5 111 0.000000
5 112 0.000000
0 113 0.000000
2 113 1.000000
1 113 0.000000
2 113 0.000000
0 112 0.000000
1 112 0.000000
2 112 0.000000
3 112 0.000000
4 112 0.000000
4 111 0.000000
2 110 0.000000
2 109 0.000000
3 109 0.000000
1 103 0.000000
2 103 0.000000
6 110 0.000000
5 108 0.000000
4 107 0.000000
4 106 0.000000
3 106 0.000000
3 107 0.000000
3 108 0.000000
4 108 0.000000
24 122 0.000000
23 122 0.000000
22 122 0.000000
21 122 0.000000
21 121 0.000000
16 124 1.000000
5 133 0.000000
5 133 1.000000
5 132 1.000000
6 131 1.000000
29 123 0.000000
31 123 0.000000
32 123 0.000000
28 114 1.000000
27 115 0.000000
26 114 1.000000
24 113 1.000000
31 118 0.000000
48 274 0.000000
48 273 0.000000
47 274 0.000000
47 273 0.000000
46 274 0.000000
46 273 0.000000
45 274 0.000000
45 273 0.000000
44 274 0.000000
44 273 0.000000
43 274 0.000000
35 272 0.000000
34 272 0.000000
23 273 0.000000
24 272 0.000000
25 271 0.000000
25 270 0.000000
24 271 0.000000
23 271 0.000000
23 270 0.000000
23 269 0.000000
22 269 0.000000
22 271 0.000000
22 270 0.000000
19 269 0.000000
20 269 0.000000
21 270 0.000000
21 268 0.000000
18 264 1.000000
14 267 1.000000
14 267 0.000000
0 256 0.000000
1 256 0.000000
0 255 0.000000
1 255 0.000000
1 254 0.000000
0 254 0.000000
0 252 1.000000
3 256 0.000000
4 258 0.000000
2 266 0.000000
3 265 0.000000
5 265 0.000000
5 264 0.000000
3 264 0.000000
2 264 0.000000
4 264 0.000000
5 263 0.000000
10 264 0.000000
13 267 0.000000
15 267 0.000000
18 266 0.000000
18 267 0.000000
18 268 0.000000
20 268 0.000000
20 268 1.000000
20 267 0.000000
19 267 0.000000
19 267 1.000000
17 266 0.000000
19 267 0.000000
19 268 0.000000
20 268 0.000000
29 265 0.000000
29 266 0.000000
28 265 0.000000
26 265 0.000000
11 266 0.000000
38 264 0.000000
36 264 0.000000
35 264 0.000000
36 263 0.000000
37 263 0.000000
37 262 0.000000
38 262 0.000000
37 261 0.000000
36 265 0.000000
37 266 0.000000
37 265 0.000000
40 270 0.000000
38 265 0.000000
38 259 0.000000
38 260 0.000000
38 261 0.000000
25 266 0.000000
89 277 0.000000
89 279 0.000000
89 278 0.000000
87 276 0.000000
86 274 0.000000
86 273 0.000000
82 273 0.000000
74 274 0.000000
72 273 0.000000
71 272 0.000000
70 271 0.000000
67 268 0.000000
63 273 0.000000
50 267 0.000000
50 266 0.000000
49 264 1.000000
45 269 0.000000
46 269 0.000000
47 269 0.000000
50 263 1.000000
86 273 1.000000
84 273 0.000000
83 273 0.000000
340 255 0.000000
342 254 0.000000
325 261 0.000000
324 260 0.000000
322 258 0.000000
320 257 0.000000
319 256 0.000000
316 251 0.000000
267 279 0.000000
268 279 0.000000
267 278 0.000000
270 275 0.000000
272 275 0.000000
273 275 0.000000
272 274 0.000000
272 273 0.000000
273 272 0.000000
274 267 0.000000
275 268 0.000000
276 267 0.000000
276 266 0.000000
276 265 0.000000
275 265 0.000000
275 264 0.000000
276 262 0.000000
276 261 0.000000
277 259 0.000000
278 258 0.000000
278 257 0.000000
278 252 0.000000
279 251 0.000000
274 266 0.000000
326 265 0.000000
326 264 0.000000
280 249 0.000000
281 248 0.000000
282 249 0.000000
282 247 0.000000
283 246 0.000000
285 245 0.000000
286 245 0.000000
287 244 0.000000
289 246 0.000000
289 245 0.000000
289 244 0.000000
289 243 0.000000
289 242 0.000000
288 243 0.000000
288 245 0.000000
290 243 0.000000
290 242 0.000000
291 242 0.000000
291 241 0.000000
292 241 0.000000
293 240 0.000000
294 239 0.000000
294 239 1.000000
284 238 1.000000
284 237 1.000000
296 237 0.000000
295 238 0.000000
294 239 0.000000
345 219 0.000000
343 220 0.000000
342 222 0.000000
342 221 0.000000
298 232 0.000000
299 231 0.000000
300 228 0.000000
300 227 0.000000
301 224 0.000000
301 222 0.000000
300 219 0.000000
301 217 0.000000
301 216 0.000000
301 215 0.000000
308 216 0.000000
309 214 0.000000
308 213 0.000000
310 219 0.000000
307 214 0.000000
309 215 0.000000
364 159 1.000000
363 158 1.000000
361 149 0.000000
361 148 0.000000
359 146 0.000000
361 154 1.000000
366 127 0.000000
357 126 1.000000
358 126 1.000000
358 125 1.000000
359 125 1.000000
362 123 0.000000
360 127 0.000000
361 127 0.000000
362 127 0.000000
363 127 0.000000
363 128 0.000000
363 126 0.000000
363 125 0.000000
364 126 0.000000
364 129 0.000000
364 130 0.000000
367 130 0.000000
366 132 0.000000
365 131 0.000000
367 134 0.000000
368 131 0.000000
369 132 0.000000
367 84 1.000000
343 76 1.000000
343 73 0.000000
344 73 0.000000
335 71 0.000000
336 70 0.000000
329 61 0.000000
329 60 0.000000
327 59 0.000000
330 54 0.000000
330 53 0.000000
330 55 0.000000
330 44 1.000000
331 45 1.000000
332 43 0.000000
336 43 0.000000
340 46 0.000000
341 44 0.000000
341 46 0.000000
342 46 0.000000
362 50 1.000000
362 46 0.000000
367 47 0.000000
368 48 0.000000
365 45 0.000000
363 42 0.000000
377 25 0.000000
377 24 0.000000
378 26 0.000000
378 28 0.000000
378 27 0.000000
379 26 0.000000
379 2 0.000000
379 1 0.000000
376 18 0.000000
358 13 0.000000
356 14 0.000000
357 13 0.000000
356 13 0.000000
355 13 0.000000
354 13 0.000000
356 12 0.000000
357 11 0.000000
350 16 0.000000
350 15 0.000000
351 14 0.000000
332 26 0.000000
331 27 0.000000
336 24 0.000000
339 23 0.000000
340 22 0.000000
343 20 0.000000
343 20 1.000000
349 17 0.000000
347 18 0.000000
345 19 0.000000
345 19 1.000000
343 20 0.000000
339 23 1.000000
320 30 0.000000
313 27 0.000000
310 30 0.000000
305 29 0.000000
305 28 0.000000
305 27 0.000000
289 0 0.000000
292 8 1.000000
295 19 1.000000
295 19 0.000000
295 18 0.000000
295 17 0.000000
295 16 0.000000
295 15 0.000000
295 14 0.000000
294 12 0.000000
294 21 0.000000
363 52 0.000000
364 53 0.000000
365 53 0.000000
362 51 0.000000
362 50 0.000000
362 49 0.000000
361 49 0.000000
361 48 0.000000
361 47 0.000000
361 46 0.000000
364 44 0.000000
364 43 0.000000
368 47 0.000000
367 46 0.000000
366 45 0.000000
365 44 0.000000
360 48 0.000000
360 46 0.000000
360 47 0.000000
360 45 0.000000
360 43 0.000000
360 44 0.000000
360 48 1.000000
360 47 1.000000
366 53 0.000000
367 52 0.000000
368 51 0.000000
369 50 0.000000
369 49 0.000000
360 42 0.000000
340 73 0.000000
341 73 0.000000
342 74 0.000000
344 66 0.000000
345 68 0.000000
345 67 0.000000
327 60 0.000000
330 57 0.000000
330 56 0.000000
327 54 0.000000
328 53 0.000000
335 46 0.000000
337 43 0.000000
338 43 0.000000
331 45 0.000000
331 44 0.000000
365 83 0.000000
368 79 0.000000
365 79 0.000000
364 80 0.000000
364 83 0.000000
363 82 0.000000
363 81 0.000000
342 74 1.000000
342 73 0.000000
345 69 0.000000
334 46 0.000000
333 46 0.000000
332 46 0.000000
331 46 0.000000
330 46 0.000000
330 45 0.000000
330 44 0.000000
330 43 0.000000
331 43 0.000000
330 46 1.000000
329 43 0.000000
330 43 1.000000
329 43 1.000000
339 43 0.000000
336 47 0.000000
337 47 0.000000
338 47 0.000000
343 224 0.000000
344 224 0.000000
345 218 0.000000
345 218 1.000000
345 218 0.000000
346 218 0.000000
346 221 0.000000
344 219 0.000000
362 151 0.000000
362 150 0.000000
362 149 0.000000
361 154 0.000000
362 154 0.000000
363 154 0.000000
363 155 0.000000
362 155 0.000000
361 155 0.000000
362 156 0.000000
363 156 0.000000
362 157 0.000000
363 157 0.000000
363 153 0.000000
363 152 0.000000
364 152 0.000000
364 151 0.000000
364 150 0.000000
364 149 0.000000
364 147 0.000000
363 147 0.000000
362 147 0.000000
362 148 0.000000
363 148 0.000000
364 148 0.000000
363 149 0.000000
363 150 0.000000
363 151 0.000000
364 153 0.000000
361 147 0.000000
359 127 0.000000
359 126 0.000000
359 125 0.000000
359 125 1.000000
358 127 0.000000
358 126 0.000000
358 125 0.000000
359 125 0.000000
362 128 0.000000
363 129 0.000000
362 130 0.000000
362 129 0.000000
362 128 1.000000
362 130 1.000000
362 129 1.000000
362 128 0.000000
359 124 0.000000
360 124 0.000000
360 123 0.000000
362 122 0.000000
363 124 0.000000
365 126 0.000000
367 128 0.000000
368 130 0.000000
332 46 0.000000
331 46 0.000000
330 46 0.000000
329 46 0.000000
329 45 0.000000
330 45 0.000000
330 44 0.000000
329 44 0.000000
331 43 0.000000
330 43 0.000000
329 43 0.000000
329 46 1.000000
333 46 0.000000
334 46 0.000000
362 52 0.000000
361 50 0.000000
361 51 0.000000
362 53 0.000000
361 52 0.000000
363 53 0.000000
360 51 0.000000
360 52 0.000000
360 53 0.000000
361 53 0.000000
360 54 0.000000
361 54 0.000000
342 74 1.000000
342 73 0.000000
341 74 0.000000
342 74 0.000000
343 74 0.000000
343 75 0.000000
342 75 0.000000
341 75 0.000000
342 76 0.000000
343 77 0.000000
340 74 0.000000
343 76 0.000000
344 74 0.000000
343 77 1.000000
331 47 0.000000
331 47 1.000000
330 47 0.000000
330 47 1.000000
331 47 0.000000
331 47 1.000000
329 46 0.000000
329 46 1.000000
331 47 0.000000
331 47 1.000000
330 47 0.000000
330 47 1.000000
328 47 0.000000
328 47 1.000000
329 46 0.000000
329 46 1.000000
329 66 0.000000
329 66 1.000000
359 54 0.000000
359 54 1.000000
359 54 0.000000
359 54 1.000000
359 53 0.000000
359 53 1.000000
359 54 0.000000
359 53 0.000000
359 52 0.000000
359 51 0.000000
360 50 0.000000
366 84 0.000000
367 84 0.000000
368 84 0.000000
328 43 0.000000
328 44 0.000000
328 45 0.000000
328 46 0.000000
329 46 0.000000
329 47 0.000000
331 47 0.000000
330 47 0.000000
357 127 0.000000
357 126 0.000000
357 125 0.000000
358 124 0.000000
362 158 0.000000
363 158 0.000000
364 158 0.000000
364 157 0.000000
364 156 0.000000
364 155 0.000000
364 154 0.000000
364 158 1.000000
364 157 1.000000
364 156 1.000000
361 157 0.000000
361 156 0.000000
360 154 0.000000
362 159 0.000000
363 159 0.000000
363 160 0.000000
364 160 0.000000
364 159 0.000000
364 158 0.000000
364 157 0.000000
364 156 0.000000
51 37 0.000000
55 42 0.000000
54 41 0.000000
56 39 0.000000
57 38 0.000000
57 39 0.000000
57 40 0.000000
58 42 0.000000
59 43 0.000000
60 43 0.000000
60 42 0.000000
59 42 0.000000
58 41 0.000000
59 41 0.000000
58 40 0.000000
58 39 0.000000
59 39 0.000000
59 40 0.000000
60 41 0.000000
60 40 0.000000
61 42 0.000000
61 41 0.000000
61 40 0.000000
61 39 0.000000
62 40 0.000000
62 41 0.000000
63 41 0.000000
63 40 0.000000
63 39 0.000000
64 38 0.000000
64 37 0.000000
64 36 0.000000
64 35 0.000000
65 35 0.000000
65 34 0.000000
65 33 0.000000
65 32 0.000000
65 31 0.000000
64 31 0.000000
64 32 0.000000
64 33 0.000000
64 34 0.000000
67 29 0.000000
67 30 0.000000
66 31 0.000000
66 30 0.000000
66 29 0.000000
66 28 0.000000
65 28 0.000000
64 28 0.000000
63 28 0.000000
58 27 0.000000
59 28 0.000000
59 29 0.000000
60 29 0.000000
60 28 0.000000
61 29 0.000000
62 29 0.000000
63 30 0.000000
63 29 0.000000
64 29 0.000000
64 30 0.000000
65 30 0.000000
65 29 0.000000
64 27 0.000000
65 27 0.000000
64 26 0.000000
65 26 0.000000
65 25 0.000000
65 24 0.000000
64 23 0.000000
64 24 0.000000
64 25 0.000000
63 25 0.000000
63 24 0.000000
62 24 0.000000
62 23 0.000000
63 23 0.000000
61 23 0.000000
61 22 0.000000
63 22 0.000000
63 21 0.000000
62 22 0.000000
62 21 0.000000
62 20 0.000000
62 19 0.000000
60 19 0.000000
61 19 0.000000
61 20 0.000000
61 21 0.000000
60 21 0.000000
69 57 0.000000
68 56 0.000000
67 55 0.000000
67 55 1.000000
67 55 0.000000
66 54 0.000000
65 53 0.000000
64 52 0.000000
63 51 0.000000
62 50 0.000000
53 40 0.000000
53 40 1.000000
5 6 1.000000
6 6 1.000000
12 11 1.000000
10 10 1.000000
8 10 1.000000
7 11 1.000000
7 10 1.000000
6 11 1.000000
6 10 1.000000
5 10 1.000000
4 11 1.000000
0 11 1.000000
1 11 1.000000
8 6 1.000000
18 13 1.000000
27 17 1.000000
27 16 1.000000
26 15 1.000000
24 14 1.000000
25 16 1.000000
24 16 1.000000
27 17 0.000000
26 16 0.000000
20 14 0.000000
21 15 0.000000
22 15 0.000000
22 15 1.000000
28 18 0.000000
26 17 0.000000
25 16 0.000000
24 16 0.000000
23 15 0.000000
23 16 0.000000
22 15 0.000000
21 15 1.000000
21 15 0.000000
20 14 1.000000
21 13 0.000000
21 14 0.000000
22 14 0.000000
27 16 0.000000
26 15 0.000000
25 15 0.000000
24 15 0.000000
24 14 0.000000
23 14 0.000000
23 16 1.000000
23 16 0.000000
23 16 1.000000
21 15 1.000000
22 15 1.000000
24 16 1.000000
24 16 0.000000
15 10 0.000000
38 25 0.000000
38 25 1.000000
37 24 0.000000
36 23 0.000000
35 23 0.000000
34 22 0.000000
32 21 0.000000
31 20 0.000000
30 20 0.000000
29 19 0.000000
38 25 0.000000
39 26 0.000000
40 27 0.000000
36 24 0.000000
41 28 0.000000
37 25 0.000000
37 25 1.000000
116 64 0.000000
117 64 0.000000
118 63 0.000000
119 63 0.000000
120 63 0.000000
120 62 0.000000
121 62 0.000000
122 62 0.000000
123 62 0.000000
117 61 1.000000
115 64 0.000000
115 65 0.000000
117 63 0.000000
118 64 0.000000
116 65 0.000000
116 63 0.000000
119 64 0.000000
119 62 0.000000
121 63 0.000000
94 70 1.000000
95 70 1.000000
96 70 1.000000
98 70 1.000000
99 70 1.000000
99 71 1.000000
100 71 1.000000
101 72 1.000000
102 72 1.000000
103 72 1.000000
104 72 1.000000
109 69 1.000000
112 60 1.000000
109 60 1.000000
108 60 1.000000
106 60 1.000000
105 60 1.000000
104 60 1.000000
100 61 1.000000
98 62 1.000000
93 70 0.000000
93 69 0.000000
92 69 0.000000
92 70 0.000000
91 69 0.000000
91 69 1.000000
85 67 0.000000
84 67 0.000000
86 68 0.000000
87 68 0.000000
89 69 0.000000
91 69 0.000000
89 69 1.000000
88 68 0.000000
89 69 0.000000
89 68 0.000000
90 69 0.000000
91 70 0.000000
92 68 0.000000
92 67 0.000000
82 66 0.000000
80 65 0.000000
79 65 0.000000
77 64 0.000000
75 63 0.000000
93 63 1.000000
93 63 0.000000
93 63 1.000000
95 63 1.000000
93 64 1.000000
93 64 0.000000
93 63 0.000000
93 63 1.000000
93 64 1.000000
93 64 0.000000
93 63 0.000000
93 64 1.000000
93 63 1.000000
92 63 1.000000
93 64 0.000000
93 65 0.000000
93 64 1.000000
93 65 1.000000
163 89 1.000000
162 88 1.000000
161 86 1.000000
156 80 1.000000
154 78 1.000000
152 76 1.000000
147 72 1.000000
129 63 1.000000
131 63 1.000000
119 61 0.000000
118 62 0.000000
118 61 0.000000
117 61 0.000000
117 62 0.000000
117 62 1.000000
164 91 1.000000
209 113 1.000000
209 112 1.000000
209 111 1.000000
206 117 1.000000
206 116 1.000000
205 117 1.000000
205 116 1.000000
203 109 1.000000
201 109 1.000000
201 110 1.000000
200 110 1.000000
202 109 1.000000
193 122 0.000000
192 123 0.000000
192 122 0.000000
185 119 0.000000
186 120 0.000000
190 124 0.000000
191 124 0.000000
187 119 0.000000
187 121 0.000000
184 119 0.000000
183 118 0.000000
182 117 0.000000
181 116 0.000000
180 115 0.000000
179 114 0.000000
178 113 0.000000
169 100 1.000000
208 102 1.000000
207 102 1.000000
206 102 1.000000
206 103 1.000000
206 104 1.000000
199 110 1.000000
203 108 1.000000
195 110 1.000000
194 110 1.000000
193 123 0.000000
194 121 0.000000
194 122 0.000000
193 123 1.000000
194 122 1.000000
191 122 0.000000
188 115 1.000000
189 114 1.000000
187 119 1.000000
187 118 1.000000
187 119 0.000000
187 118 0.000000
225 68 1.000000
225 67 1.000000
224 66 1.000000
224 67 1.000000
223 66 1.000000
223 65 1.000000
222 64 1.000000
222 66 1.000000
222 66 0.000000
221 65 1.000000
220 65 1.000000
221 64 1.000000
221 63 1.000000
220 64 1.000000
222 66 1.000000
222 65 1.000000
217 64 1.000000
217 63 1.000000
216 63 1.000000
215 63 1.000000
211 62 1.000000
210 62 1.000000
210 63 1.000000
210 64 1.000000
211 64 1.000000
211 65 1.000000
211 66 1.000000
211 67 1.000000
211 63 1.000000
210 66 1.000000
210 67 1.000000
210 68 1.000000
209 68 1.000000
209 67 1.000000
209 69 1.000000
209 70 1.000000
209 71 1.000000
208 76 1.000000
208 75 1.000000
208 74 1.000000
211 77 1.000000
212 77 1.000000
215 77 1.000000
215 78 1.000000
216 78 1.000000
216 79 1.000000
216 77 1.000000
216 76 1.000000
217 79 1.000000
217 78 1.000000
217 77 1.000000
217 76 1.000000
218 82 1.000000
218 81 1.000000
218 80 1.000000
218 79 1.000000
218 78 1.000000
218 77 1.000000
218 76 1.000000
218 75 1.000000
218 74 1.000000
219 73 1.000000
219 74 1.000000
219 75 1.000000
219 76 1.000000
219 77 1.000000
219 78 1.000000
219 79 1.000000
219 80 1.000000
219 81 1.000000
219 82 1.000000
221 84 1.000000
220 84 1.000000
220 83 1.000000
221 83 1.000000
220 82 1.000000
221 82 1.000000
221 81 1.000000
222 81 1.000000
220 81 1.000000
220 77 1.000000
221 77 1.000000
221 76 1.000000
220 76 1.000000
220 75 1.000000
221 75 1.000000
221 74 1.000000
220 74 1.000000
220 73 1.000000
227 103 1.000000
228 102 1.000000
230 101 1.000000
242 96 1.000000
241 96 1.000000
240 97 1.000000
240 97 0.000000
239 96 1.000000
238 95 1.000000
238 94 1.000000
236 83 1.000000
236 82 1.000000
236 81 1.000000
236 81 0.000000
235 83 1.000000
235 82 1.000000
232 83 1.000000
232 82 1.000000
231 82 1.000000
236 81 1.000000
233 83 1.000000
234 83 1.000000
249 92 0.000000
248 93 0.000000
239 97 1.000000
240 97 1.000000
240 96 1.000000
243 95 1.000000
243 94 1.000000
244 94 1.000000
245 94 1.000000
246 94 1.000000
246 93 1.000000
245 95 1.000000
244 95 1.000000
248 92 0.000000
225 91 1.000000
225 90 1.000000
222 85 1.000000
209 77 0.000000
282 69 0.000000
287 71 1.000000
281 67 1.000000
281 66 1.000000
280 64 1.000000
280 63 1.000000
279 62 1.000000
269 63 1.000000
268 63 1.000000
269 62 1.000000
266 64 1.000000
265 64 1.000000
261 64 1.000000
260 63 1.000000
260 64 1.000000
260 65 1.000000
260 66 1.000000
259 67 1.000000
259 66 1.000000
259 65 1.000000
258 68 1.000000
258 69 1.000000
258 69 0.000000
258 83 1.000000
259 81 1.000000
259 80 1.000000
258 78 1.000000
258 77 1.000000
258 74 1.000000
258 73 1.000000
258 72 1.000000
257 71 1.000000
257 70 1.000000
257 69 1.000000
258 69 1.000000
260 63 0.000000
323 72 1.000000
320 72 1.000000
320 71 1.000000
321 71 1.000000
321 70 1.000000
322 69 1.000000
323 70 1.000000
323 69 1.000000
323 71 1.000000
322 70 1.000000
322 71 1.000000
322 72 1.000000
322 73 1.000000
322 74 1.000000
321 74 1.000000
321 73 1.000000
321 72 1.000000
324 72 1.000000
312 75 1.000000
313 75 1.000000
292 71 0.000000
293 71 0.000000
295 71 0.000000
299 71 0.000000
304 73 0.000000
305 74 0.000000
312 75 0.000000
315 74 0.000000
328 72 0.000000
327 72 0.000000
346 66 1.000000
347 65 1.000000
347 64 1.000000
347 63 1.000000
346 62 1.000000
345 62 1.000000
344 62 1.000000
344 61 1.000000
345 61 1.000000
343 61 1.000000
343 60 1.000000
344 60 1.000000
343 59 1.000000
342 59 1.000000
342 58 1.000000
341 56 1.000000
341 55 1.000000
341 54 1.000000
340 53 1.000000
340 52 1.000000
339 50 1.000000
339 49 1.000000
339 48 1.000000
339 47 1.000000
339 46 1.000000
339 45 1.000000
339 44 1.000000
339 44 0.000000
339 44 1.000000
338 50 1.000000
338 49 1.000000
338 48 1.000000
338 47 1.000000
338 46 1.000000
345 42 1.000000
345 43 1.000000
344 44 1.000000
344 43 1.000000
343 44 1.000000
342 44 1.000000
342 43 1.000000
342 42 1.000000
341 43 1.000000
340 43 1.000000
340 44 1.000000
343 43 1.000000
341 42 1.000000
365 39 1.000000
364 38 1.000000
363 38 1.000000
362 38 1.000000
361 38 1.000000
360 38 1.000000
359 38 1.000000
358 38 1.000000
358 39 1.000000
359 39 1.000000
360 39 1.000000
361 39 1.000000
364 39 1.000000
363 39 1.000000
360 40 1.000000
359 41 1.000000
359 40 1.000000
358 40 1.000000
358 41 1.000000
357 41 1.000000
357 40 1.000000
357 39 1.000000
356 39 1.000000
356 40 1.000000
356 41 1.000000
355 41 1.000000
355 40 1.000000
355 39 1.000000
354 39 1.000000
354 40 1.000000
354 41 1.000000
353 41 1.000000
352 41 1.000000
351 41 1.000000
350 41 1.000000
349 41 1.000000
348 41 1.000000
347 41 1.000000
346 41 1.000000
336 71 0.000000
340 69 0.000000
333 72 1.000000
332 72 1.000000
382 23 1.000000
383 23 1.000000
383 23 0.000000
367 38 1.000000
367 37 1.000000
368 37 1.000000
368 37 0.000000
360 28 1.000000
360 27 1.000000
360 26 1.000000
360 25 1.000000
361 25 1.000000
361 26 1.000000
361 27 1.000000
361 28 1.000000
362 29 1.000000
362 28 1.000000
362 27 1.000000
362 26 1.000000
362 25 1.000000
363 25 1.000000
363 26 1.000000
363 27 1.000000
363 28 1.000000
363 28 0.000000
365 30 1.000000
364 29 1.000000
363 29 1.000000
363 28 1.000000
364 28 1.000000
364 28 0.000000
364 28 1.000000
365 26 1.000000
364 26 1.000000
364 26 0.000000
366 36 1.000000
366 35 1.000000
366 34 1.000000
365 34 1.000000
365 33 1.000000
366 33 1.000000
366 32 1.000000
366 31 1.000000
367 31 1.000000
367 32 1.000000
368 32 1.000000
368 33 1.000000
367 33 1.000000
367 34 1.000000
367 35 1.000000
367 36 1.000000
368 37 1.000000
369 36 1.000000
368 36 1.000000
368 35 1.000000
369 35 1.000000
369 34 1.000000
368 34 1.000000
369 33 1.000000
377 25 1.000000
376 25 1.000000
375 25 1.000000
376 26 1.000000
375 26 1.000000
374 26 1.000000
373 26 1.000000
374 27 1.000000
373 27 1.000000
372 27 1.000000
372 26 1.000000
371 26 1.000000
370 26 1.000000
369 26 1.000000
368 26 1.000000
367 26 1.000000
367 25 1.000000
366 25 1.000000
364 26 1.000000
364 27 1.000000
365 27 1.000000
365 27 0.000000
365 27 1.000000
366 30 1.000000
367 30 1.000000
365 29 1.000000
365 28 1.000000
366 29 1.000000
366 28 1.000000
366 27 1.000000
366 26 1.000000
366 26 0.000000
371 27 1.000000
370 27 1.000000
369 27 1.000000
368 28 1.000000
368 27 1.000000
367 29 1.000000
367 27 1.000000
367 28 1.000000
366 26 1.000000
383 24 1.000000
383 23 1.000000
382 23 0.000000
381 24 1.000000
382 24 1.000000
380 24 1.000000
379 24 1.000000
395 31 1.000000
395 30 1.000000
395 29 1.000000
394 29 1.000000
394 30 1.000000
393 29 1.000000
392 29 1.000000
391 29 1.000000
390 29 1.000000
390 29 0.000000
390 25 1.000000
390 26 1.000000
390 27 1.000000
390 28 1.000000
390 29 1.000000
389 29 1.000000
389 28 1.000000
389 27 1.000000
389 26 1.000000
389 25 1.000000
388 26 1.000000
388 27 1.000000
388 28 1.000000
388 28 0.000000
387 27 1.000000
387 26 1.000000
388 28 1.000000
386 26 1.000000
386 25 1.000000
385 24 1.000000
386 24 1.000000
386 23 1.000000
384 24 1.000000
384 23 1.000000
384 22 1.000000
385 22 1.000000
386 22 1.000000
386 22 0.000000
386 20 1.000000
387 20 1.000000
387 20 0.000000
385 21 1.000000
386 21 1.000000
386 22 1.000000
385 23 1.000000
387 20 1.000000
385 20 1.000000
389 25 0.000000
689 36 1.000000
687 37 1.000000
687 38 1.000000
687 39 1.000000
686 37 1.000000
685 36 1.000000
685 35 1.000000
684 35 1.000000
684 36 1.000000
682 33 1.000000
673 37 1.000000
673 36 1.000000
667 32 1.000000
667 33 0.000000
668 34 0.000000
674 35 0.000000
674 36 1.000000
675 34 0.000000
675 33 0.000000
674 33 0.000000
674 32 0.000000
677 32 1.000000
676 31 0.000000
676 32 0.000000
675 31 0.000000
675 32 0.000000
674 31 0.000000
673 31 0.000000
673 30 0.000000
674 30 0.000000
675 30 0.000000
662 30 1.000000
661 29 1.000000
661 28 1.000000
662 26 1.000000
662 27 1.000000
663 27 1.000000
663 28 1.000000
664 28 1.000000
665 28 1.000000
666 28 1.000000
667 29 1.000000
668 32 1.000000
668 31 1.000000
667 34 0.000000
660 27 1.000000
659 26 1.000000
659 25 1.000000
659 24 1.000000
658 25 1.000000
658 26 1.000000
657 26 1.000000
657 25 1.000000
657 24 1.000000
657 23 1.000000
656 23 1.000000
656 24 1.000000
655 24 1.000000
655 23 1.000000
655 22 1.000000
654 21 1.000000
653 21 1.000000
650 20 1.000000
651 20 1.000000
651 20 0.000000
650 21 1.000000
654 23 1.000000
651 20 1.000000
659 24 0.000000
677 33 0.000000
677 32 0.000000
616 10 1.000000
615 13 1.000000
615 12 1.000000
615 12 0.000000
609 11 1.000000
609 12 1.000000
600 16 1.000000
600 15 1.000000
600 15 0.000000
602 14 1.000000
601 15 1.000000
601 16 1.000000
601 16 0.000000
606 12 1.000000
607 11 1.000000
607 11 0.000000
606 13 1.000000
605 13 1.000000
605 14 1.000000
604 14 1.000000
604 14 0.000000
602 13 1.000000
603 14 1.000000
604 14 1.000000
603 13 1.000000
601 16 1.000000
602 15 1.000000
603 13 0.000000
602 13 0.000000
590 21 0.000000
589 22 0.000000
587 22 1.000000
587 21 1.000000
586 21 1.000000
586 20 1.000000
585 20 1.000000
584 23 1.000000
594 18 0.000000
626 7 0.000000
613 10 0.000000
612 10 0.000000
570 21 1.000000
562 20 0.000000
559 19 0.000000
556 18 0.000000
553 18 0.000000
552 18 0.000000
550 18 0.000000
550 17 0.000000
542 14 1.000000
539 15 1.000000
533 18 1.000000
533 17 1.000000
534 17 1.000000
535 17 1.000000
535 18 1.000000
534 19 1.000000
535 19 1.000000
534 18 1.000000
536 21 1.000000
537 21 1.000000
536 20 1.000000
537 20 1.000000
536 19 1.000000
537 19 1.000000
538 19 1.000000
537 18 1.000000
536 18 1.000000
536 17 1.000000
537 17 1.000000
537 16 1.000000
538 16 1.000000
526 17 1.000000
529 16 1.000000
531 16 1.000000
532 17 1.000000
541 14 0.000000
544 14 0.000000
564 21 1.000000
578 20 0.000000
573 21 0.000000
525 37 1.000000
530 34 1.000000
517 19 1.000000
517 18 1.000000
518 17 1.000000
494 35 1.000000
494 34 1.000000
494 33 1.000000
494 32 1.000000
494 31 1.000000
494 30 1.000000
494 29 1.000000
494 28 1.000000
494 27 1.000000
494 26 1.000000
494 25 1.000000
495 26 1.000000
495 27 1.000000
495 28 1.000000
495 29 1.000000
495 30 1.000000
495 31 1.000000
495 32 1.000000
495 34 1.000000
496 34 1.000000
495 33 1.000000
496 33 1.000000
497 34 1.000000
497 33 1.000000
497 32 1.000000
497 31 1.000000
497 30 1.000000
497 29 1.000000
496 28 1.000000
496 27 1.000000
496 29 1.000000
496 30 1.000000
496 31 1.000000
496 32 1.000000
498 33 1.000000
497 28 1.000000
498 32 1.000000
498 31 1.000000
498 30 1.000000
499 32 1.000000
499 31 1.000000
499 30 1.000000
500 30 1.000000
500 32 1.000000
500 31 1.000000
501 32 1.000000
501 31 1.000000
502 32 1.000000
502 32 0.000000
530 33 1.000000
512 26 1.000000
513 25 1.000000
512 25 1.000000
512 24 1.000000
511 24 1.000000
511 25 1.000000
511 26 1.000000
510 26 1.000000
510 25 1.000000
509 24 1.000000
508 24 1.000000
508 25 1.000000
508 26 1.000000
508 27 1.000000
509 26 1.000000
509 25 1.000000
506 26 1.000000
505 26 1.000000
505 27 1.000000
505 28 1.000000
505 29 1.000000
506 28 1.000000
507 28 1.000000
507 27 1.000000
506 27 1.000000
507 26 1.000000
504 28 1.000000
504 29 1.000000
503 31 1.000000
503 30 1.000000
503 29 1.000000
502 32 1.000000
502 31 1.000000
501 30 1.000000
502 30 1.000000
499 29 1.000000
500 29 1.000000
501 29 1.000000
502 29 1.000000
503 28 1.000000
492 34 1.000000
492 33 1.000000
492 32 1.000000
492 31 1.000000
492 30 1.000000
492 29 1.000000
492 28 1.000000
492 27 1.000000
492 26 1.000000
492 25 1.000000
492 24 1.000000
493 24 1.000000
493 25 1.000000
493 26 1.000000
493 27 1.000000
493 28 1.000000
493 29 1.000000
493 30 1.000000
493 31 1.000000
493 32 1.000000
493 33 1.000000
493 34 1.000000
491 33 1.000000
491 32 1.000000
490 31 1.000000
491 31 1.000000
490 30 1.000000
491 30 1.000000
490 29 1.000000
491 29 1.000000
490 28 1.000000
491 28 1.000000
490 27 1.000000
491 27 1.000000
490 26 1.000000
491 26 1.000000
490 25 1.000000
491 25 1.000000
491 24 1.000000
490 24 1.000000
489 27 1.000000
489 28 1.000000
489 29 1.000000
489 30 1.000000
488 30 1.000000
488 31 1.000000
487 32 1.000000
487 31 1.000000
486 31 1.000000
486 32 1.000000
486 33 1.000000
485 34 1.000000
485 33 1.000000
485 32 1.000000
485 31 1.000000
484 33 1.000000
484 34 1.000000
484 35 1.000000
483 36 1.000000
482 36 1.000000
482 35 1.000000
483 35 1.000000
483 34 1.000000
483 33 1.000000
482 33 1.000000
482 34 1.000000
481 34 1.000000
481 35 1.000000
481 36 1.000000
480 35 1.000000
480 34 1.000000
479 34 1.000000
479 35 1.000000
478 36 1.000000
463 41 1.000000
465 40 1.000000
468 40 1.000000
473 36 1.000000
473 35 1.000000
473 34 1.000000
474 34 1.000000
474 35 1.000000
478 35 1.000000
478 34 1.000000
477 34 1.000000
477 35 1.000000
477 36 1.000000
476 35 1.000000
476 34 1.000000
476 33 1.000000
475 33 1.000000
475 34 1.000000
472 34 1.000000
472 33 1.000000
471 33 1.000000
470 34 1.000000
471 34 1.000000
471 36 1.000000
471 35 1.000000
472 36 1.000000
472 35 1.000000
470 35 1.000000
470 36 1.000000
469 35 1.000000
469 36 1.000000
468 36 1.000000
467 36 1.000000
468 35 1.000000
465 38 1.000000
464 38 1.000000
463 39 1.000000
462 39 1.000000
461 40 1.000000
460 40 1.000000
459 40 1.000000
458 40 1.000000
449 46 1.000000
448 45 1.000000
445 46 1.000000
445 45 1.000000
446 45 1.000000
447 41 1.000000
444 40 1.000000
423 43 1.000000
424 43 0.000000
424 41 1.000000
437 38 1.000000
438 38 1.000000
434 39 0.000000
433 38 1.000000
432 37 1.000000
429 33 0.000000
424 43 1.000000
424 42 1.000000
418 34 1.000000
418 33 1.000000
418 32 1.000000
417 31 1.000000
417 30 1.000000
417 29 1.000000
418 29 1.000000
419 29 1.000000
420 29 1.000000
421 30 1.000000
421 31 1.000000
421 32 1.000000
421 33 1.000000
420 33 1.000000
420 32 1.000000
420 31 1.000000
420 30 1.000000
418 30 1.000000
418 31 1.000000
419 31 1.000000
419 30 1.000000
419 32 1.000000
419 33 1.000000
422 33 1.000000
422 32 1.000000
422 31 1.000000
423 31 1.000000
422 30 1.000000
421 29 1.000000
426 30 1.000000
425 30 1.000000
424 30 1.000000
423 30 1.000000
427 31 1.000000
413 37 1.000000
413 36 1.000000
413 35 1.000000
413 34 1.000000
413 33 1.000000
414 34 1.000000
414 35 1.000000
414 36 1.000000
414 37 1.000000
415 38 1.000000
416 38 1.000000
415 37 1.000000
416 37 1.000000
415 36 1.000000
417 36 1.000000
417 35 1.000000
416 35 1.000000
416 36 1.000000
415 35 1.000000
499 29 0.000000
430 34 0.000000
412 36 1.000000
412 35 1.000000
412 34 1.000000
396 30 1.000000
397 30 1.000000
398 31 1.000000
399 31 1.000000
399 32 1.000000
399 33 1.000000
400 34 1.000000
400 33 1.000000
400 32 1.000000
398 33 1.000000
398 32 1.000000
397 32 1.000000
397 31 1.000000
396 31 1.000000
402 35 1.000000
403 35 1.000000
404 35 1.000000
405 35 1.000000
406 35 1.000000
406 36 1.000000
405 36 1.000000
407 36 1.000000
408 36 1.000000
409 36 1.000000
410 36 1.000000
411 36 1.000000
413 33 0.000000
390 25 0.000000
385 20 0.000000
379 24 0.000000
365 25 1.000000
364 25 1.000000
359 27 1.000000
359 26 1.000000
435 157 0.000000
349 16 1.000000
386 20 0.000000
387 20 0.000000
269 62 0.000000
236 81 0.000000
246 93 0.000000
233 89 0.000000
222 63 1.000000
220 63 1.000000
208 70 1.000000
208 71 1.000000
208 72 1.000000
208 73 1.000000
205 105 1.000000
26 17 1.000000
24 16 1.000000
489 26 1.000000
489 25 1.000000
485 31 0.000000
647 19 1.000000
165 93 1.000000
165 93 0.000000
165 93 1.000000
173 106 0.000000
173 106 1.000000
173 106 0.000000
175 109 0.000000
175 109 1.000000
175 109 0.000000
171 103 0.000000
171 103 1.000000
171 103 0.000000
173 107 0.000000
173 107 1.000000
173 107 0.000000
173 107 1.000000
173 107 0.000000
173 107 1.000000
173 106 1.000000
173 106 0.000000
173 106 1.000000
171 103 1.000000
171 103 0.000000
171 103 1.000000
172 104 1.000000
172 104 0.000000
172 104 1.000000
175 109 1.000000
175 109 0.000000
175 109 1.000000
176 110 1.000000
176 110 0.000000
176 110 1.000000
174 107 1.000000
174 107 0.000000
174 107 1.000000
173 105 1.000000
173 105 0.000000
173 105 1.000000
171 102 1.000000
171 102 0.000000
171 102 1.000000
170 101 1.000000
170 101 0.000000
170 101 1.000000
169 99 1.000000
169 99 0.000000
169 99 1.000000
171 102 0.000000
171 102 1.000000
171 102 0.000000
174 106 1.000000
174 106 0.000000
174 106 1.000000
177 112 0.000000
177 112 1.000000
177 112 0.000000
176 110 0.000000
176 110 1.000000
176 110 0.000000
175 109 0.000000
175 109 1.000000
175 109 0.000000
176 111 0.000000
176 111 1.000000
176 111 0.000000
174 107 0.000000
174 107 1.000000
174 107 0.000000
173 106 0.000000
173 106 1.000000
173 106 0.000000
174 106 0.000000
174 106 1.000000
174 106 0.000000
173 105 0.000000
173 105 1.000000
173 105 0.000000
173 105 1.000000
173 105 0.000000
173 105 1.000000
173 105 0.000000
173 105 1.000000
173 105 0.000000
173 105 1.000000
173 105 0.000000
173 105 1.000000
168 98 0.000000
168 98 1.000000
168 98 0.000000
169 99 0.000000
169 99 1.000000
169 99 0.000000
170 101 0.000000
170 101 1.000000
170 101 0.000000
171 103 0.000000
171 103 1.000000
171 103 0.000000
172 104 0.000000
172 104 1.000000
172 104 0.000000
173 105 0.000000
173 105 1.000000
173 105 0.000000
172 105 0.000000
172 105 1.000000
172 105 0.000000
170 102 0.000000
170 102 1.000000
170 102 0.000000
169 100 0.000000
169 100 1.000000
169 100 0.000000
174 108 0.000000
174 108 1.000000
174 108 0.000000
93 65 0.000000
93 65 1.000000
93 65 0.000000
94 64 0.000000
94 64 1.000000
94 64 0.000000
95 63 0.000000
95 63 1.000000
95 63 0.000000
94 64 1.000000
94 64 0.000000
94 64 1.000000
94 63 0.000000
94 63 1.000000
94 63 0.000000
94 62 0.000000
94 62 1.000000
94 62 0.000000
94 61 0.000000
94 61 1.000000
94 61 0.000000
94 60 0.000000
94 60 1.000000
94 60 0.000000
95 60 0.000000
95 60 1.000000
95 60 0.000000
95 59 0.000000
95 59 1.000000
95 59 0.000000
95 59 1.000000
95 59 0.000000
95 59 1.000000
95 59 0.000000
95 59 1.000000
95 59 0.000000
86 61 0.000000
86 61 1.000000
86 61 0.000000
86 60 0.000000
86 60 1.000000
86 60 0.000000
86 60 1.000000
86 60 0.000000
86 60 1.000000
86 60 0.000000
86 60 1.000000
86 60 0.000000
86 60 1.000000
86 60 0.000000
86 60 1.000000
86 60 0.000000
86 60 1.000000
86 60 0.000000
87 61 0.000000
87 61 1.000000
87 61 0.000000
87 60 0.000000
87 60 1.000000
87 60 0.000000
87 59 0.000000
87 59 1.000000
87 59 0.000000
88 59 0.000000
88 59 1.000000
88 59 0.000000
88 60 0.000000
88 60 1.000000
88 60 0.000000
88 61 0.000000
88 61 1.000000
88 61 0.000000
89 62 0.000000
89 62 1.000000
89 62 0.000000
89 61 0.000000
89 61 1.000000
89 61 0.000000
89 60 0.000000
89 60 1.000000
89 60 0.000000
89 59 0.000000
89 59 1.000000
89 59 0.000000
90 59 0.000000
90 59 1.000000
90 59 0.000000
90 60 0.000000
90 60 1.000000
90 60 0.000000
90 61 0.000000
90 61 1.000000
90 61 0.000000
90 62 0.000000
90 62 1.000000
90 62 0.000000
91 62 0.000000
91 62 1.000000
91 62 0.000000
93 64 0.000000
93 64 1.000000
93 64 0.000000
93 63 0.000000
93 63 1.000000
93 63 0.000000
92 63 0.000000
92 63 1.000000
92 63 0.000000
92 63 1.000000
92 63 0.000000
92 63 1.000000
91 61 0.000000
91 61 1.000000
91 61 0.000000
92 61 0.000000
92 61 1.000000
92 61 0.000000
93 61 0.000000
93 61 1.000000
93 61 0.000000
93 59 0.000000
93 59 1.000000
93 59 0.000000
94 59 0.000000
94 59 1.000000
94 59 0.000000
93 58 0.000000
93 58 1.000000
93 58 0.000000
92 58 0.000000
92 58 1.000000
92 58 0.000000
91 58 0.000000
91 58 1.000000
91 58 0.000000
91 59 0.000000
91 59 1.000000
91 59 0.000000
91 60 0.000000
91 60 1.000000
91 60 0.000000
92 60 0.000000
92 60 1.000000
92 60 0.000000
92 59 0.000000
92 59 1.000000
92 59 0.000000
93 60 0.000000
93 60 1.000000
93 60 0.000000
93 62 0.000000
93 62 1.000000
93 62 0.000000
92 62 0.000000
92 62 1.000000
92 62 0.000000
92 63 0.000000
92 63 1.000000
92 63 0.000000
93 65 1.000000
93 65 0.000000
93 65 1.000000
189 124 0.000000
189 124 1.000000
189 124 0.000000
188 122 0.000000
188 122 1.000000
188 122 0.000000
188 123 0.000000
188 123 1.000000
188 123 0.000000
187 122 0.000000
187 122 1.000000
187 122 0.000000
186 121 0.000000
186 121 1.000000
186 121 0.000000
185 120 0.000000
185 120 1.000000
185 120 0.000000
192 121 0.000000
192 121 1.000000
192 121 0.000000
193 123 0.000000
193 123 1.000000
193 123 0.000000
194 122 0.000000
194 122 1.000000
194 122 0.000000
192 124 0.000000
192 124 1.000000
192 124 0.000000
90 70 0.000000
90 70 1.000000
90 70 0.000000
90 70 1.000000
90 70 0.000000
90 70 1.000000
88 69 0.000000
88 69 1.000000
88 69 0.000000
90 70 0.000000
90 70 1.000000
90 70 0.000000
89 70 0.000000
89 70 1.000000
89 70 0.000000
89 70 1.000000
89 70 0.000000
89 70 1.000000
88 69 1.000000
88 69 0.000000
88 69 1.000000
90 70 1.000000
90 70 0.000000
90 70 1.000000
93 68 0.000000
93 68 1.000000
93 68 0.000000
94 69 0.000000
94 69 1.000000
94 69 0.000000
94 70 0.000000
94 70 1.000000
94 70 0.000000
166 95 0.000000
166 95 1.000000
166 95 0.000000
165 93 0.000000
165 93 1.000000
165 93 0.000000
164 91 0.000000
164 91 1.000000
164 91 0.000000
163 89 0.000000
163 89 1.000000
163 89 0.000000
161 86 0.000000
161 86 1.000000
161 86 0.000000
435 157 1.000000
29 21 0.000000
30 21 0.000000
31 21 0.000000
31 20 0.000000
30 20 0.000000
29 20 0.000000
30 15 0.000000
31 15 0.000000
31 10 0.000000
31 11 0.000000
31 12 0.000000
32 12 0.000000
32 13 0.000000
33 13 0.000000
33 14 0.000000
33 15 0.000000
33 16 0.000000
32 19 0.000000
32 17 0.000000
32 16 0.000000
32 15 0.000000
32 14 0.000000
31 25 0.000000
30 24 0.000000
29 23 0.000000
28 22 0.000000
27 21 0.000000
18 12 0.000000
17 11 0.000000
15 10 0.000000
12 8 1.000000
7 6 1.000000
0 6 1.000000
0 6 0.000000
0 6 1.000000
3 5 1.000000
4 5 1.000000
10 7 0.000000
13 8 0.000000
27 21 1.000000
58 32 0.000000
59 32 0.000000
59 32 1.000000
59 32 0.000000
59 32 1.000000
59 32 0.000000
60 31 0.000000
58 31 0.000000
59 31 0.000000
60 32 0.000000
51 36 1.000000
48 35 1.000000
49 35 1.000000
46 35 0.000000
45 35 0.000000
43 34 0.000000
41 33 0.000000
40 33 0.000000
38 32 0.000000
35 29 0.000000
34 28 0.000000
44 31 0.000000
45 31 0.000000
46 31 0.000000
47 31 0.000000
48 31 1.000000
48 31 0.000000
48 30 0.000000
44 30 0.000000
45 30 0.000000
46 30 0.000000
47 30 0.000000
47 35 1.000000
112 44 0.000000
111 42 1.000000
110 41 1.000000
111 41 1.000000
110 40 1.000000
109 39 1.000000
108 39 1.000000
108 38 1.000000
109 38 1.000000
110 38 1.000000
110 37 1.000000
105 56 1.000000
101 55 1.000000
96 61 0.000000
97 61 0.000000
97 62 0.000000
94 61 0.000000
93 60 0.000000
94 58 0.000000
95 60 0.000000
104 52 0.000000
109 51 0.000000
119 47 0.000000
155 38 0.000000
154 38 0.000000
152 37 0.000000
150 36 0.000000
147 36 0.000000
145 36 0.000000
146 36 0.000000
135 32 1.000000
131 32 0.000000
132 32 0.000000
124 47 0.000000
125 46 0.000000
158 37 0.000000
159 37 0.000000
160 37 0.000000
137 29 0.000000
136 31 0.000000
130 33 1.000000
161 37 1.000000
148 36 0.000000
149 36 0.000000
173 31 1.000000
171 28 1.000000
170 26 1.000000
170 25 1.000000
170 23 1.000000
170 22 1.000000
171 22 1.000000
172 22 1.000000
174 21 1.000000
175 21 1.000000
173 34 1.000000
200 17 1.000000
199 16 1.000000
198 15 1.000000
197 15 1.000000
195 14 1.000000
194 14 1.000000
193 13 1.000000
186 14 1.000000
187 14 1.000000
178 20 1.000000
179 20 1.000000
180 20 1.000000
180 21 1.000000
184 19 1.000000
184 18 1.000000
184 17 1.000000
184 16 1.000000
184 15 1.000000
184 14 1.000000
183 15 1.000000
183 14 1.000000
182 13 1.000000
182 14 1.000000
183 13 1.000000
184 13 1.000000
185 13 1.000000
185 18 1.000000
257 13 1.000000
256 13 1.000000
255 13 1.000000
254 14 1.000000
253 14 1.000000
252 15 1.000000
251 15 1.000000
250 15 1.000000
250 16 1.000000
251 16 1.000000
223 23 1.000000
228 22 1.000000
224 21 0.000000
222 20 1.000000
222 20 0.000000
223 20 0.000000
234 20 1.000000
235 18 1.000000
236 18 1.000000
236 17 1.000000
237 17 1.000000
238 17 1.000000
239 18 1.000000
240 18 1.000000
241 18 1.000000
242 18 1.000000
243 17 1.000000
243 16 1.000000
242 17 1.000000
241 17 1.000000
245 15 1.000000
249 17 1.000000
249 15 1.000000
249 16 1.000000
248 17 1.000000
248 16 1.000000
248 15 1.000000
248 14 1.000000
247 14 1.000000
247 15 1.000000
247 16 1.000000
247 17 1.000000
246 17 1.000000
246 16 1.000000
246 15 1.000000
245 14 1.000000
246 14 1.000000
245 13 1.000000
246 13 1.000000
247 13 1.000000
207 19 1.000000
208 19 1.000000
210 17 1.000000
211 17 1.000000
211 16 1.000000
210 16 1.000000
207 18 1.000000
208 18 1.000000
201 18 1.000000
202 18 1.000000
203 18 1.000000
285 13 1.000000
274 14 1.000000
268 11 1.000000
269 11 1.000000
269 10 1.000000
269 10 0.000000
267 9 1.000000
268 9 1.000000
269 10 1.000000
274 8 0.000000
280 10 0.000000
290 10 0.000000
291 10 0.000000
296 11 0.000000
301 8 1.000000
303 7 1.000000
305 6 1.000000
307 6 0.000000
344 19 1.000000
342 18 1.000000
336 18 0.000000
334 16 0.000000
334 17 0.000000
337 16 0.000000
338 16 0.000000
339 16 0.000000
337 15 0.000000
331 15 1.000000
331 15 0.000000
327 11 1.000000
328 12 1.000000
329 13 1.000000
330 14 1.000000
331 15 1.000000
321 8 0.000000
320 6 0.000000
315 5 0.000000
47 35 0.000000
47 34 0.000000
47 33 0.000000
48 32 0.000000
48 33 0.000000
44 35 0.000000
44 35 1.000000
42 34 0.000000
44 35 0.000000
48 35 0.000000
48 34 0.000000
49 32 0.000000
49 33 0.000000
43 35 0.000000
342 18 0.000000
341 17 0.000000
343 19 0.000000
344 19 0.000000
339 17 0.000000
341 17 1.000000
340 17 0.000000
341 17 0.000000
97 60 0.000000
96 60 0.000000
95 59 0.000000
95 58 0.000000
96 57 0.000000
97 56 0.000000
98 56 0.000000
96 59 0.000000
96 58 0.000000
99 56 0.000000
101 55 0.000000
102 54 1.000000
102 54 0.000000
103 53 0.000000
255 13 0.000000
257 13 0.000000
256 13 0.000000
253 14 0.000000
251 15 0.000000
250 15 0.000000
249 15 0.000000
248 14 0.000000
247 13 0.000000
259 10 0.000000
260 9 0.000000
261 9 0.000000
111 103 0.000000
112 103 0.000000
113 103 0.000000
113 102 0.000000
111 102 0.000000
112 102 0.000000
114 101 0.000000
114 99 0.000000
114 98 0.000000
115 98 0.000000
115 97 0.000000
115 96 0.000000
115 95 0.000000
113 92 0.000000
113 93 0.000000
113 94 0.000000
114 94 0.000000
114 95 0.000000
114 96 0.000000
114 97 0.000000
113 97 0.000000
112 97 0.000000
126 113 0.000000
127 113 0.000000
128 113 0.000000
129 113 0.000000
129 113 1.000000
126 112 0.000000
127 112 0.000000
128 112 0.000000
129 112 0.000000
130 112 0.000000
129 113 0.000000
6 18 1.000000
8 18 1.000000
48 47 1.000000
47 46 1.000000
47 45 1.000000
47 44 1.000000
47 43 1.000000
46 42 0.000000
46 41 0.000000
45 39 0.000000
51 63 0.000000
52 63 0.000000
50 60 0.000000
50 59 0.000000
50 58 0.000000
49 57 0.000000
49 54 1.000000
48 54 1.000000
48 53 1.000000
48 52 1.000000
48 51 1.000000
49 50 1.000000
49 49 1.000000
49 48 1.000000
49 47 1.000000
49 58 0.000000
56 69 1.000000
55 68 0.000000
54 67 0.000000
53 66 0.000000
52 65 0.000000
57 68 1.000000
58 69 1.000000
58 68 1.000000
57 67 1.000000
56 68 1.000000
56 67 1.000000
56 66 1.000000
59 70 1.000000
59 69 1.000000
60 70 1.000000
82 88 1.000000
78 88 1.000000
76 90 1.000000
75 89 1.000000
73 88 1.000000
71 87 0.000000
70 86 0.000000
71 86 0.000000
70 85 0.000000
69 86 0.000000
69 86 1.000000
62 77 1.000000
63 77 1.000000
63 76 1.000000
63 75 1.000000
63 74 1.000000
63 73 1.000000
62 72 1.000000
62 73 1.000000
62 74 1.000000
61 74 1.000000
61 73 1.000000
61 72 1.000000
61 71 1.000000
61 70 1.000000
61 70 0.000000
58 71 1.000000
59 72 1.000000
60 71 1.000000
60 72 1.000000
60 73 1.000000
60 74 1.000000
65 82 0.000000
64 81 0.000000
63 80 0.000000
68 83 0.000000
67 82 0.000000
66 81 0.000000
65 80 0.000000
72 85 0.000000
71 85 0.000000
72 87 0.000000
73 87 0.000000
73 87 1.000000
69 86 0.000000
68 85 0.000000
67 84 0.000000
72 87 1.000000
70 87 0.000000
64 77 1.000000
64 76 1.000000
65 77 1.000000
65 76 1.000000
66 77 1.000000
66 77 0.000000
64 78 1.000000
65 78 1.000000
66 78 1.000000
66 77 1.000000
66 76 1.000000
64 79 1.000000
65 79 1.000000
66 79 1.000000
65 80 1.000000
66 80 1.000000
66 81 1.000000
67 81 1.000000
67 82 1.000000
68 82 1.000000
68 83 1.000000
69 83 1.000000
70 84 1.000000
71 84 1.000000
71 85 1.000000
72 85 1.000000
70 83 1.000000
69 82 1.000000
69 82 0.000000
69 82 1.000000
68 81 1.000000
67 80 1.000000
64 79 0.000000
66 81 0.000000
66 81 1.000000
65 83 0.000000
66 84 0.000000
67 85 0.000000
68 86 0.000000
69 84 1.000000
68 86 1.000000
67 85 1.000000
66 84 1.000000
65 83 1.000000
65 83 0.000000
65 83 1.000000
70 85 1.000000
71 86 1.000000
110 104 0.000000
111 103 0.000000
111 102 0.000000
112 102 0.000000
112 103 0.000000
113 103 0.000000
113 102 0.000000
113 102 1.000000
113 92 0.000000
113 93 0.000000
113 94 0.000000
114 94 0.000000
114 95 0.000000
115 95 0.000000
115 96 0.000000
114 96 0.000000
112 97 0.000000
113 97 0.000000
114 99 0.000000
114 98 0.000000
114 97 0.000000
115 97 0.000000
115 98 0.000000
113 102 0.000000
114 101 0.000000
72 93 0.000000
85 87 1.000000
86 87 1.000000
89 88 1.000000
93 89 1.000000
94 90 1.000000
97 92 0.000000
72 93 1.000000
140 114 0.000000
141 114 0.000000
142 114 0.000000
142 113 0.000000
141 113 0.000000
141 113 1.000000
141 113 0.000000
140 113 0.000000
126 113 0.000000
127 113 0.000000
128 113 0.000000
129 113 0.000000
130 112 0.000000
129 112 0.000000
128 112 0.000000
127 112 0.000000
126 112 0.000000
133 118 1.000000
131 117 1.000000
131 117 0.000000
131 117 1.000000
130 117 1.000000
129 117 1.000000
128 117 0.000000
127 117 0.000000
125 116 0.000000
123 115 0.000000
122 115 0.000000
120 114 0.000000
117 111 0.000000
116 110 0.000000
112 106 0.000000
111 105 0.000000
113 107 0.000000
161 123 0.000000
160 122 0.000000
194 126 0.000000
191 133 0.000000
186 134 0.000000
178 143 0.000000
178 143 1.000000
179 143 0.000000
178 143 0.000000
176 143 0.000000
175 142 0.000000
187 138 1.000000
176 140 0.000000
183 137 1.000000
193 124 1.000000
193 123 1.000000
192 123 1.000000
192 122 1.000000
192 122 0.000000
192 122 1.000000
190 121 1.000000
190 120 1.000000
191 121 1.000000
191 121 0.000000
192 119 1.000000
192 120 1.000000
191 120 1.000000
191 121 1.000000
187 117 1.000000
187 116 1.000000
212 115 1.000000
217 114 1.000000
219 111 0.000000
206 129 0.000000
207 128 0.000000
255 113 1.000000
254 113 1.000000
253 110 1.000000
252 108 1.000000
252 107 1.000000
252 105 1.000000
252 104 1.000000
253 104 1.000000
254 104 1.000000
255 103 1.000000
256 103 1.000000
257 103 1.000000
260 102 1.000000
261 102 1.000000
262 102 1.000000
262 103 1.000000
260 102 0.000000
255 116 1.000000
250 118 0.000000
243 119 1.000000
240 119 0.000000
241 119 0.000000
237 120 0.000000
236 120 0.000000
234 119 0.000000
232 118 0.000000
242 119 0.000000
260 102 1.000000
289 101 1.000000
290 101 1.000000
289 100 1.000000
290 100 1.000000
292 99 1.000000
293 99 1.000000
293 98 1.000000
292 98 1.000000
292 97 1.000000
291 97 1.000000
291 98 1.000000
283 100 1.000000
284 100 1.000000
285 100 1.000000
282 99 1.000000
281 98 1.000000
280 97 1.000000
279 97 1.000000
277 96 1.000000
276 96 1.000000
275 95 1.000000
275 94 1.000000
274 94 1.000000
270 95 1.000000
269 96 1.000000
268 96 1.000000
266 95 1.000000
266 96 1.000000
266 97 1.000000
265 97 1.000000
263 96 1.000000
264 96 1.000000
265 96 1.000000
265 95 1.000000
264 95 1.000000
263 95 1.000000
262 96 1.000000
262 95 1.000000
266 101 1.000000
266 100 1.000000
267 100 1.000000
266 99 1.000000
266 98 1.000000
291 98 0.000000
291 97 0.000000
292 97 0.000000
310 104 1.000000
305 102 0.000000
305 105 1.000000
306 103 0.000000
426 101 1.000000
424 100 1.000000
419 98 0.000000
419 98 1.000000
421 98 0.000000
420 98 0.000000
419 98 0.000000
419 98 1.000000
419 98 0.000000
419 97 0.000000
416 99 0.000000
416 98 0.000000
414 96 1.000000
413 97 1.000000
412 96 1.000000
411 95 1.000000
410 94 1.000000
409 93 1.000000
403 90 0.000000
418 100 0.000000
397 87 0.000000
397 87 1.000000
397 87 0.000000
387 88 1.000000
385 89 1.000000
383 90 1.000000
382 90 1.000000
373 92 0.000000
372 92 0.000000
367 95 1.000000
368 93 0.000000
369 93 0.000000
380 91 0.000000
389 88 0.000000
362 92 0.000000
356 96 1.000000
350 93 1.000000
351 93 1.000000
351 92 1.000000
349 92 0.000000
350 91 1.000000
350 92 0.000000
349 91 1.000000
349 92 1.000000
350 92 1.000000
339 95 1.000000
338 95 1.000000
338 95 0.000000
337 95 1.000000
338 95 1.000000
336 96 1.000000
335 96 1.000000
334 97 1.000000
333 97 1.000000
332 97 1.000000
331 97 1.000000
331 99 1.000000
331 98 1.000000
332 98 1.000000
333 98 1.000000
330 99 1.000000
330 98 1.000000
330 97 1.000000
330 96 1.000000
329 96 1.000000
329 95 1.000000
328 95 1.000000
327 95 1.000000
327 96 1.000000
327 97 1.000000
328 96 1.000000
328 97 1.000000
329 97 1.000000
329 98 1.000000
329 99 1.000000
328 99 1.000000
328 98 1.000000
325 98 1.000000
325 99 1.000000
324 99 1.000000
324 100 1.000000
323 100 1.000000
322 100 1.000000
321 100 1.000000
318 100 1.000000
317 100 1.000000
316 102 1.000000
525 70 0.000000
518 75 0.000000
517 79 0.000000
516 79 0.000000
515 78 0.000000
509 93 0.000000
509 94 0.000000
505 90 0.000000
505 89 0.000000
504 88 1.000000
510 92 1.000000
510 93 0.000000
510 92 0.000000
521 72 1.000000
505 90 1.000000
492 88 1.000000
488 86 1.000000
485 85 1.000000
484 85 1.000000
468 86 0.000000
469 86 0.000000
474 85 0.000000
471 86 1.000000
468 85 0.000000
468 84 0.000000
467 83 0.000000
460 88 0.000000
456 89 0.000000
450 91 1.000000
452 90 1.000000
444 94 1.000000
445 93 1.000000
434 99 0.000000
432 99 0.000000
431 99 0.000000
432 99 1.000000
431 99 1.000000
427 100 1.000000
420 100 1.000000
418 100 1.000000
420 100 0.000000
407 92 1.000000
404 91 1.000000
403 90 1.000000
401 87 1.000000
28 11 1.000000
25 9 1.000000
23 8 1.000000
0 12 0.000000
0 11 0.000000
0 10 0.000000
0 9 0.000000
0 8 0.000000
3 9 0.000000
5 7 1.000000
7 6 1.000000
8 6 1.000000
18 5 1.000000
27 10 1.000000
35 17 1.000000
36 18 1.000000
38 20 1.000000
38 20 0.000000
34 16 1.000000
49 44 0.000000
47 41 0.000000
46 40 0.000000
47 40 0.000000
46 39 0.000000
45 36 1.000000
45 36 0.000000
45 36 1.000000
44 36 1.000000
45 35 1.000000
43 33 1.000000
43 32 1.000000
44 31 1.000000
44 30 1.000000
43 29 1.000000
44 29 1.000000
42 29 1.000000
42 28 1.000000
42 27 1.000000
42 26 1.000000
41 25 1.000000
38 20 1.000000
77 68 1.000000
76 68 1.000000
74 67 1.000000
71 66 0.000000
70 65 0.000000
69 65 0.000000
67 64 0.000000
64 60 0.000000
65 61 0.000000
66 62 0.000000
67 62 0.000000
67 63 0.000000
68 63 0.000000
70 64 0.000000
72 65 0.000000
72 64 0.000000
71 65 0.000000
71 64 0.000000
73 65 0.000000
72 66 1.000000
70 66 0.000000
61 58 0.000000
61 56 1.000000
61 58 1.000000
61 57 1.000000
61 55 1.000000
61 54 1.000000
61 53 1.000000
60 52 1.000000
60 53 1.000000
60 54 1.000000
59 54 1.000000
59 53 1.000000
59 52 1.000000
59 51 1.000000
58 50 1.000000
58 51 1.000000
58 52 1.000000
58 53 1.000000
58 54 1.000000
56 52 1.000000
57 51 1.000000
57 50 1.000000
56 50 1.000000
56 49 1.000000
55 49 1.000000
55 48 1.000000
54 48 1.000000
54 49 1.000000
54 50 1.000000
52 49 0.000000
87 64 1.000000
86 64 1.000000
85 64 1.000000
84 65 1.000000
81 64 0.000000
78 66 1.000000
77 67 1.000000
81 64 1.000000
81 63 1.000000
113 77 0.000000
114 77 0.000000
114 76 0.000000
113 76 0.000000
112 76 0.000000
112 75 0.000000
115 76 0.000000
115 75 0.000000
116 71 0.000000
115 71 0.000000
115 70 0.000000
116 70 0.000000
115 69 0.000000
115 68 0.000000
113 70 0.000000
114 70 0.000000
114 68 0.000000
114 67 0.000000
113 65 0.000000
113 66 0.000000
113 67 0.000000
113 67 1.000000
113 67 0.000000
114 66 0.000000
91 65 1.000000
93 65 1.000000
96 66 1.000000
98 68 0.000000
93 65 0.000000
77 67 0.000000
143 84 0.000000
144 83 0.000000
145 83 0.000000
143 83 0.000000
144 84 0.000000
146 83 0.000000
136 89 1.000000
137 89 1.000000
131 88 0.000000
130 88 0.000000
129 88 0.000000
125 87 0.000000
132 85 0.000000
132 84 0.000000
132 84 1.000000
128 84 0.000000
129 84 0.000000
130 84 0.000000
130 84 1.000000
132 84 0.000000
132 84 1.000000
132 84 0.000000
132 83 0.000000
131 84 0.000000
131 83 0.000000
130 84 0.000000
130 83 0.000000
185 108 0.000000
184 108 0.000000
184 109 0.000000
183 109 0.000000
181 107 0.000000
180 107 0.000000
180 107 1.000000
180 107 0.000000
179 106 0.000000
182 108 0.000000
181 108 0.000000
182 109 0.000000
185 109 0.000000
172 99 1.000000
169 95 1.000000
183 104 1.000000
184 103 1.000000
185 102 1.000000
186 102 1.000000
191 104 1.000000
192 103 1.000000
202 95 1.000000
196 96 1.000000
196 87 1.000000
196 86 1.000000
195 86 1.000000
195 85 1.000000
194 85 1.000000
193 84 1.000000
194 84 1.000000
195 84 1.000000
195 83 1.000000
194 83 1.000000
194 83 0.000000
194 83 1.000000
195 82 1.000000
192 84 1.000000
190 80 1.000000
190 79 1.000000
190 78 1.000000
195 78 1.000000
196 78 1.000000
197 78 1.000000
202 86 1.000000
198 95 0.000000
192 98 0.000000
191 98 0.000000
211 89 0.000000
209 91 1.000000
208 91 1.000000
215 83 1.000000
214 80 1.000000
214 79 1.000000
214 76 1.000000
206 92 1.000000
207 92 1.000000
206 92 0.000000
207 92 0.000000
216 74 0.000000
258 71 0.000000
246 75 1.000000
246 75 0.000000
245 75 1.000000
246 75 1.000000
241 77 1.000000
231 76 0.000000
225 75 1.000000
222 71 1.000000
219 74 1.000000
258 71 1.000000
257 71 1.000000
246 74 1.000000
244 74 1.000000
245 74 1.000000
244 74 0.000000
282 51 1.000000
281 50 1.000000
279 50 1.000000
279 49 1.000000
278 49 1.000000
277 49 1.000000
276 49 1.000000
276 48 1.000000
275 48 1.000000
274 47 1.000000
273 47 1.000000
272 47 1.000000
274 46 1.000000
273 46 1.000000
270 48 1.000000
269 49 1.000000
268 49 1.000000
267 49 1.000000
266 49 1.000000
265 49 1.000000
264 49 1.000000
263 49 1.000000
263 50 1.000000
263 51 1.000000
264 51 1.000000
264 50 1.000000
262 50 1.000000
262 49 1.000000
262 49 0.000000
265 54 1.000000
265 53 1.000000
265 52 1.000000
265 51 1.000000
265 50 1.000000
262 49 1.000000
266 55 1.000000
266 54 1.000000
266 53 1.000000
266 52 1.000000
265 54 0.000000
263 56 1.000000
262 56 1.000000
262 57 1.000000
261 56 1.000000
261 57 1.000000
260 57 1.000000
258 58 1.000000
257 58 1.000000
256 58 1.000000
255 59 1.000000
254 59 1.000000
253 59 1.000000
253 60 1.000000
252 61 1.000000
252 62 1.000000
252 63 1.000000
253 63 1.000000
253 63 0.000000
257 68 1.000000
256 68 1.000000
255 67 1.000000
254 66 1.000000
254 65 1.000000
254 65 0.000000
254 65 1.000000
253 64 1.000000
253 63 1.000000
253 64 0.000000
337 40 1.000000
336 40 1.000000
334 41 1.000000
333 42 1.000000
333 43 1.000000
332 43 1.000000
332 42 1.000000
331 42 1.000000
331 43 1.000000
331 44 1.000000
330 44 1.000000
330 43 1.000000
330 43 0.000000
330 42 1.000000
329 42 1.000000
329 43 1.000000
330 43 1.000000
329 44 1.000000
328 45 1.000000
328 44 1.000000
328 43 1.000000
328 42 1.000000
328 41 1.000000
327 40 1.000000
326 40 1.000000
326 41 1.000000
326 42 1.000000
326 43 1.000000
327 44 1.000000
327 43 1.000000
327 42 1.000000
327 41 1.000000
325 44 1.000000
324 45 1.000000
324 46 1.000000
324 46 0.000000
294 54 1.000000
288 51 1.000000
289 51 1.000000
290 51 1.000000
291 50 1.000000
291 48 1.000000
291 48 0.000000
292 48 1.000000
293 48 1.000000
292 49 1.000000
291 49 1.000000
291 48 1.000000
305 54 1.000000
305 51 0.000000
310 52 1.000000
314 49 1.000000
317 47 1.000000
317 46 1.000000
318 46 1.000000
318 47 1.000000
319 46 1.000000
320 46 1.000000
321 46 1.000000
322 46 1.000000
323 46 1.000000
324 46 1.000000
323 45 1.000000
321 47 1.000000
320 47 1.000000
330 42 0.000000
331 42 0.000000
332 42 0.000000
301 52 0.000000
303 51 1.000000
301 51 0.000000
302 51 0.000000
303 51 0.000000
301 52 1.000000
339 36 1.000000
335 40 1.000000
364 36 1.000000
359 33 0.000000
349 35 1.000000
348 35 1.000000
348 34 1.000000
345 34 1.000000
346 34 1.000000
347 34 1.000000
351 32 1.000000
350 32 1.000000
349 33 1.000000
344 34 1.000000
424 34 1.000000
423 34 1.000000
418 34 0.000000
418 32 0.000000
418 33 0.000000
412 33 1.000000
412 32 1.000000
412 31 1.000000
413 31 1.000000
410 31 1.000000
409 30 1.000000
408 30 1.000000
408 29 1.000000
405 28 1.000000
394 24 0.000000
399 24 0.000000
384 27 1.000000
382 28 1.000000
381 28 1.000000
380 29 1.000000
375 33 0.000000
372 32 1.000000
373 32 1.000000
371 32 1.000000
414 32 0.000000
415 34 0.000000
421 32 1.000000
430 31 0.000000
448 21 1.000000
447 21 1.000000
446 21 1.000000
439 27 0.000000
438 27 0.000000
461 14 1.000000
463 14 0.000000
464 14 0.000000
464 13 0.000000
464 12 0.000000
464 12 1.000000
463 14 1.000000
464 12 0.000000
465 14 0.000000
483 17 1.000000
484 16 0.000000
485 16 0.000000
485 15 0.000000
485 14 0.000000
485 13 0.000000
485 12 0.000000
485 11 0.000000
485 10 0.000000
485 9 0.000000
485 8 0.000000
485 7 0.000000
485 6 0.000000
485 5 0.000000
484 8 0.000000
484 9 0.000000
484 10 0.000000
484 11 0.000000
484 12 0.000000
484 13 0.000000
482 13 0.000000
468 12 0.000000
449 20 1.000000
451 19 1.000000
450 19 1.000000
419 34 1.000000
440 26 1.000000
421 32 0.000000
421 32 1.000000
414 33 1.000000
414 32 1.000000
410 30 1.000000
410 30 0.000000
386 26 0.000000
385 26 0.000000
316 47 1.000000
312 50 1.000000
137 83 1.000000
13 1 0.000000
14 1 0.000000
15 1 0.000000
16 1 0.000000
23 5 1.000000
26 7 1.000000
29 10 1.000000
31 12 1.000000
0 7 1.000000
1 6 0.000000
5 2 1.000000
19 2 1.000000
47 44 0.000000
47 43 0.000000
46 43 0.000000
46 41 0.000000
44 39 0.000000
44 38 0.000000
43 37 0.000000
44 37 0.000000
43 36 0.000000
43 34 1.000000
43 33 1.000000
41 31 1.000000
41 32 1.000000
42 32 1.000000
42 33 1.000000
43 32 1.000000
42 29 1.000000
42 28 1.000000
41 27 1.000000
40 27 1.000000
41 26 1.000000
40 26 1.000000
40 25 1.000000
40 24 1.000000
39 24 1.000000
39 23 1.000000
39 22 1.000000
51 46 1.000000
51 45 1.000000
52 46 1.000000
53 46 1.000000
53 47 1.000000
54 47 1.000000
55 47 1.000000
55 48 1.000000
54 48 1.000000
54 49 1.000000
53 49 1.000000
53 48 1.000000
52 47 1.000000
51 47 1.000000
51 45 0.000000
49 46 0.000000
82 63 1.000000
81 63 1.000000
74 64 1.000000
75 64 1.000000
75 63 1.000000
73 66 1.000000
72 66 1.000000
71 65 1.000000
70 65 1.000000
67 63 0.000000
66 63 0.000000
64 62 0.000000
64 61 0.000000
62 60 0.000000
63 60 0.000000
63 60 1.000000
63 60 0.000000
62 59 0.000000
61 58 0.000000
58 55 1.000000
59 54 1.000000
58 54 1.000000
58 53 1.000000
58 52 1.000000
58 51 1.000000
57 50 1.000000
57 49 1.000000
56 49 1.000000
56 48 1.000000
55 49 1.000000
54 50 1.000000
55 50 1.000000
55 51 1.000000
55 52 1.000000
57 54 1.000000
57 52 1.000000
57 51 1.000000
56 52 1.000000
56 51 1.000000
56 50 1.000000
58 56 1.000000
68 63 0.000000
68 62 0.000000
69 62 0.000000
67 62 0.000000
67 61 0.000000
59 55 1.000000
133 89 1.000000
132 89 1.000000
130 88 0.000000
127 88 0.000000
127 87 0.000000
126 88 0.000000
122 87 0.000000
119 86 0.000000
127 84 0.000000
124 84 0.000000
124 83 0.000000
125 84 0.000000
126 84 0.000000
126 83 0.000000
127 83 0.000000
128 83 0.000000
128 84 0.000000
129 88 1.000000
130 88 1.000000
128 85 0.000000
125 88 0.000000
108 75 0.000000
108 75 1.000000
109 77 1.000000
109 75 0.000000
109 77 0.000000
108 75 0.000000
109 76 0.000000
110 76 0.000000
107 76 0.000000
106 75 0.000000
110 75 0.000000
111 75 0.000000
112 72 0.000000
112 71 0.000000
112 70 0.000000
112 69 0.000000
111 70 0.000000
111 69 0.000000
111 68 0.000000
111 67 0.000000
109 67 1.000000
109 69 0.000000
108 67 1.000000
109 65 0.000000
109 67 0.000000
109 66 0.000000
108 67 0.000000
110 67 0.000000
110 66 0.000000
110 65 0.000000
92 65 1.000000
91 65 1.000000
93 66 0.000000
97 68 0.000000
95 67 0.000000
133 83 1.000000
130 84 1.000000
186 106 1.000000
184 103 0.000000
179 109 0.000000
178 109 0.000000
177 108 0.000000
176 109 0.000000
177 110 0.000000
177 106 1.000000
167 100 1.000000
184 103 1.000000
183 103 1.000000
156 88 1.000000
139 84 0.000000
140 84 0.000000
140 83 0.000000
142 83 0.000000
165 97 1.000000
162 93 1.000000
185 86 1.000000
185 85 1.000000
185 84 1.000000
196 98 1.000000
192 89 1.000000
192 88 1.000000
191 88 1.000000
190 87 1.000000
190 86 1.000000
191 86 1.000000
191 85 1.000000
191 84 1.000000
190 85 1.000000
186 81 1.000000
186 80 1.000000
187 79 0.000000
193 81 1.000000
193 80 1.000000
192 80 1.000000
191 80 1.000000
195 86 1.000000
197 88 1.000000
194 85 1.000000
198 91 1.000000
189 87 1.000000
188 86 1.000000
189 86 1.000000
210 79 1.000000
210 78 1.000000
210 77 1.000000
211 77 1.000000
214 77 0.000000
210 84 1.000000
206 92 0.000000
199 89 0.000000
227 79 0.000000
238 80 0.000000
221 78 1.000000
218 74 1.000000
253 72 1.000000
252 72 1.000000
253 75 1.000000
250 69 1.000000
250 68 1.000000
249 67 1.000000
249 66 1.000000
249 65 1.000000
249 64 1.000000
251 63 1.000000
250 63 1.000000
252 62 1.000000
253 62 1.000000
254 62 1.000000
256 61 1.000000
257 61 1.000000
258 61 1.000000
259 61 1.000000
259 60 1.000000
260 60 1.000000
261 60 1.000000
258 60 1.000000
263 59 1.000000
262 58 1.000000
262 59 1.000000
262 57 1.000000
263 58 1.000000
263 57 1.000000
266 53 1.000000
265 53 1.000000
265 54 1.000000
264 54 1.000000
263 54 1.000000
262 54 1.000000
261 54 1.000000
260 54 1.000000
260 55 1.000000
261 55 1.000000
262 55 1.000000
262 56 1.000000
259 55 1.000000
259 54 1.000000
268 52 1.000000
269 52 1.000000
242 79 1.000000
241 79 1.000000
334 47 1.000000
334 46 1.000000
333 47 1.000000
333 46 1.000000
332 47 1.000000
332 46 1.000000
331 47 1.000000
331 48 1.000000
330 48 1.000000
330 49 1.000000
329 50 1.000000
329 49 1.000000
328 49 1.000000
328 50 1.000000
327 51 1.000000
327 50 1.000000
327 49 1.000000
326 48 1.000000
326 49 1.000000
326 50 1.000000
326 51 1.000000
325 51 1.000000
324 51 1.000000
324 50 1.000000
324 49 1.000000
324 48 1.000000
324 47 1.000000
325 47 1.000000
325 48 1.000000
325 49 1.000000
325 50 1.000000
323 49 1.000000
323 48 1.000000
323 47 1.000000
322 50 1.000000
321 51 1.000000
321 52 1.000000
320 52 1.000000
320 53 1.000000
319 53 1.000000
319 52 1.000000
318 53 1.000000
318 52 1.000000
317 53 1.000000
317 52 1.000000
316 52 1.000000
315 53 1.000000
315 52 1.000000
314 52 1.000000
314 53 1.000000
313 53 1.000000
312 54 1.000000
311 55 1.000000
311 56 1.000000
309 56 1.000000
308 56 1.000000
291 59 1.000000
295 56 1.000000
295 56 0.000000
295 56 1.000000
295 56 0.000000
295 56 1.000000
294 55 1.000000
290 53 1.000000
289 53 1.000000
288 53 1.000000
288 54 1.000000
288 55 1.000000
289 54 1.000000
292 53 1.000000
285 57 1.000000
286 57 1.000000
286 57 0.000000
270 52 1.000000
271 52 1.000000
271 51 1.000000
270 51 1.000000
272 53 1.000000
273 53 1.000000
276 54 1.000000
277 54 1.000000
277 55 1.000000
278 55 1.000000
285 56 1.000000
286 57 1.000000
286 56 1.000000
287 56 1.000000
380 36 1.000000
379 36 1.000000
378 36 1.000000
378 37 1.000000
377 37 1.000000
373 41 0.000000
371 41 1.000000
370 40 1.000000
369 40 1.000000
370 41 1.000000
368 42 1.000000
365 41 0.000000
357 41 0.000000
352 45 1.000000
346 41 1.000000
345 41 1.000000
345 42 1.000000
346 42 1.000000
346 43 1.000000
342 41 1.000000
343 41 1.000000
345 41 0.000000
336 44 1.000000
336 43 1.000000
344 41 1.000000
345 41 1.000000
430 41 0.000000
427 41 0.000000
426 42 1.000000
425 42 1.000000
424 42 1.000000
422 44 1.000000
420 43 1.000000
419 42 1.000000
415 42 0.000000
415 41 0.000000
416 41 0.000000
414 41 0.000000
412 43 0.000000
409 40 1.000000
409 41 1.000000
409 42 1.000000
407 39 1.000000
406 39 1.000000
405 39 1.000000
405 38 1.000000
403 37 1.000000
399 36 1.000000
398 35 0.000000
383 34 0.000000
385 33 0.000000
463 25 0.000000
463 24 0.000000
459 25 1.000000
446 31 1.000000
438 36 1.000000
437 37 0.000000
435 38 0.000000
415 44 1.000000
462 24 0.000000
462 23 0.000000
462 23 1.000000
462 22 1.000000
461 22 1.000000
508 4 0.000000
509 4 0.000000
503 12 0.000000
503 11 0.000000
498 28 0.000000
499 27 0.000000
499 26 0.000000
495 25 0.000000
495 24 0.000000
491 24 0.000000
471 23 0.000000
482 23 1.000000
505 9 0.000000
505 7 1.000000
505 8 0.000000
505 7 0.000000
495 25 1.000000
69 63 0.000000
144 83 1.000000
145 83 1.000000
192 98 1.000000
191 98 1.000000
201 94 1.000000
251 71 1.000000
247 78 1.000000
365 41 1.000000
503 13 0.000000
502 13 0.000000
498 20 1.000000
