   5.1464900e+05  -1.6431951e+06
   5.0848915e+05  -1.6432393e+06
   5.0250264e+05  -1.6432824e+06
   4.9668946e+05  -1.6433242e+06
   4.9104960e+05  -1.6433647e+06
   4.8558308e+05  -1.6434040e+06
   4.8028988e+05  -1.6434420e+06
   4.7517002e+05  -1.6434788e+06
   4.7022348e+05  -1.6435144e+06
   4.6545027e+05  -1.6435487e+06
   4.6085039e+05  -1.6435818e+06
   4.5642383e+05  -1.6436136e+06
   4.5217061e+05  -1.6436442e+06
   4.4809071e+05  -1.6436735e+06
   4.4418415e+05  -1.6437016e+06
   4.4045091e+05  -1.6437284e+06
   4.3689100e+05  -1.6437540e+06
   4.3350443e+05  -1.6437784e+06
   4.3029117e+05  -1.6438015e+06
   4.2725125e+05  -1.6438233e+06
   4.2438466e+05  -1.6438439e+06
   4.2169140e+05  -1.6438633e+06
   4.1917146e+05  -1.6438814e+06
   4.1682486e+05  -1.6438983e+06
   4.1465158e+05  -1.6439139e+06
   4.1265163e+05  -1.6439283e+06
   4.1065168e+05  -1.6439426e+06
   4.0865173e+05  -1.6439570e+06
   4.0665179e+05  -1.6439714e+06
   4.0465184e+05  -1.6439858e+06
   4.0265189e+05  -1.6440001e+06
   4.0065194e+05  -1.6440145e+06
   3.9865199e+05  -1.6440289e+06
   3.9665204e+05  -1.6440433e+06
   3.9465210e+05  -1.6440576e+06
   3.9265215e+05  -1.6440720e+06
   3.9065220e+05  -1.6440864e+06
   3.8865225e+05  -1.6441008e+06
   3.8665230e+05  -1.6441152e+06
   3.8465235e+05  -1.6441295e+06
   3.8265241e+05  -1.6441439e+06
   3.8065246e+05  -1.6441583e+06
   3.7865251e+05  -1.6441727e+06
   3.7665256e+05  -1.6441870e+06
   3.7465261e+05  -1.6442014e+06
   3.7265266e+05  -1.6442158e+06
   3.7065272e+05  -1.6442302e+06
   3.6865277e+05  -1.6442445e+06
   3.6665282e+05  -1.6442589e+06
   3.6465287e+05  -1.6442733e+06
   3.6265292e+05  -1.6442877e+06
   3.6065297e+05  -1.6443020e+06
   3.5865303e+05  -1.6443164e+06
   3.5665308e+05  -1.6443308e+06
   3.5465313e+05  -1.6443452e+06
   3.5265318e+05  -1.6443596e+06
   3.5065323e+05  -1.6443739e+06
   3.4865328e+05  -1.6443883e+06
   3.4665334e+05  -1.6444027e+06
   3.4465339e+05  -1.6444171e+06
   3.4265344e+05  -1.6444314e+06
   3.4065349e+05  -1.6444458e+06
   3.3865354e+05  -1.6444602e+06
   3.3665359e+05  -1.6444746e+06
   3.3465365e+05  -1.6444889e+06
   3.3265370e+05  -1.6445033e+06
   3.3065375e+05  -1.6445177e+06
   3.2865380e+05  -1.6445321e+06
   3.2665385e+05  -1.6445464e+06
   3.2465390e+05  -1.6445608e+06
   3.2265396e+05  -1.6445752e+06
   3.2065401e+05  -1.6445896e+06
   3.1865406e+05  -1.6446040e+06
   3.1665411e+05  -1.6446183e+06
   3.1465416e+05  -1.6446327e+06
   3.1265421e+05  -1.6446471e+06
   3.1065427e+05  -1.6446615e+06
   3.0865432e+05  -1.6446758e+06
   3.0665437e+05  -1.6446902e+06
   3.0465442e+05  -1.6447046e+06
   3.0265447e+05  -1.6447190e+06
   3.0065452e+05  -1.6447333e+06
   2.9865458e+05  -1.6447477e+06
   2.9665463e+05  -1.6447621e+06
   2.9465468e+05  -1.6447765e+06
   2.9265473e+05  -1.6447908e+06
   2.9065478e+05  -1.6448052e+06
   2.8865483e+05  -1.6448196e+06
   2.8665489e+05  -1.6448340e+06
   2.8465494e+05  -1.6448484e+06
   2.8265499e+05  -1.6448627e+06
   2.8065504e+05  -1.6448771e+06
   2.7865509e+05  -1.6448915e+06
   2.7665514e+05  -1.6449059e+06
   2.7465520e+05  -1.6449202e+06
   2.7265525e+05  -1.6449346e+06
   2.7065530e+05  -1.6449490e+06
   2.6865535e+05  -1.6449634e+06
   2.6665540e+05  -1.6449777e+06
   2.6465545e+05  -1.6449921e+06
   2.6265551e+05  -1.6450065e+06
   2.6065556e+05  -1.6450209e+06
   2.5865561e+05  -1.6450352e+06
   2.5665566e+05  -1.6450496e+06
   2.5465571e+05  -1.6450640e+06
   2.5265576e+05  -1.6450784e+06
   2.5065582e+05  -1.6450928e+06
   2.4865587e+05  -1.6451071e+06
   2.4665592e+05  -1.6451215e+06
   2.4465597e+05  -1.6451359e+06
   2.4265602e+05  -1.6451503e+06
   2.4065607e+05  -1.6451646e+06
   2.3865613e+05  -1.6451790e+06
   2.3665618e+05  -1.6451934e+06
   2.3465623e+05  -1.6452078e+06
   2.3265628e+05  -1.6452221e+06
   2.3065633e+05  -1.6452365e+06
   2.2865638e+05  -1.6452509e+06
   2.2665644e+05  -1.6452653e+06
   2.2465649e+05  -1.6452796e+06
   2.2265654e+05  -1.6452940e+06
   2.2065659e+05  -1.6453084e+06
   2.1865664e+05  -1.6453228e+06
   2.1665669e+05  -1.6453372e+06
   2.1465675e+05  -1.6453515e+06
   2.1265680e+05  -1.6453659e+06
   2.1065685e+05  -1.6453803e+06
   2.0865690e+05  -1.6453947e+06
   2.0665695e+05  -1.6454090e+06
   2.0465700e+05  -1.6454234e+06
   2.0265706e+05  -1.6454378e+06
   2.0065711e+05  -1.6454522e+06
   1.9865716e+05  -1.6454665e+06
   1.9665721e+05  -1.6454809e+06
   1.9465726e+05  -1.6454953e+06
   1.9265731e+05  -1.6455097e+06
   1.9065737e+05  -1.6455240e+06
   1.8865742e+05  -1.6455384e+06
   1.8665747e+05  -1.6455528e+06
   1.8465752e+05  -1.6455672e+06
   1.8265757e+05  -1.6455816e+06
   1.8065762e+05  -1.6455959e+06
   1.7865768e+05  -1.6456103e+06
   1.7665773e+05  -1.6456247e+06
   1.7465778e+05  -1.6456391e+06
   1.7265783e+05  -1.6456534e+06
   1.7065788e+05  -1.6456678e+06
   1.6865793e+05  -1.6456822e+06
   1.6665799e+05  -1.6456966e+06
   1.6465804e+05  -1.6457109e+06
   1.6265809e+05  -1.6457253e+06
   1.6065814e+05  -1.6457397e+06
   1.5865819e+05  -1.6457541e+06
   1.5665824e+05  -1.6457684e+06
   1.5465830e+05  -1.6457828e+06
   1.5265835e+05  -1.6457972e+06
   1.5065840e+05  -1.6458116e+06
   1.4865845e+05  -1.6458260e+06
   1.4665850e+05  -1.6458403e+06
   1.4465855e+05  -1.6458547e+06
   1.4265861e+05  -1.6458691e+06
   1.4065866e+05  -1.6458835e+06
   1.3865871e+05  -1.6458978e+06
   1.3665876e+05  -1.6459122e+06
   1.3465881e+05  -1.6459266e+06
   1.3265886e+05  -1.6459410e+06
   1.3065892e+05  -1.6459553e+06
   1.2865897e+05  -1.6459697e+06
   1.2665902e+05  -1.6459841e+06
   1.2465907e+05  -1.6459985e+06
   1.2265912e+05  -1.6460128e+06
   1.2065917e+05  -1.6460272e+06
   1.1865923e+05  -1.6460416e+06
   1.1665928e+05  -1.6460560e+06
   1.1465933e+05  -1.6460704e+06
   1.1265938e+05  -1.6460847e+06
   1.1065943e+05  -1.6460991e+06
   1.0865948e+05  -1.6461135e+06
   1.0665954e+05  -1.6461279e+06
   1.0465959e+05  -1.6461422e+06
   1.0265964e+05  -1.6461566e+06
   1.0065969e+05  -1.6461710e+06
   9.8659743e+04  -1.6461854e+06
   9.6659795e+04  -1.6461997e+06
   9.4659846e+04  -1.6462141e+06
   9.2659898e+04  -1.6462285e+06
   9.0659950e+04  -1.6462429e+06
   8.8660001e+04  -1.6462572e+06
   8.6660053e+04  -1.6462716e+06
   8.4660105e+04  -1.6462860e+06
   8.2660156e+04  -1.6463004e+06
   8.0660208e+04  -1.6463148e+06
   7.8660260e+04  -1.6463291e+06
   7.6660311e+04  -1.6463435e+06
   7.4660363e+04  -1.6463579e+06
   7.2660415e+04  -1.6463723e+06
   7.0660466e+04  -1.6463866e+06
   6.8660518e+04  -1.6464010e+06
   6.6660570e+04  -1.6464154e+06
   6.4660621e+04  -1.6464298e+06
   6.2660673e+04  -1.6464441e+06
   6.0660725e+04  -1.6464585e+06
   5.8660776e+04  -1.6464729e+06
   5.6660828e+04  -1.6464873e+06
   5.4660880e+04  -1.6465016e+06
   5.2660931e+04  -1.6465160e+06
   5.0660983e+04  -1.6465304e+06
   4.8661035e+04  -1.6465448e+06
   4.6661086e+04  -1.6465592e+06
   4.4661138e+04  -1.6465735e+06
   4.2661190e+04  -1.6465879e+06
   4.0661241e+04  -1.6466023e+06
   3.8661293e+04  -1.6466167e+06
   3.6661345e+04  -1.6466310e+06
   3.4661396e+04  -1.6466454e+06
   3.2661448e+04  -1.6466598e+06
   3.0661500e+04  -1.6466742e+06
   2.8661551e+04  -1.6466885e+06
   2.6661603e+04  -1.6467029e+06
   2.4661655e+04  -1.6467173e+06
   2.2661706e+04  -1.6467317e+06
   2.0661758e+04  -1.6467460e+06
   1.8661810e+04  -1.6467604e+06
   1.6661861e+04  -1.6467748e+06
   1.4661913e+04  -1.6467892e+06
   1.2661965e+04  -1.6468036e+06
   1.0662016e+04  -1.6468179e+06
   8.6620681e+03  -1.6468323e+06
   6.6621198e+03  -1.6468467e+06
   4.6621715e+03  -1.6468611e+06
   2.6622232e+03  -1.6468754e+06
   6.6227483e+02  -1.6468898e+06
  -1.3376735e+03  -1.6469042e+06
  -3.3376218e+03  -1.6469186e+06
  -5.3375702e+03  -1.6469329e+06
  -7.3375185e+03  -1.6469473e+06
  -9.3374668e+03  -1.6469617e+06
  -1.1337415e+04  -1.6469761e+06
  -1.3337363e+04  -1.6469904e+06
  -1.5337312e+04  -1.6470048e+06
  -1.7337260e+04  -1.6470192e+06
  -1.9337208e+04  -1.6470336e+06
  -2.1337157e+04  -1.6470480e+06
  -2.3337105e+04  -1.6470623e+06
  -2.5337053e+04  -1.6470767e+06
  -2.7337002e+04  -1.6470911e+06
  -2.9336950e+04  -1.6471055e+06
  -3.1336898e+04  -1.6471198e+06
  -3.3336847e+04  -1.6471342e+06
  -3.5336795e+04  -1.6471486e+06
  -3.7336743e+04  -1.6471630e+06
  -3.9336692e+04  -1.6471773e+06
  -4.1336640e+04  -1.6471917e+06
  -4.3336588e+04  -1.6472061e+06
  -4.5336537e+04  -1.6472205e+06
  -4.7336485e+04  -1.6472348e+06
  -4.9336433e+04  -1.6472492e+06
  -5.1336382e+04  -1.6472636e+06
  -5.3336330e+04  -1.6472780e+06
  -5.5336278e+04  -1.6472924e+06
  -5.7336227e+04  -1.6473067e+06
  -5.9336175e+04  -1.6473211e+06
  -6.1336123e+04  -1.6473355e+06
  -6.3336072e+04  -1.6473499e+06
  -6.5336020e+04  -1.6473642e+06
  -6.7335968e+04  -1.6473786e+06
  -6.9335917e+04  -1.6473930e+06
  -7.1335865e+04  -1.6474074e+06
  -7.3335813e+04  -1.6474217e+06
  -7.5335762e+04  -1.6474361e+06
  -7.7335710e+04  -1.6474505e+06
  -7.9335658e+04  -1.6474649e+06
  -8.1335607e+04  -1.6474792e+06
  -8.3335555e+04  -1.6474936e+06
  -8.5335503e+04  -1.6475080e+06
  -8.7335452e+04  -1.6475224e+06
  -8.9335400e+04  -1.6475368e+06
  -9.1335348e+04  -1.6475511e+06
  -9.3335297e+04  -1.6475655e+06
  -9.5335245e+04  -1.6475799e+06
  -9.7335193e+04  -1.6475943e+06
  -9.9335142e+04  -1.6476086e+06
  -1.0133509e+05  -1.6476230e+06
  -1.0333504e+05  -1.6476374e+06
  -1.0533499e+05  -1.6476518e+06
  -1.0733493e+05  -1.6476661e+06
  -1.0933488e+05  -1.6476805e+06
  -1.1133483e+05  -1.6476949e+06
  -1.1333478e+05  -1.6477093e+06
  -1.1533473e+05  -1.6477236e+06
  -1.1733468e+05  -1.6477380e+06
  -1.1933462e+05  -1.6477524e+06
  -1.2133457e+05  -1.6477668e+06
  -1.2333452e+05  -1.6477812e+06
  -1.2533447e+05  -1.6477955e+06
  -1.2733442e+05  -1.6478099e+06
  -1.2933437e+05  -1.6478243e+06
  -1.3133431e+05  -1.6478387e+06
  -1.3333426e+05  -1.6478530e+06
  -1.3533421e+05  -1.6478674e+06
  -1.3733416e+05  -1.6478818e+06
  -1.3933411e+05  -1.6478962e+06
  -1.4133406e+05  -1.6479105e+06
  -1.4333400e+05  -1.6479249e+06
  -1.4533395e+05  -1.6479393e+06
  -1.4733390e+05  -1.6479537e+06
  -1.4933385e+05  -1.6479680e+06
  -1.5133380e+05  -1.6479824e+06
  -1.5333375e+05  -1.6479968e+06
  -1.5533369e+05  -1.6480112e+06
  -1.5733364e+05  -1.6480256e+06
  -1.5933359e+05  -1.6480399e+06
  -1.6133354e+05  -1.6480543e+06
  -1.6333349e+05  -1.6480687e+06
  -1.6533344e+05  -1.6480831e+06
  -1.6733338e+05  -1.6480974e+06
  -1.6933333e+05  -1.6481118e+06
  -1.7133328e+05  -1.6481262e+06
  -1.7333323e+05  -1.6481406e+06
  -1.7533318e+05  -1.6481549e+06
  -1.7733313e+05  -1.6481693e+06
  -1.7933307e+05  -1.6481837e+06
  -1.8133302e+05  -1.6481981e+06
  -1.8333297e+05  -1.6482124e+06
  -1.8533292e+05  -1.6482268e+06
  -1.8733287e+05  -1.6482412e+06
  -1.8933282e+05  -1.6482556e+06
  -1.9133276e+05  -1.6482700e+06
  -1.9333271e+05  -1.6482843e+06
  -1.9533266e+05  -1.6482987e+06
  -1.9733261e+05  -1.6483131e+06
  -1.9933256e+05  -1.6483275e+06
  -2.0133251e+05  -1.6483418e+06
  -2.0333245e+05  -1.6483562e+06
  -2.0533240e+05  -1.6483706e+06
  -2.0733235e+05  -1.6483850e+06
  -2.0933230e+05  -1.6483993e+06
  -2.1133225e+05  -1.6484137e+06
  -2.1333220e+05  -1.6484281e+06
  -2.1533214e+05  -1.6484425e+06
  -2.1733209e+05  -1.6484568e+06
  -2.1933204e+05  -1.6484712e+06
  -2.2133199e+05  -1.6484856e+06
  -2.2333194e+05  -1.6485000e+06
  -2.2533189e+05  -1.6485144e+06
  -2.2733183e+05  -1.6485287e+06
  -2.2933178e+05  -1.6485431e+06
  -2.3133173e+05  -1.6485575e+06
  -2.3333168e+05  -1.6485719e+06
  -2.3533163e+05  -1.6485862e+06
  -2.3733158e+05  -1.6486006e+06
  -2.3933152e+05  -1.6486150e+06
  -2.4133147e+05  -1.6486294e+06
  -2.4333142e+05  -1.6486437e+06
  -2.4533137e+05  -1.6486581e+06
  -2.4733132e+05  -1.6486725e+06
  -2.4933127e+05  -1.6486869e+06
  -2.5133121e+05  -1.6487012e+06
  -2.5333116e+05  -1.6487156e+06
  -2.5533111e+05  -1.6487300e+06
  -2.5733106e+05  -1.6487444e+06
  -2.5933101e+05  -1.6487588e+06
  -2.6133096e+05  -1.6487731e+06
  -2.6333090e+05  -1.6487875e+06
  -2.6533085e+05  -1.6488019e+06
  -2.6733080e+05  -1.6488163e+06
  -2.6933075e+05  -1.6488306e+06
  -2.7133070e+05  -1.6488450e+06
  -2.7333065e+05  -1.6488594e+06
  -2.7533059e+05  -1.6488738e+06
  -2.7733054e+05  -1.6488881e+06
  -2.7933049e+05  -1.6489025e+06
  -2.8133044e+05  -1.6489169e+06
  -2.8333039e+05  -1.6489313e+06
  -2.8533034e+05  -1.6489456e+06
  -2.8733028e+05  -1.6489600e+06
  -2.8933023e+05  -1.6489744e+06
  -2.9133018e+05  -1.6489888e+06
  -2.9333013e+05  -1.6490031e+06
  -2.9533008e+05  -1.6490175e+06
  -2.9733003e+05  -1.6490319e+06
  -2.9932997e+05  -1.6490463e+06
  -3.0132992e+05  -1.6490607e+06
  -3.0332987e+05  -1.6490750e+06
  -3.0532982e+05  -1.6490894e+06
  -3.0732977e+05  -1.6491038e+06
  -3.0932972e+05  -1.6491182e+06
  -3.1132966e+05  -1.6491325e+06
  -3.1332961e+05  -1.6491469e+06
  -3.1532956e+05  -1.6491613e+06
  -3.1732951e+05  -1.6491757e+06
  -3.1932946e+05  -1.6491900e+06
  -3.2132941e+05  -1.6492044e+06
  -3.2332935e+05  -1.6492188e+06
  -3.2532930e+05  -1.6492332e+06
  -3.2732925e+05  -1.6492475e+06
  -3.2932920e+05  -1.6492619e+06
  -3.3132915e+05  -1.6492763e+06
  -3.3332910e+05  -1.6492907e+06
  -3.3532904e+05  -1.6493051e+06
  -3.3732899e+05  -1.6493194e+06
  -3.3932894e+05  -1.6493338e+06
  -3.4132889e+05  -1.6493482e+06
  -3.4332884e+05  -1.6493626e+06
  -3.4532879e+05  -1.6493769e+06
  -3.4732873e+05  -1.6493913e+06
  -3.4932868e+05  -1.6494057e+06
  -3.5132863e+05  -1.6494201e+06
  -3.5332858e+05  -1.6494344e+06
  -3.5532853e+05  -1.6494488e+06
  -3.5732848e+05  -1.6494632e+06
  -3.5932842e+05  -1.6494776e+06
  -3.6132837e+05  -1.6494919e+06
  -3.6332832e+05  -1.6495063e+06
  -3.6532827e+05  -1.6495207e+06
  -3.6732822e+05  -1.6495351e+06
  -3.6932817e+05  -1.6495495e+06
  -3.7132811e+05  -1.6495638e+06
  -3.7332806e+05  -1.6495782e+06
  -3.7532801e+05  -1.6495926e+06
  -3.7732796e+05  -1.6496070e+06
  -3.7932791e+05  -1.6496213e+06
  -3.8132786e+05  -1.6496357e+06
  -3.8332780e+05  -1.6496501e+06
  -3.8532775e+05  -1.6496645e+06
  -3.8732770e+05  -1.6496788e+06
  -3.8932765e+05  -1.6496932e+06
  -3.9132760e+05  -1.6497076e+06
  -3.9332755e+05  -1.6497220e+06
  -3.9532749e+05  -1.6497363e+06
  -3.9732744e+05  -1.6497507e+06
  -3.9932739e+05  -1.6497651e+06
  -4.0132734e+05  -1.6497795e+06
  -4.0332729e+05  -1.6497939e+06
  -4.0532724e+05  -1.6498082e+06
  -4.0732718e+05  -1.6498226e+06
  -4.0932713e+05  -1.6498370e+06
  -4.1132708e+05  -1.6498514e+06
  -4.1332703e+05  -1.6498657e+06
  -4.1532698e+05  -1.6498801e+06
  -4.1732693e+05  -1.6498945e+06
  -4.1932687e+05  -1.6499089e+06
  -4.2132682e+05  -1.6499232e+06
  -4.2332677e+05  -1.6499376e+06
  -4.2532672e+05  -1.6499520e+06
  -4.2732667e+05  -1.6499664e+06
  -4.2932662e+05  -1.6499807e+06
  -4.3132656e+05  -1.6499951e+06
  -4.3332651e+05  -1.6500095e+06
  -4.3532646e+05  -1.6500239e+06
  -4.3732641e+05  -1.6500383e+06
  -4.3932636e+05  -1.6500526e+06
  -4.4132631e+05  -1.6500670e+06
  -4.4332625e+05  -1.6500814e+06
  -4.4532620e+05  -1.6500958e+06
  -4.4732615e+05  -1.6501101e+06
  -4.4932610e+05  -1.6501245e+06
  -4.5132605e+05  -1.6501389e+06
  -4.5332600e+05  -1.6501533e+06
  -4.5532594e+05  -1.6501676e+06
  -4.5732589e+05  -1.6501820e+06
  -4.5932584e+05  -1.6501964e+06
  -4.6132579e+05  -1.6502108e+06
  -4.6332574e+05  -1.6502251e+06
  -4.6532569e+05  -1.6502395e+06
  -4.6732563e+05  -1.6502539e+06
  -4.6932558e+05  -1.6502683e+06
  -4.7132553e+05  -1.6502827e+06
  -4.7332548e+05  -1.6502970e+06
  -4.7532543e+05  -1.6503114e+06
  -4.7732538e+05  -1.6503258e+06
  -4.7932532e+05  -1.6503402e+06
  -4.8132527e+05  -1.6503545e+06
  -4.8332522e+05  -1.6503689e+06
  -4.8532517e+05  -1.6503833e+06
  -4.8732512e+05  -1.6503977e+06
  -4.8932507e+05  -1.6504120e+06
  -4.9132501e+05  -1.6504264e+06
  -4.9332496e+05  -1.6504408e+06
  -4.9532491e+05  -1.6504552e+06
  -4.9732486e+05  -1.6504695e+06
  -4.9932481e+05  -1.6504839e+06
  -5.0132476e+05  -1.6504983e+06
  -5.0332470e+05  -1.6505127e+06
  -5.0532465e+05  -1.6505271e+06
  -5.0749793e+05  -1.6505427e+06
  -5.0984454e+05  -1.6505595e+06
  -5.1236447e+05  -1.6505777e+06
  -5.1505773e+05  -1.6505970e+06
  -5.1792433e+05  -1.6506176e+06
  -5.2096425e+05  -1.6506395e+06
  -5.2417750e+05  -1.6506626e+06
  -5.2756408e+05  -1.6506869e+06
  -5.3112399e+05  -1.6507125e+06
  -5.3485722e+05  -1.6507393e+06
  -5.3876379e+05  -1.6507674e+06
  -5.4284368e+05  -1.6507968e+06
  -5.4709691e+05  -1.6508273e+06
  -5.5152346e+05  -1.6508592e+06
  -5.5612334e+05  -1.6508922e+06
  -5.6089655e+05  -1.6509265e+06
  -5.6584309e+05  -1.6509621e+06
  -5.7096296e+05  -1.6509989e+06
  -5.7625615e+05  -1.6510369e+06
  -5.8172268e+05  -1.6510762e+06
  -5.8736253e+05  -1.6511168e+06
  -5.9317572e+05  -1.6511586e+06
  -5.9916223e+05  -1.6512016e+06
  -6.0532207e+05  -1.6512459e+06
