  -6.0034781e+05  -2.3432280e+06
  -5.9418797e+05  -2.3431837e+06
  -5.8820146e+05  -2.3431407e+06
  -5.8238828e+05  -2.3430989e+06
  -5.7674842e+05  -2.3430584e+06
  -5.7128190e+05  -2.3430191e+06
  -5.6598870e+05  -2.3429810e+06
  -5.6086883e+05  -2.3429442e+06
  -5.5592229e+05  -2.3429087e+06
  -5.5114908e+05  -2.3428743e+06
  -5.4654920e+05  -2.3428413e+06
  -5.4212265e+05  -2.3428095e+06
  -5.3786943e+05  -2.3427789e+06
  -5.3378953e+05  -2.3427496e+06
  -5.2988297e+05  -2.3427215e+06
  -5.2614973e+05  -2.3426946e+06
  -5.2258982e+05  -2.3426690e+06
  -5.1920324e+05  -2.3426447e+06
  -5.1598999e+05  -2.3426216e+06
  -5.1295007e+05  -2.3425997e+06
  -5.1008348e+05  -2.3425791e+06
  -5.0739021e+05  -2.3425598e+06
  -5.0487028e+05  -2.3425417e+06
  -5.0252367e+05  -2.3425248e+06
  -5.0035040e+05  -2.3425092e+06
  -4.9835045e+05  -2.3424948e+06
  -4.9635050e+05  -2.3424804e+06
  -4.9435055e+05  -2.3424660e+06
  -4.9235060e+05  -2.3424517e+06
  -4.9035065e+05  -2.3424373e+06
  -4.8835071e+05  -2.3424229e+06
  -4.8635076e+05  -2.3424085e+06
  -4.8435081e+05  -2.3423942e+06
  -4.8235086e+05  -2.3423798e+06
  -4.8035091e+05  -2.3423654e+06
  -4.7835096e+05  -2.3423510e+06
  -4.7635102e+05  -2.3423367e+06
  -4.7435107e+05  -2.3423223e+06
  -4.7235112e+05  -2.3423079e+06
  -4.7035117e+05  -2.3422935e+06
  -4.6835122e+05  -2.3422792e+06
  -4.6635127e+05  -2.3422648e+06
  -4.6435133e+05  -2.3422504e+06
  -4.6235138e+05  -2.3422360e+06
  -4.6035143e+05  -2.3422216e+06
  -4.5835148e+05  -2.3422073e+06
  -4.5635153e+05  -2.3421929e+06
  -4.5435158e+05  -2.3421785e+06
  -4.5235164e+05  -2.3421641e+06
  -4.5035169e+05  -2.3421498e+06
  -4.4835174e+05  -2.3421354e+06
  -4.4635179e+05  -2.3421210e+06
  -4.4435184e+05  -2.3421066e+06
  -4.4235189e+05  -2.3420923e+06
  -4.4035195e+05  -2.3420779e+06
  -4.3835200e+05  -2.3420635e+06
  -4.3635205e+05  -2.3420491e+06
  -4.3435210e+05  -2.3420348e+06
  -4.3235215e+05  -2.3420204e+06
  -4.3035220e+05  -2.3420060e+06
  -4.2835226e+05  -2.3419916e+06
  -4.2635231e+05  -2.3419772e+06
  -4.2435236e+05  -2.3419629e+06
  -4.2235241e+05  -2.3419485e+06
  -4.2035246e+05  -2.3419341e+06
  -4.1835251e+05  -2.3419197e+06
  -4.1635257e+05  -2.3419054e+06
  -4.1435262e+05  -2.3418910e+06
  -4.1235267e+05  -2.3418766e+06
  -4.1035272e+05  -2.3418622e+06
  -4.0835277e+05  -2.3418479e+06
  -4.0635282e+05  -2.3418335e+06
  -4.0435288e+05  -2.3418191e+06
  -4.0235293e+05  -2.3418047e+06
  -4.0035298e+05  -2.3417904e+06
  -3.9835303e+05  -2.3417760e+06
  -3.9635308e+05  -2.3417616e+06
  -3.9435313e+05  -2.3417472e+06
  -3.9235319e+05  -2.3417328e+06
  -3.9035324e+05  -2.3417185e+06
  -3.8835329e+05  -2.3417041e+06
  -3.8635334e+05  -2.3416897e+06
  -3.8435339e+05  -2.3416753e+06
  -3.8235344e+05  -2.3416610e+06
  -3.8035350e+05  -2.3416466e+06
  -3.7835355e+05  -2.3416322e+06
  -3.7635360e+05  -2.3416178e+06
  -3.7435365e+05  -2.3416035e+06
  -3.7235370e+05  -2.3415891e+06
  -3.7035375e+05  -2.3415747e+06
  -3.6835381e+05  -2.3415603e+06
  -3.6635386e+05  -2.3415460e+06
  -3.6435391e+05  -2.3415316e+06
  -3.6235396e+05  -2.3415172e+06
  -3.6035401e+05  -2.3415028e+06
  -3.5835406e+05  -2.3414884e+06
  -3.5635412e+05  -2.3414741e+06
  -3.5435417e+05  -2.3414597e+06
  -3.5235422e+05  -2.3414453e+06
  -3.5035427e+05  -2.3414309e+06
  -3.4835432e+05  -2.3414166e+06
  -3.4635437e+05  -2.3414022e+06
  -3.4435443e+05  -2.3413878e+06
  -3.4235448e+05  -2.3413734e+06
  -3.4035453e+05  -2.3413591e+06
  -3.3835458e+05  -2.3413447e+06
  -3.3635463e+05  -2.3413303e+06
  -3.3435468e+05  -2.3413159e+06
  -3.3235474e+05  -2.3413016e+06
  -3.3035479e+05  -2.3412872e+06
  -3.2835484e+05  -2.3412728e+06
  -3.2635489e+05  -2.3412584e+06
  -3.2435494e+05  -2.3412440e+06
  -3.2235499e+05  -2.3412297e+06
  -3.2035505e+05  -2.3412153e+06
  -3.1835510e+05  -2.3412009e+06
  -3.1635515e+05  -2.3411865e+06
  -3.1435520e+05  -2.3411722e+06
  -3.1235525e+05  -2.3411578e+06
  -3.1035530e+05  -2.3411434e+06
  -3.0835536e+05  -2.3411290e+06
  -3.0635541e+05  -2.3411147e+06
  -3.0435546e+05  -2.3411003e+06
  -3.0235551e+05  -2.3410859e+06
  -3.0035556e+05  -2.3410715e+06
  -2.9835561e+05  -2.3410572e+06
  -2.9635567e+05  -2.3410428e+06
  -2.9435572e+05  -2.3410284e+06
  -2.9235577e+05  -2.3410140e+06
  -2.9035582e+05  -2.3409996e+06
  -2.8835587e+05  -2.3409853e+06
  -2.8635592e+05  -2.3409709e+06
  -2.8435598e+05  -2.3409565e+06
  -2.8235603e+05  -2.3409421e+06
  -2.8035608e+05  -2.3409278e+06
  -2.7835613e+05  -2.3409134e+06
  -2.7635618e+05  -2.3408990e+06
  -2.7435623e+05  -2.3408846e+06
  -2.7235629e+05  -2.3408703e+06
  -2.7035634e+05  -2.3408559e+06
  -2.6835639e+05  -2.3408415e+06
  -2.6635644e+05  -2.3408271e+06
  -2.6435649e+05  -2.3408128e+06
  -2.6235654e+05  -2.3407984e+06
  -2.6035660e+05  -2.3407840e+06
  -2.5835665e+05  -2.3407696e+06
  -2.5635670e+05  -2.3407552e+06
  -2.5435675e+05  -2.3407409e+06
  -2.5235680e+05  -2.3407265e+06
  -2.5035685e+05  -2.3407121e+06
  -2.4835691e+05  -2.3406977e+06
  -2.4635696e+05  -2.3406834e+06
  -2.4435701e+05  -2.3406690e+06
  -2.4235706e+05  -2.3406546e+06
  -2.4035711e+05  -2.3406402e+06
  -2.3835716e+05  -2.3406259e+06
  -2.3635722e+05  -2.3406115e+06
  -2.3435727e+05  -2.3405971e+06
  -2.3235732e+05  -2.3405827e+06
  -2.3035737e+05  -2.3405684e+06
  -2.2835742e+05  -2.3405540e+06
  -2.2635747e+05  -2.3405396e+06
  -2.2435753e+05  -2.3405252e+06
  -2.2235758e+05  -2.3405108e+06
  -2.2035763e+05  -2.3404965e+06
  -2.1835768e+05  -2.3404821e+06
  -2.1635773e+05  -2.3404677e+06
  -2.1435778e+05  -2.3404533e+06
  -2.1235784e+05  -2.3404390e+06
  -2.1035789e+05  -2.3404246e+06
  -2.0835794e+05  -2.3404102e+06
  -2.0635799e+05  -2.3403958e+06
  -2.0435804e+05  -2.3403815e+06
  -2.0235809e+05  -2.3403671e+06
  -2.0035815e+05  -2.3403527e+06
  -1.9835820e+05  -2.3403383e+06
  -1.9635825e+05  -2.3403240e+06
  -1.9435830e+05  -2.3403096e+06
  -1.9235835e+05  -2.3402952e+06
  -1.9035840e+05  -2.3402808e+06
  -1.8835846e+05  -2.3402664e+06
  -1.8635851e+05  -2.3402521e+06
  -1.8435856e+05  -2.3402377e+06
  -1.8235861e+05  -2.3402233e+06
  -1.8035866e+05  -2.3402089e+06
  -1.7835871e+05  -2.3401946e+06
  -1.7635877e+05  -2.3401802e+06
  -1.7435882e+05  -2.3401658e+06
  -1.7235887e+05  -2.3401514e+06
  -1.7035892e+05  -2.3401371e+06
  -1.6835897e+05  -2.3401227e+06
  -1.6635902e+05  -2.3401083e+06
  -1.6435908e+05  -2.3400939e+06
  -1.6235913e+05  -2.3400796e+06
  -1.6035918e+05  -2.3400652e+06
  -1.5835923e+05  -2.3400508e+06
  -1.5635928e+05  -2.3400364e+06
  -1.5435933e+05  -2.3400220e+06
  -1.5235939e+05  -2.3400077e+06
  -1.5035944e+05  -2.3399933e+06
  -1.4835949e+05  -2.3399789e+06
  -1.4635954e+05  -2.3399645e+06
  -1.4435959e+05  -2.3399502e+06
  -1.4235964e+05  -2.3399358e+06
  -1.4035970e+05  -2.3399214e+06
  -1.3835975e+05  -2.3399070e+06
  -1.3635980e+05  -2.3398927e+06
  -1.3435985e+05  -2.3398783e+06
  -1.3235990e+05  -2.3398639e+06
  -1.3035995e+05  -2.3398495e+06
  -1.2836001e+05  -2.3398352e+06
  -1.2636006e+05  -2.3398208e+06
  -1.2436011e+05  -2.3398064e+06
  -1.2236016e+05  -2.3397920e+06
  -1.2036021e+05  -2.3397776e+06
  -1.1836026e+05  -2.3397633e+06
  -1.1636032e+05  -2.3397489e+06
  -1.1436037e+05  -2.3397345e+06
  -1.1236042e+05  -2.3397201e+06
  -1.1036047e+05  -2.3397058e+06
  -1.0836052e+05  -2.3396914e+06
  -1.0636057e+05  -2.3396770e+06
  -1.0436063e+05  -2.3396626e+06
  -1.0236068e+05  -2.3396483e+06
  -1.0036073e+05  -2.3396339e+06
  -9.8360782e+04  -2.3396195e+06
  -9.6360833e+04  -2.3396051e+06
  -9.4360885e+04  -2.3395908e+06
  -9.2360937e+04  -2.3395764e+06
  -9.0360988e+04  -2.3395620e+06
  -8.8361040e+04  -2.3395476e+06
  -8.6361092e+04  -2.3395332e+06
  -8.4361143e+04  -2.3395189e+06
  -8.2361195e+04  -2.3395045e+06
  -8.0361247e+04  -2.3394901e+06
  -7.8361298e+04  -2.3394757e+06
  -7.6361350e+04  -2.3394614e+06
  -7.4361402e+04  -2.3394470e+06
  -7.2361453e+04  -2.3394326e+06
  -7.0361505e+04  -2.3394182e+06
  -6.8361557e+04  -2.3394039e+06
  -6.6361608e+04  -2.3393895e+06
  -6.4361660e+04  -2.3393751e+06
  -6.2361712e+04  -2.3393607e+06
  -6.0361763e+04  -2.3393464e+06
  -5.8361815e+04  -2.3393320e+06
  -5.6361867e+04  -2.3393176e+06
  -5.4361918e+04  -2.3393032e+06
  -5.2361970e+04  -2.3392888e+06
  -5.0362022e+04  -2.3392745e+06
  -4.8362073e+04  -2.3392601e+06
  -4.6362125e+04  -2.3392457e+06
  -4.4362177e+04  -2.3392313e+06
  -4.2362228e+04  -2.3392170e+06
  -4.0362280e+04  -2.3392026e+06
  -3.8362332e+04  -2.3391882e+06
  -3.6362383e+04  -2.3391738e+06
  -3.4362435e+04  -2.3391595e+06
  -3.2362487e+04  -2.3391451e+06
  -3.0362538e+04  -2.3391307e+06
  -2.8362590e+04  -2.3391163e+06
  -2.6362642e+04  -2.3391020e+06
  -2.4362693e+04  -2.3390876e+06
  -2.2362745e+04  -2.3390732e+06
  -2.0362797e+04  -2.3390588e+06
  -1.8362848e+04  -2.3390444e+06
  -1.6362900e+04  -2.3390301e+06
  -1.4362952e+04  -2.3390157e+06
  -1.2363003e+04  -2.3390013e+06
  -1.0363055e+04  -2.3389869e+06
  -8.3631067e+03  -2.3389726e+06
  -6.3631584e+03  -2.3389582e+06
  -4.3632101e+03  -2.3389438e+06
  -2.3632617e+03  -2.3389294e+06
  -3.6331341e+02  -2.3389151e+06
   1.6366349e+03  -2.3389007e+06
   3.6365833e+03  -2.3388863e+06
   5.6365316e+03  -2.3388719e+06
   7.6364799e+03  -2.3388576e+06
   9.6364282e+03  -2.3388432e+06
   1.1636377e+04  -2.3388288e+06
   1.3636325e+04  -2.3388144e+06
   1.5636273e+04  -2.3388000e+06
   1.7636222e+04  -2.3387857e+06
   1.9636170e+04  -2.3387713e+06
   2.1636118e+04  -2.3387569e+06
   2.3636067e+04  -2.3387425e+06
   2.5636015e+04  -2.3387282e+06
   2.7635963e+04  -2.3387138e+06
   2.9635912e+04  -2.3386994e+06
   3.1635860e+04  -2.3386850e+06
   3.3635808e+04  -2.3386707e+06
   3.5635757e+04  -2.3386563e+06
   3.7635705e+04  -2.3386419e+06
   3.9635653e+04  -2.3386275e+06
   4.1635601e+04  -2.3386132e+06
   4.3635550e+04  -2.3385988e+06
   4.5635498e+04  -2.3385844e+06
   4.7635446e+04  -2.3385700e+06
   4.9635395e+04  -2.3385556e+06
   5.1635343e+04  -2.3385413e+06
   5.3635291e+04  -2.3385269e+06
   5.5635240e+04  -2.3385125e+06
   5.7635188e+04  -2.3384981e+06
   5.9635136e+04  -2.3384838e+06
   6.1635085e+04  -2.3384694e+06
   6.3635033e+04  -2.3384550e+06
   6.5634981e+04  -2.3384406e+06
   6.7634930e+04  -2.3384263e+06
   6.9634878e+04  -2.3384119e+06
   7.1634826e+04  -2.3383975e+06
   7.3634775e+04  -2.3383831e+06
   7.5634723e+04  -2.3383688e+06
   7.7634671e+04  -2.3383544e+06
   7.9634620e+04  -2.3383400e+06
   8.1634568e+04  -2.3383256e+06
   8.3634516e+04  -2.3383112e+06
   8.5634465e+04  -2.3382969e+06
   8.7634413e+04  -2.3382825e+06
   8.9634361e+04  -2.3382681e+06
   9.1634310e+04  -2.3382537e+06
   9.3634258e+04  -2.3382394e+06
   9.5634206e+04  -2.3382250e+06
   9.7634155e+04  -2.3382106e+06
   9.9634103e+04  -2.3381962e+06
   1.0163405e+05  -2.3381819e+06
   1.0363400e+05  -2.3381675e+06
   1.0563395e+05  -2.3381531e+06
   1.0763390e+05  -2.3381387e+06
   1.0963384e+05  -2.3381244e+06
   1.1163379e+05  -2.3381100e+06
   1.1363374e+05  -2.3380956e+06
   1.1563369e+05  -2.3380812e+06
   1.1763364e+05  -2.3380668e+06
   1.1963359e+05  -2.3380525e+06
   1.2163353e+05  -2.3380381e+06
   1.2363348e+05  -2.3380237e+06
   1.2563343e+05  -2.3380093e+06
   1.2763338e+05  -2.3379950e+06
   1.2963333e+05  -2.3379806e+06
   1.3163328e+05  -2.3379662e+06
   1.3363322e+05  -2.3379518e+06
   1.3563317e+05  -2.3379375e+06
   1.3763312e+05  -2.3379231e+06
   1.3963307e+05  -2.3379087e+06
   1.4163302e+05  -2.3378943e+06
   1.4363297e+05  -2.3378800e+06
   1.4563291e+05  -2.3378656e+06
   1.4763286e+05  -2.3378512e+06
   1.4963281e+05  -2.3378368e+06
   1.5163276e+05  -2.3378224e+06
   1.5363271e+05  -2.3378081e+06
   1.5563266e+05  -2.3377937e+06
   1.5763260e+05  -2.3377793e+06
   1.5963255e+05  -2.3377649e+06
   1.6163250e+05  -2.3377506e+06
   1.6363245e+05  -2.3377362e+06
   1.6563240e+05  -2.3377218e+06
   1.6763235e+05  -2.3377074e+06
   1.6963229e+05  -2.3376931e+06
   1.7163224e+05  -2.3376787e+06
   1.7363219e+05  -2.3376643e+06
   1.7563214e+05  -2.3376499e+06
   1.7763209e+05  -2.3376356e+06
   1.7963204e+05  -2.3376212e+06
   1.8163198e+05  -2.3376068e+06
   1.8363193e+05  -2.3375924e+06
   1.8563188e+05  -2.3375780e+06
   1.8763183e+05  -2.3375637e+06
   1.8963178e+05  -2.3375493e+06
   1.9163173e+05  -2.3375349e+06
   1.9363167e+05  -2.3375205e+06
   1.9563162e+05  -2.3375062e+06
   1.9763157e+05  -2.3374918e+06
   1.9963152e+05  -2.3374774e+06
   2.0163147e+05  -2.3374630e+06
   2.0363142e+05  -2.3374487e+06
   2.0563136e+05  -2.3374343e+06
   2.0763131e+05  -2.3374199e+06
   2.0963126e+05  -2.3374055e+06
   2.1163121e+05  -2.3373912e+06
   2.1363116e+05  -2.3373768e+06
   2.1563111e+05  -2.3373624e+06
   2.1763105e+05  -2.3373480e+06
   2.1963100e+05  -2.3373336e+06
   2.2163095e+05  -2.3373193e+06
   2.2363090e+05  -2.3373049e+06
   2.2563085e+05  -2.3372905e+06
   2.2763080e+05  -2.3372761e+06
   2.2963074e+05  -2.3372618e+06
   2.3163069e+05  -2.3372474e+06
   2.3363064e+05  -2.3372330e+06
   2.3563059e+05  -2.3372186e+06
   2.3763054e+05  -2.3372043e+06
   2.3963049e+05  -2.3371899e+06
   2.4163043e+05  -2.3371755e+06
   2.4363038e+05  -2.3371611e+06
   2.4563033e+05  -2.3371468e+06
   2.4763028e+05  -2.3371324e+06
   2.4963023e+05  -2.3371180e+06
   2.5163018e+05  -2.3371036e+06
   2.5363012e+05  -2.3370892e+06
   2.5563007e+05  -2.3370749e+06
   2.5763002e+05  -2.3370605e+06
   2.5962997e+05  -2.3370461e+06
   2.6162992e+05  -2.3370317e+06
   2.6362987e+05  -2.3370174e+06
   2.6562981e+05  -2.3370030e+06
   2.6762976e+05  -2.3369886e+06
   2.6962971e+05  -2.3369742e+06
   2.7162966e+05  -2.3369599e+06
   2.7362961e+05  -2.3369455e+06
   2.7562956e+05  -2.3369311e+06
   2.7762950e+05  -2.3369167e+06
   2.7962945e+05  -2.3369024e+06
   2.8162940e+05  -2.3368880e+06
   2.8362935e+05  -2.3368736e+06
   2.8562930e+05  -2.3368592e+06
   2.8762925e+05  -2.3368448e+06
   2.8962919e+05  -2.3368305e+06
   2.9162914e+05  -2.3368161e+06
   2.9362909e+05  -2.3368017e+06
   2.9562904e+05  -2.3367873e+06
   2.9762899e+05  -2.3367730e+06
   2.9962894e+05  -2.3367586e+06
   3.0162888e+05  -2.3367442e+06
   3.0362883e+05  -2.3367298e+06
   3.0562878e+05  -2.3367155e+06
   3.0762873e+05  -2.3367011e+06
   3.0962868e+05  -2.3366867e+06
   3.1162863e+05  -2.3366723e+06
   3.1362857e+05  -2.3366580e+06
   3.1562852e+05  -2.3366436e+06
   3.1762847e+05  -2.3366292e+06
   3.1962842e+05  -2.3366148e+06
   3.2162837e+05  -2.3366004e+06
   3.2362832e+05  -2.3365861e+06
   3.2562826e+05  -2.3365717e+06
   3.2762821e+05  -2.3365573e+06
   3.2962816e+05  -2.3365429e+06
   3.3162811e+05  -2.3365286e+06
   3.3362806e+05  -2.3365142e+06
   3.3562801e+05  -2.3364998e+06
   3.3762795e+05  -2.3364854e+06
   3.3962790e+05  -2.3364711e+06
   3.4162785e+05  -2.3364567e+06
   3.4362780e+05  -2.3364423e+06
   3.4562775e+05  -2.3364279e+06
   3.4762770e+05  -2.3364136e+06
   3.4962764e+05  -2.3363992e+06
   3.5162759e+05  -2.3363848e+06
   3.5362754e+05  -2.3363704e+06
   3.5562749e+05  -2.3363560e+06
   3.5762744e+05  -2.3363417e+06
   3.5962739e+05  -2.3363273e+06
   3.6162733e+05  -2.3363129e+06
   3.6362728e+05  -2.3362985e+06
   3.6562723e+05  -2.3362842e+06
   3.6762718e+05  -2.3362698e+06
   3.6962713e+05  -2.3362554e+06
   3.7162708e+05  -2.3362410e+06
   3.7362702e+05  -2.3362267e+06
   3.7562697e+05  -2.3362123e+06
   3.7762692e+05  -2.3361979e+06
   3.7962687e+05  -2.3361835e+06
   3.8162682e+05  -2.3361692e+06
   3.8362677e+05  -2.3361548e+06
   3.8562671e+05  -2.3361404e+06
   3.8762666e+05  -2.3361260e+06
   3.8962661e+05  -2.3361117e+06
   3.9162656e+05  -2.3360973e+06
   3.9362651e+05  -2.3360829e+06
   3.9562646e+05  -2.3360685e+06
   3.9762640e+05  -2.3360541e+06
   3.9962635e+05  -2.3360398e+06
   4.0162630e+05  -2.3360254e+06
   4.0362625e+05  -2.3360110e+06
   4.0562620e+05  -2.3359966e+06
   4.0762615e+05  -2.3359823e+06
   4.0962609e+05  -2.3359679e+06
   4.1162604e+05  -2.3359535e+06
   4.1362599e+05  -2.3359391e+06
   4.1562594e+05  -2.3359248e+06
   4.1762589e+05  -2.3359104e+06
   4.1962584e+05  -2.3358960e+06
   4.2179911e+05  -2.3358804e+06
   4.2414572e+05  -2.3358635e+06
   4.2666565e+05  -2.3358454e+06
   4.2935892e+05  -2.3358260e+06
   4.3222551e+05  -2.3358054e+06
   4.3526543e+05  -2.3357836e+06
   4.3847868e+05  -2.3357605e+06
   4.4186526e+05  -2.3357361e+06
   4.4542517e+05  -2.3357105e+06
   4.4915841e+05  -2.3356837e+06
   4.5306497e+05  -2.3356556e+06
   4.5714487e+05  -2.3356263e+06
   4.6139809e+05  -2.3355957e+06
   4.6582464e+05  -2.3355639e+06
   4.7042452e+05  -2.3355308e+06
   4.7519773e+05  -2.3354965e+06
   4.8014427e+05  -2.3354610e+06
   4.8526414e+05  -2.3354242e+06
   4.9055734e+05  -2.3353861e+06
   4.9602386e+05  -2.3353468e+06
   5.0166372e+05  -2.3353063e+06
   5.0747690e+05  -2.3352645e+06
   5.1346341e+05  -2.3352215e+06
   5.1962325e+05  -2.3351772e+06
