321 
  -6.0532207e+05  -1.6512459e+06
  -6.0527779e+05  -1.6574057e+06
  -6.0523476e+05  -1.6633922e+06
  -6.0519297e+05  -1.6692054e+06
  -6.0515243e+05  -1.6748453e+06
  -6.0511313e+05  -1.6803118e+06
  -6.0507508e+05  -1.6856050e+06
  -6.0503828e+05  -1.6907249e+06
  -6.0500272e+05  -1.6956714e+06
  -6.0496841e+05  -1.7004446e+06
  -6.0493534e+05  -1.7050445e+06
  -6.0490352e+05  -1.7094710e+06
  -6.0487295e+05  -1.7137243e+06
  -6.0484362e+05  -1.7178042e+06
  -6.0481554e+05  -1.7217107e+06
  -6.0478870e+05  -1.7254440e+06
  -6.0476311e+05  -1.7290039e+06
  -6.0473877e+05  -1.7323904e+06
  -6.0471567e+05  -1.7356037e+06
  -6.0469382e+05  -1.7386436e+06
  -6.0467321e+05  -1.7415102e+06
  -6.0465385e+05  -1.7442035e+06
  -6.0463574e+05  -1.7467234e+06
  -6.0461887e+05  -1.7490700e+06
  -6.0460325e+05  -1.7512433e+06
  -6.0458887e+05  -1.7532432e+06
  -6.0457449e+05  -1.7552432e+06
  -6.0456012e+05  -1.7572431e+06
  -6.0454574e+05  -1.7592431e+06
  -6.0453136e+05  -1.7612430e+06
  -6.0451699e+05  -1.7632430e+06
  -6.0450261e+05  -1.7652429e+06
  -6.0448823e+05  -1.7672429e+06
  -6.0447386e+05  -1.7692428e+06
  -6.0445948e+05  -1.7712428e+06
  -6.0444510e+05  -1.7732427e+06
  -6.0443073e+05  -1.7752427e+06
  -6.0441635e+05  -1.7772426e+06
  -6.0440197e+05  -1.7792426e+06
  -6.0438760e+05  -1.7812425e+06
  -6.0437322e+05  -1.7832425e+06
  -6.0435885e+05  -1.7852424e+06
  -6.0434447e+05  -1.7872424e+06
  -6.0433009e+05  -1.7892423e+06
  -6.0431572e+05  -1.7912423e+06
  -6.0430134e+05  -1.7932422e+06
  -6.0428696e+05  -1.7952422e+06
  -6.0427259e+05  -1.7972421e+06
  -6.0425821e+05  -1.7992421e+06
  -6.0424383e+05  -1.8012420e+06
  -6.0422946e+05  -1.8032420e+06
  -6.0421508e+05  -1.8052419e+06
  -6.0420070e+05  -1.8072418e+06
  -6.0418633e+05  -1.8092418e+06
  -6.0417195e+05  -1.8112417e+06
  -6.0415758e+05  -1.8132417e+06
  -6.0414320e+05  -1.8152416e+06
  -6.0412882e+05  -1.8172416e+06
  -6.0411445e+05  -1.8192415e+06
  -6.0410007e+05  -1.8212415e+06
  -6.0408569e+05  -1.8232414e+06
  -6.0407132e+05  -1.8252414e+06
  -6.0405694e+05  -1.8272413e+06
  -6.0404256e+05  -1.8292413e+06
  -6.0402819e+05  -1.8312412e+06
  -6.0401381e+05  -1.8332412e+06
  -6.0399943e+05  -1.8352411e+06
  -6.0398506e+05  -1.8372411e+06
  -6.0397068e+05  -1.8392410e+06
  -6.0395630e+05  -1.8412410e+06
  -6.0394193e+05  -1.8432409e+06
  -6.0392755e+05  -1.8452409e+06
  -6.0391318e+05  -1.8472408e+06
  -6.0389880e+05  -1.8492408e+06
  -6.0388442e+05  -1.8512407e+06
  -6.0387005e+05  -1.8532407e+06
  -6.0385567e+05  -1.8552406e+06
  -6.0384129e+05  -1.8572406e+06
  -6.0382692e+05  -1.8592405e+06
  -6.0381254e+05  -1.8612405e+06
  -6.0379816e+05  -1.8632404e+06
  -6.0378379e+05  -1.8652403e+06
  -6.0376941e+05  -1.8672403e+06
  -6.0375503e+05  -1.8692402e+06
  -6.0374066e+05  -1.8712402e+06
  -6.0372628e+05  -1.8732401e+06
  -6.0371190e+05  -1.8752401e+06
  -6.0369753e+05  -1.8772400e+06
  -6.0368315e+05  -1.8792400e+06
  -6.0366878e+05  -1.8812399e+06
  -6.0365440e+05  -1.8832399e+06
  -6.0364002e+05  -1.8852398e+06
  -6.0362565e+05  -1.8872398e+06
  -6.0361127e+05  -1.8892397e+06
  -6.0359689e+05  -1.8912397e+06
  -6.0358252e+05  -1.8932396e+06
  -6.0356814e+05  -1.8952396e+06
  -6.0355376e+05  -1.8972395e+06
  -6.0353939e+05  -1.8992395e+06
  -6.0352501e+05  -1.9012394e+06
  -6.0351063e+05  -1.9032394e+06
  -6.0349626e+05  -1.9052393e+06
  -6.0348188e+05  -1.9072393e+06
  -6.0346750e+05  -1.9092392e+06
  -6.0345313e+05  -1.9112392e+06
  -6.0343875e+05  -1.9132391e+06
  -6.0342438e+05  -1.9152391e+06
  -6.0341000e+05  -1.9172390e+06
  -6.0339562e+05  -1.9192390e+06
  -6.0338125e+05  -1.9212389e+06
  -6.0336687e+05  -1.9232389e+06
  -6.0335249e+05  -1.9252388e+06
  -6.0333812e+05  -1.9272387e+06
  -6.0332374e+05  -1.9292387e+06
  -6.0330936e+05  -1.9312386e+06
  -6.0329499e+05  -1.9332386e+06
  -6.0328061e+05  -1.9352385e+06
  -6.0326623e+05  -1.9372385e+06
  -6.0325186e+05  -1.9392384e+06
  -6.0323748e+05  -1.9412384e+06
  -6.0322310e+05  -1.9432383e+06
  -6.0320873e+05  -1.9452383e+06
  -6.0319435e+05  -1.9472382e+06
  -6.0317998e+05  -1.9492382e+06
  -6.0316560e+05  -1.9512381e+06
  -6.0315122e+05  -1.9532381e+06
  -6.0313685e+05  -1.9552380e+06
  -6.0312247e+05  -1.9572380e+06
  -6.0310809e+05  -1.9592379e+06
  -6.0309372e+05  -1.9612379e+06
  -6.0307934e+05  -1.9632378e+06
  -6.0306496e+05  -1.9652378e+06
  -6.0305059e+05  -1.9672377e+06
  -6.0303621e+05  -1.9692377e+06
  -6.0302183e+05  -1.9712376e+06
  -6.0300746e+05  -1.9732376e+06
  -6.0299308e+05  -1.9752375e+06
  -6.0297870e+05  -1.9772375e+06
  -6.0296433e+05  -1.9792374e+06
  -6.0294995e+05  -1.9812374e+06
  -6.0293558e+05  -1.9832373e+06
  -6.0292120e+05  -1.9852372e+06
  -6.0290682e+05  -1.9872372e+06
  -6.0289245e+05  -1.9892371e+06
  -6.0287807e+05  -1.9912371e+06
  -6.0286369e+05  -1.9932370e+06
  -6.0284932e+05  -1.9952370e+06
  -6.0283494e+05  -1.9972369e+06
  -6.0282056e+05  -1.9992369e+06
  -6.0280619e+05  -2.0012368e+06
  -6.0279181e+05  -2.0032368e+06
  -6.0277743e+05  -2.0052367e+06
  -6.0276306e+05  -2.0072367e+06
  -6.0274868e+05  -2.0092366e+06
  -6.0273431e+05  -2.0112366e+06
  -6.0271993e+05  -2.0132365e+06
  -6.0270555e+05  -2.0152365e+06
  -6.0269118e+05  -2.0172364e+06
  -6.0267680e+05  -2.0192364e+06
  -6.0266242e+05  -2.0212363e+06
  -6.0264805e+05  -2.0232363e+06
  -6.0263367e+05  -2.0252362e+06
  -6.0261929e+05  -2.0272362e+06
  -6.0260492e+05  -2.0292361e+06
  -6.0259054e+05  -2.0312361e+06
  -6.0257616e+05  -2.0332360e+06
  -6.0256179e+05  -2.0352360e+06
  -6.0254741e+05  -2.0372359e+06
  -6.0253303e+05  -2.0392359e+06
  -6.0251866e+05  -2.0412358e+06
  -6.0250428e+05  -2.0432358e+06
  -6.0248991e+05  -2.0452357e+06
  -6.0247553e+05  -2.0472356e+06
  -6.0246115e+05  -2.0492356e+06
  -6.0244678e+05  -2.0512355e+06
  -6.0243240e+05  -2.0532355e+06
  -6.0241802e+05  -2.0552354e+06
  -6.0240365e+05  -2.0572354e+06
  -6.0238927e+05  -2.0592353e+06
  -6.0237489e+05  -2.0612353e+06
  -6.0236052e+05  -2.0632352e+06
  -6.0234614e+05  -2.0652352e+06
  -6.0233176e+05  -2.0672351e+06
  -6.0231739e+05  -2.0692351e+06
  -6.0230301e+05  -2.0712350e+06
  -6.0228863e+05  -2.0732350e+06
  -6.0227426e+05  -2.0752349e+06
  -6.0225988e+05  -2.0772349e+06
  -6.0224551e+05  -2.0792348e+06
  -6.0223113e+05  -2.0812348e+06
  -6.0221675e+05  -2.0832347e+06
  -6.0220238e+05  -2.0852347e+06
  -6.0218800e+05  -2.0872346e+06
  -6.0217362e+05  -2.0892346e+06
  -6.0215925e+05  -2.0912345e+06
  -6.0214487e+05  -2.0932345e+06
  -6.0213049e+05  -2.0952344e+06
  -6.0211612e+05  -2.0972344e+06
  -6.0210174e+05  -2.0992343e+06
  -6.0208736e+05  -2.1012343e+06
  -6.0207299e+05  -2.1032342e+06
  -6.0205861e+05  -2.1052341e+06
  -6.0204423e+05  -2.1072341e+06
  -6.0202986e+05  -2.1092340e+06
  -6.0201548e+05  -2.1112340e+06
  -6.0200111e+05  -2.1132339e+06
  -6.0198673e+05  -2.1152339e+06
  -6.0197235e+05  -2.1172338e+06
  -6.0195798e+05  -2.1192338e+06
  -6.0194360e+05  -2.1212337e+06
  -6.0192922e+05  -2.1232337e+06
  -6.0191485e+05  -2.1252336e+06
  -6.0190047e+05  -2.1272336e+06
  -6.0188609e+05  -2.1292335e+06
  -6.0187172e+05  -2.1312335e+06
  -6.0185734e+05  -2.1332334e+06
  -6.0184296e+05  -2.1352334e+06
  -6.0182859e+05  -2.1372333e+06
  -6.0181421e+05  -2.1392333e+06
  -6.0179983e+05  -2.1412332e+06
  -6.0178546e+05  -2.1432332e+06
  -6.0177108e+05  -2.1452331e+06
  -6.0175671e+05  -2.1472331e+06
  -6.0174233e+05  -2.1492330e+06
  -6.0172795e+05  -2.1512330e+06
  -6.0171358e+05  -2.1532329e+06
  -6.0169920e+05  -2.1552329e+06
  -6.0168482e+05  -2.1572328e+06
  -6.0167045e+05  -2.1592328e+06
  -6.0165607e+05  -2.1612327e+06
  -6.0164169e+05  -2.1632327e+06
  -6.0162732e+05  -2.1652326e+06
  -6.0161294e+05  -2.1672325e+06
  -6.0159856e+05  -2.1692325e+06
  -6.0158419e+05  -2.1712324e+06
  -6.0156981e+05  -2.1732324e+06
  -6.0155543e+05  -2.1752323e+06
  -6.0154106e+05  -2.1772323e+06
  -6.0152668e+05  -2.1792322e+06
  -6.0151231e+05  -2.1812322e+06
  -6.0149793e+05  -2.1832321e+06
  -6.0148355e+05  -2.1852321e+06
  -6.0146918e+05  -2.1872320e+06
  -6.0145480e+05  -2.1892320e+06
  -6.0144042e+05  -2.1912319e+06
  -6.0142605e+05  -2.1932319e+06
  -6.0141167e+05  -2.1952318e+06
  -6.0139729e+05  -2.1972318e+06
  -6.0138292e+05  -2.1992317e+06
  -6.0136854e+05  -2.2012317e+06
  -6.0135416e+05  -2.2032316e+06
  -6.0133979e+05  -2.2052316e+06
  -6.0132541e+05  -2.2072315e+06
  -6.0131104e+05  -2.2092315e+06
  -6.0129666e+05  -2.2112314e+06
  -6.0128228e+05  -2.2132314e+06
  -6.0126791e+05  -2.2152313e+06
  -6.0125353e+05  -2.2172313e+06
  -6.0123915e+05  -2.2192312e+06
  -6.0122478e+05  -2.2212312e+06
  -6.0121040e+05  -2.2232311e+06
  -6.0119602e+05  -2.2252310e+06
  -6.0118165e+05  -2.2272310e+06
  -6.0116727e+05  -2.2292309e+06
  -6.0115289e+05  -2.2312309e+06
  -6.0113852e+05  -2.2332308e+06
  -6.0112414e+05  -2.2352308e+06
  -6.0110976e+05  -2.2372307e+06
  -6.0109539e+05  -2.2392307e+06
  -6.0108101e+05  -2.2412306e+06
  -6.0106664e+05  -2.2432306e+06
  -6.0105226e+05  -2.2452305e+06
  -6.0103788e+05  -2.2472305e+06
  -6.0102351e+05  -2.2492304e+06
  -6.0100913e+05  -2.2512304e+06
  -6.0099475e+05  -2.2532303e+06
  -6.0098038e+05  -2.2552303e+06
  -6.0096600e+05  -2.2572302e+06
  -6.0095162e+05  -2.2592302e+06
  -6.0093725e+05  -2.2612301e+06
  -6.0092287e+05  -2.2632301e+06
  -6.0090849e+05  -2.2652300e+06
  -6.0089412e+05  -2.2672300e+06
  -6.0087974e+05  -2.2692299e+06
  -6.0086536e+05  -2.2712299e+06
  -6.0085099e+05  -2.2732298e+06
  -6.0083661e+05  -2.2752298e+06
  -6.0082224e+05  -2.2772297e+06
  -6.0080786e+05  -2.2792297e+06
  -6.0079348e+05  -2.2812296e+06
  -6.0077911e+05  -2.2832296e+06
  -6.0076473e+05  -2.2852295e+06
  -6.0075035e+05  -2.2872294e+06
  -6.0073598e+05  -2.2892294e+06
  -6.0072160e+05  -2.2912293e+06
  -6.0070722e+05  -2.2932293e+06
  -6.0069285e+05  -2.2952292e+06
  -6.0067847e+05  -2.2972292e+06
  -6.0066409e+05  -2.2992291e+06
  -6.0064972e+05  -2.3012291e+06
  -6.0063534e+05  -2.3032290e+06
  -6.0062096e+05  -2.3052290e+06
  -6.0060659e+05  -2.3072289e+06
  -6.0059221e+05  -2.3092289e+06
  -6.0057784e+05  -2.3112288e+06
  -6.0056346e+05  -2.3132288e+06
  -6.0054908e+05  -2.3152287e+06
  -6.0053471e+05  -2.3172287e+06
  -6.0052033e+05  -2.3192286e+06
  -6.0050595e+05  -2.3212286e+06
  -6.0049158e+05  -2.3232285e+06
  -6.0047720e+05  -2.3252285e+06
  -6.0046282e+05  -2.3272284e+06
  -6.0044845e+05  -2.3292284e+06
  -6.0043407e+05  -2.3312283e+06
  -6.0041969e+05  -2.3332283e+06
  -6.0040532e+05  -2.3352282e+06
  -6.0039094e+05  -2.3372282e+06
  -6.0037656e+05  -2.3392281e+06
  -6.0036219e+05  -2.3412281e+06
  -6.0034781e+05  -2.3432280e+06
509 
  -6.0034781e+05  -2.3432280e+06
  -5.9418797e+05  -2.3431837e+06
  -5.8820146e+05  -2.3431407e+06
  -5.8238828e+05  -2.3430989e+06
  -5.7674842e+05  -2.3430584e+06
  -5.7128190e+05  -2.3430191e+06
  -5.6598870e+05  -2.3429810e+06
  -5.6086883e+05  -2.3429442e+06
  -5.5592229e+05  -2.3429087e+06
  -5.5114908e+05  -2.3428743e+06
  -5.4654920e+05  -2.3428413e+06
  -5.4212265e+05  -2.3428095e+06
  -5.3786943e+05  -2.3427789e+06
  -5.3378953e+05  -2.3427496e+06
  -5.2988297e+05  -2.3427215e+06
  -5.2614973e+05  -2.3426946e+06
  -5.2258982e+05  -2.3426690e+06
  -5.1920324e+05  -2.3426447e+06
  -5.1598999e+05  -2.3426216e+06
  -5.1295007e+05  -2.3425997e+06
  -5.1008348e+05  -2.3425791e+06
  -5.0739021e+05  -2.3425598e+06
  -5.0487028e+05  -2.3425417e+06
  -5.0252367e+05  -2.3425248e+06
  -5.0035040e+05  -2.3425092e+06
  -4.9835045e+05  -2.3424948e+06
  -4.9635050e+05  -2.3424804e+06
  -4.9435055e+05  -2.3424660e+06
  -4.9235060e+05  -2.3424517e+06
  -4.9035065e+05  -2.3424373e+06
  -4.8835071e+05  -2.3424229e+06
  -4.8635076e+05  -2.3424085e+06
  -4.8435081e+05  -2.3423942e+06
  -4.8235086e+05  -2.3423798e+06
  -4.8035091e+05  -2.3423654e+06
  -4.7835096e+05  -2.3423510e+06
  -4.7635102e+05  -2.3423367e+06
  -4.7435107e+05  -2.3423223e+06
  -4.7235112e+05  -2.3423079e+06
  -4.7035117e+05  -2.3422935e+06
  -4.6835122e+05  -2.3422792e+06
  -4.6635127e+05  -2.3422648e+06
  -4.6435133e+05  -2.3422504e+06
  -4.6235138e+05  -2.3422360e+06
  -4.6035143e+05  -2.3422216e+06
  -4.5835148e+05  -2.3422073e+06
  -4.5635153e+05  -2.3421929e+06
  -4.5435158e+05  -2.3421785e+06
  -4.5235164e+05  -2.3421641e+06
  -4.5035169e+05  -2.3421498e+06
  -4.4835174e+05  -2.3421354e+06
  -4.4635179e+05  -2.3421210e+06
  -4.4435184e+05  -2.3421066e+06
  -4.4235189e+05  -2.3420923e+06
  -4.4035195e+05  -2.3420779e+06
  -4.3835200e+05  -2.3420635e+06
  -4.3635205e+05  -2.3420491e+06
  -4.3435210e+05  -2.3420348e+06
  -4.3235215e+05  -2.3420204e+06
  -4.3035220e+05  -2.3420060e+06
  -4.2835226e+05  -2.3419916e+06
  -4.2635231e+05  -2.3419772e+06
  -4.2435236e+05  -2.3419629e+06
  -4.2235241e+05  -2.3419485e+06
  -4.2035246e+05  -2.3419341e+06
  -4.1835251e+05  -2.3419197e+06
  -4.1635257e+05  -2.3419054e+06
  -4.1435262e+05  -2.3418910e+06
  -4.1235267e+05  -2.3418766e+06
  -4.1035272e+05  -2.3418622e+06
  -4.0835277e+05  -2.3418479e+06
  -4.0635282e+05  -2.3418335e+06
  -4.0435288e+05  -2.3418191e+06
  -4.0235293e+05  -2.3418047e+06
  -4.0035298e+05  -2.3417904e+06
  -3.9835303e+05  -2.3417760e+06
  -3.9635308e+05  -2.3417616e+06
  -3.9435313e+05  -2.3417472e+06
  -3.9235319e+05  -2.3417328e+06
  -3.9035324e+05  -2.3417185e+06
  -3.8835329e+05  -2.3417041e+06
  -3.8635334e+05  -2.3416897e+06
  -3.8435339e+05  -2.3416753e+06
  -3.8235344e+05  -2.3416610e+06
  -3.8035350e+05  -2.3416466e+06
  -3.7835355e+05  -2.3416322e+06
  -3.7635360e+05  -2.3416178e+06
  -3.7435365e+05  -2.3416035e+06
  -3.7235370e+05  -2.3415891e+06
  -3.7035375e+05  -2.3415747e+06
  -3.6835381e+05  -2.3415603e+06
  -3.6635386e+05  -2.3415460e+06
  -3.6435391e+05  -2.3415316e+06
  -3.6235396e+05  -2.3415172e+06
  -3.6035401e+05  -2.3415028e+06
  -3.5835406e+05  -2.3414884e+06
  -3.5635412e+05  -2.3414741e+06
  -3.5435417e+05  -2.3414597e+06
  -3.5235422e+05  -2.3414453e+06
  -3.5035427e+05  -2.3414309e+06
  -3.4835432e+05  -2.3414166e+06
  -3.4635437e+05  -2.3414022e+06
  -3.4435443e+05  -2.3413878e+06
  -3.4235448e+05  -2.3413734e+06
  -3.4035453e+05  -2.3413591e+06
  -3.3835458e+05  -2.3413447e+06
  -3.3635463e+05  -2.3413303e+06
  -3.3435468e+05  -2.3413159e+06
  -3.3235474e+05  -2.3413016e+06
  -3.3035479e+05  -2.3412872e+06
  -3.2835484e+05  -2.3412728e+06
  -3.2635489e+05  -2.3412584e+06
  -3.2435494e+05  -2.3412440e+06
  -3.2235499e+05  -2.3412297e+06
  -3.2035505e+05  -2.3412153e+06
  -3.1835510e+05  -2.3412009e+06
  -3.1635515e+05  -2.3411865e+06
  -3.1435520e+05  -2.3411722e+06
  -3.1235525e+05  -2.3411578e+06
  -3.1035530e+05  -2.3411434e+06
  -3.0835536e+05  -2.3411290e+06
  -3.0635541e+05  -2.3411147e+06
  -3.0435546e+05  -2.3411003e+06
  -3.0235551e+05  -2.3410859e+06
  -3.0035556e+05  -2.3410715e+06
  -2.9835561e+05  -2.3410572e+06
  -2.9635567e+05  -2.3410428e+06
  -2.9435572e+05  -2.3410284e+06
  -2.9235577e+05  -2.3410140e+06
  -2.9035582e+05  -2.3409996e+06
  -2.8835587e+05  -2.3409853e+06
  -2.8635592e+05  -2.3409709e+06
  -2.8435598e+05  -2.3409565e+06
  -2.8235603e+05  -2.3409421e+06
  -2.8035608e+05  -2.3409278e+06
  -2.7835613e+05  -2.3409134e+06
  -2.7635618e+05  -2.3408990e+06
  -2.7435623e+05  -2.3408846e+06
  -2.7235629e+05  -2.3408703e+06
  -2.7035634e+05  -2.3408559e+06
  -2.6835639e+05  -2.3408415e+06
  -2.6635644e+05  -2.3408271e+06
  -2.6435649e+05  -2.3408128e+06
  -2.6235654e+05  -2.3407984e+06
  -2.6035660e+05  -2.3407840e+06
  -2.5835665e+05  -2.3407696e+06
  -2.5635670e+05  -2.3407552e+06
  -2.5435675e+05  -2.3407409e+06
  -2.5235680e+05  -2.3407265e+06
  -2.5035685e+05  -2.3407121e+06
  -2.4835691e+05  -2.3406977e+06
  -2.4635696e+05  -2.3406834e+06
  -2.4435701e+05  -2.3406690e+06
  -2.4235706e+05  -2.3406546e+06
  -2.4035711e+05  -2.3406402e+06
  -2.3835716e+05  -2.3406259e+06
  -2.3635722e+05  -2.3406115e+06
  -2.3435727e+05  -2.3405971e+06
  -2.3235732e+05  -2.3405827e+06
  -2.3035737e+05  -2.3405684e+06
  -2.2835742e+05  -2.3405540e+06
  -2.2635747e+05  -2.3405396e+06
  -2.2435753e+05  -2.3405252e+06
  -2.2235758e+05  -2.3405108e+06
  -2.2035763e+05  -2.3404965e+06
  -2.1835768e+05  -2.3404821e+06
  -2.1635773e+05  -2.3404677e+06
  -2.1435778e+05  -2.3404533e+06
  -2.1235784e+05  -2.3404390e+06
  -2.1035789e+05  -2.3404246e+06
  -2.0835794e+05  -2.3404102e+06
  -2.0635799e+05  -2.3403958e+06
  -2.0435804e+05  -2.3403815e+06
  -2.0235809e+05  -2.3403671e+06
  -2.0035815e+05  -2.3403527e+06
  -1.9835820e+05  -2.3403383e+06
  -1.9635825e+05  -2.3403240e+06
  -1.9435830e+05  -2.3403096e+06
  -1.9235835e+05  -2.3402952e+06
  -1.9035840e+05  -2.3402808e+06
  -1.8835846e+05  -2.3402664e+06
  -1.8635851e+05  -2.3402521e+06
  -1.8435856e+05  -2.3402377e+06
  -1.8235861e+05  -2.3402233e+06
  -1.8035866e+05  -2.3402089e+06
  -1.7835871e+05  -2.3401946e+06
  -1.7635877e+05  -2.3401802e+06
  -1.7435882e+05  -2.3401658e+06
  -1.7235887e+05  -2.3401514e+06
  -1.7035892e+05  -2.3401371e+06
  -1.6835897e+05  -2.3401227e+06
  -1.6635902e+05  -2.3401083e+06
  -1.6435908e+05  -2.3400939e+06
  -1.6235913e+05  -2.3400796e+06
  -1.6035918e+05  -2.3400652e+06
  -1.5835923e+05  -2.3400508e+06
  -1.5635928e+05  -2.3400364e+06
  -1.5435933e+05  -2.3400220e+06
  -1.5235939e+05  -2.3400077e+06
  -1.5035944e+05  -2.3399933e+06
  -1.4835949e+05  -2.3399789e+06
  -1.4635954e+05  -2.3399645e+06
  -1.4435959e+05  -2.3399502e+06
  -1.4235964e+05  -2.3399358e+06
  -1.4035970e+05  -2.3399214e+06
  -1.3835975e+05  -2.3399070e+06
  -1.3635980e+05  -2.3398927e+06
  -1.3435985e+05  -2.3398783e+06
  -1.3235990e+05  -2.3398639e+06
  -1.3035995e+05  -2.3398495e+06
  -1.2836001e+05  -2.3398352e+06
  -1.2636006e+05  -2.3398208e+06
  -1.2436011e+05  -2.3398064e+06
  -1.2236016e+05  -2.3397920e+06
  -1.2036021e+05  -2.3397776e+06
  -1.1836026e+05  -2.3397633e+06
  -1.1636032e+05  -2.3397489e+06
  -1.1436037e+05  -2.3397345e+06
  -1.1236042e+05  -2.3397201e+06
  -1.1036047e+05  -2.3397058e+06
  -1.0836052e+05  -2.3396914e+06
  -1.0636057e+05  -2.3396770e+06
  -1.0436063e+05  -2.3396626e+06
  -1.0236068e+05  -2.3396483e+06
  -1.0036073e+05  -2.3396339e+06
  -9.8360782e+04  -2.3396195e+06
  -9.6360833e+04  -2.3396051e+06
  -9.4360885e+04  -2.3395908e+06
  -9.2360937e+04  -2.3395764e+06
  -9.0360988e+04  -2.3395620e+06
  -8.8361040e+04  -2.3395476e+06
  -8.6361092e+04  -2.3395332e+06
  -8.4361143e+04  -2.3395189e+06
  -8.2361195e+04  -2.3395045e+06
  -8.0361247e+04  -2.3394901e+06
  -7.8361298e+04  -2.3394757e+06
  -7.6361350e+04  -2.3394614e+06
  -7.4361402e+04  -2.3394470e+06
  -7.2361453e+04  -2.3394326e+06
  -7.0361505e+04  -2.3394182e+06
  -6.8361557e+04  -2.3394039e+06
  -6.6361608e+04  -2.3393895e+06
  -6.4361660e+04  -2.3393751e+06
  -6.2361712e+04  -2.3393607e+06
  -6.0361763e+04  -2.3393464e+06
  -5.8361815e+04  -2.3393320e+06
  -5.6361867e+04  -2.3393176e+06
  -5.4361918e+04  -2.3393032e+06
  -5.2361970e+04  -2.3392888e+06
  -5.0362022e+04  -2.3392745e+06
  -4.8362073e+04  -2.3392601e+06
  -4.6362125e+04  -2.3392457e+06
  -4.4362177e+04  -2.3392313e+06
  -4.2362228e+04  -2.3392170e+06
  -4.0362280e+04  -2.3392026e+06
  -3.8362332e+04  -2.3391882e+06
  -3.6362383e+04  -2.3391738e+06
  -3.4362435e+04  -2.3391595e+06
  -3.2362487e+04  -2.3391451e+06
  -3.0362538e+04  -2.3391307e+06
  -2.8362590e+04  -2.3391163e+06
  -2.6362642e+04  -2.3391020e+06
  -2.4362693e+04  -2.3390876e+06
  -2.2362745e+04  -2.3390732e+06
  -2.0362797e+04  -2.3390588e+06
  -1.8362848e+04  -2.3390444e+06
  -1.6362900e+04  -2.3390301e+06
  -1.4362952e+04  -2.3390157e+06
  -1.2363003e+04  -2.3390013e+06
  -1.0363055e+04  -2.3389869e+06
  -8.3631067e+03  -2.3389726e+06
  -6.3631584e+03  -2.3389582e+06
  -4.3632101e+03  -2.3389438e+06
  -2.3632617e+03  -2.3389294e+06
  -3.6331341e+02  -2.3389151e+06
   1.6366349e+03  -2.3389007e+06
   3.6365833e+03  -2.3388863e+06
   5.6365316e+03  -2.3388719e+06
   7.6364799e+03  -2.3388576e+06
   9.6364282e+03  -2.3388432e+06
   1.1636377e+04  -2.3388288e+06
   1.3636325e+04  -2.3388144e+06
   1.5636273e+04  -2.3388000e+06
   1.7636222e+04  -2.3387857e+06
   1.9636170e+04  -2.3387713e+06
   2.1636118e+04  -2.3387569e+06
   2.3636067e+04  -2.3387425e+06
   2.5636015e+04  -2.3387282e+06
   2.7635963e+04  -2.3387138e+06
   2.9635912e+04  -2.3386994e+06
   3.1635860e+04  -2.3386850e+06
   3.3635808e+04  -2.3386707e+06
   3.5635757e+04  -2.3386563e+06
   3.7635705e+04  -2.3386419e+06
   3.9635653e+04  -2.3386275e+06
   4.1635601e+04  -2.3386132e+06
   4.3635550e+04  -2.3385988e+06
   4.5635498e+04  -2.3385844e+06
   4.7635446e+04  -2.3385700e+06
   4.9635395e+04  -2.3385556e+06
   5.1635343e+04  -2.3385413e+06
   5.3635291e+04  -2.3385269e+06
   5.5635240e+04  -2.3385125e+06
   5.7635188e+04  -2.3384981e+06
   5.9635136e+04  -2.3384838e+06
   6.1635085e+04  -2.3384694e+06
   6.3635033e+04  -2.3384550e+06
   6.5634981e+04  -2.3384406e+06
   6.7634930e+04  -2.3384263e+06
   6.9634878e+04  -2.3384119e+06
   7.1634826e+04  -2.3383975e+06
   7.3634775e+04  -2.3383831e+06
   7.5634723e+04  -2.3383688e+06
   7.7634671e+04  -2.3383544e+06
   7.9634620e+04  -2.3383400e+06
   8.1634568e+04  -2.3383256e+06
   8.3634516e+04  -2.3383112e+06
   8.5634465e+04  -2.3382969e+06
   8.7634413e+04  -2.3382825e+06
   8.9634361e+04  -2.3382681e+06
   9.1634310e+04  -2.3382537e+06
   9.3634258e+04  -2.3382394e+06
   9.5634206e+04  -2.3382250e+06
   9.7634155e+04  -2.3382106e+06
   9.9634103e+04  -2.3381962e+06
   1.0163405e+05  -2.3381819e+06
   1.0363400e+05  -2.3381675e+06
   1.0563395e+05  -2.3381531e+06
   1.0763390e+05  -2.3381387e+06
   1.0963384e+05  -2.3381244e+06
   1.1163379e+05  -2.3381100e+06
   1.1363374e+05  -2.3380956e+06
   1.1563369e+05  -2.3380812e+06
   1.1763364e+05  -2.3380668e+06
   1.1963359e+05  -2.3380525e+06
   1.2163353e+05  -2.3380381e+06
   1.2363348e+05  -2.3380237e+06
   1.2563343e+05  -2.3380093e+06
   1.2763338e+05  -2.3379950e+06
   1.2963333e+05  -2.3379806e+06
   1.3163328e+05  -2.3379662e+06
   1.3363322e+05  -2.3379518e+06
   1.3563317e+05  -2.3379375e+06
   1.3763312e+05  -2.3379231e+06
   1.3963307e+05  -2.3379087e+06
   1.4163302e+05  -2.3378943e+06
   1.4363297e+05  -2.3378800e+06
   1.4563291e+05  -2.3378656e+06
   1.4763286e+05  -2.3378512e+06
   1.4963281e+05  -2.3378368e+06
   1.5163276e+05  -2.3378224e+06
   1.5363271e+05  -2.3378081e+06
   1.5563266e+05  -2.3377937e+06
   1.5763260e+05  -2.3377793e+06
   1.5963255e+05  -2.3377649e+06
   1.6163250e+05  -2.3377506e+06
   1.6363245e+05  -2.3377362e+06
   1.6563240e+05  -2.3377218e+06
   1.6763235e+05  -2.3377074e+06
   1.6963229e+05  -2.3376931e+06
   1.7163224e+05  -2.3376787e+06
   1.7363219e+05  -2.3376643e+06
   1.7563214e+05  -2.3376499e+06
   1.7763209e+05  -2.3376356e+06
   1.7963204e+05  -2.3376212e+06
   1.8163198e+05  -2.3376068e+06
   1.8363193e+05  -2.3375924e+06
   1.8563188e+05  -2.3375780e+06
   1.8763183e+05  -2.3375637e+06
   1.8963178e+05  -2.3375493e+06
   1.9163173e+05  -2.3375349e+06
   1.9363167e+05  -2.3375205e+06
   1.9563162e+05  -2.3375062e+06
   1.9763157e+05  -2.3374918e+06
   1.9963152e+05  -2.3374774e+06
   2.0163147e+05  -2.3374630e+06
   2.0363142e+05  -2.3374487e+06
   2.0563136e+05  -2.3374343e+06
   2.0763131e+05  -2.3374199e+06
   2.0963126e+05  -2.3374055e+06
   2.1163121e+05  -2.3373912e+06
   2.1363116e+05  -2.3373768e+06
   2.1563111e+05  -2.3373624e+06
   2.1763105e+05  -2.3373480e+06
   2.1963100e+05  -2.3373336e+06
   2.2163095e+05  -2.3373193e+06
   2.2363090e+05  -2.3373049e+06
   2.2563085e+05  -2.3372905e+06
   2.2763080e+05  -2.3372761e+06
   2.2963074e+05  -2.3372618e+06
   2.3163069e+05  -2.3372474e+06
   2.3363064e+05  -2.3372330e+06
   2.3563059e+05  -2.3372186e+06
   2.3763054e+05  -2.3372043e+06
   2.3963049e+05  -2.3371899e+06
   2.4163043e+05  -2.3371755e+06
   2.4363038e+05  -2.3371611e+06
   2.4563033e+05  -2.3371468e+06
   2.4763028e+05  -2.3371324e+06
   2.4963023e+05  -2.3371180e+06
   2.5163018e+05  -2.3371036e+06
   2.5363012e+05  -2.3370892e+06
   2.5563007e+05  -2.3370749e+06
   2.5763002e+05  -2.3370605e+06
   2.5962997e+05  -2.3370461e+06
   2.6162992e+05  -2.3370317e+06
   2.6362987e+05  -2.3370174e+06
   2.6562981e+05  -2.3370030e+06
   2.6762976e+05  -2.3369886e+06
   2.6962971e+05  -2.3369742e+06
   2.7162966e+05  -2.3369599e+06
   2.7362961e+05  -2.3369455e+06
   2.7562956e+05  -2.3369311e+06
   2.7762950e+05  -2.3369167e+06
   2.7962945e+05  -2.3369024e+06
   2.8162940e+05  -2.3368880e+06
   2.8362935e+05  -2.3368736e+06
   2.8562930e+05  -2.3368592e+06
   2.8762925e+05  -2.3368448e+06
   2.8962919e+05  -2.3368305e+06
   2.9162914e+05  -2.3368161e+06
   2.9362909e+05  -2.3368017e+06
   2.9562904e+05  -2.3367873e+06
   2.9762899e+05  -2.3367730e+06
   2.9962894e+05  -2.3367586e+06
   3.0162888e+05  -2.3367442e+06
   3.0362883e+05  -2.3367298e+06
   3.0562878e+05  -2.3367155e+06
   3.0762873e+05  -2.3367011e+06
   3.0962868e+05  -2.3366867e+06
   3.1162863e+05  -2.3366723e+06
   3.1362857e+05  -2.3366580e+06
   3.1562852e+05  -2.3366436e+06
   3.1762847e+05  -2.3366292e+06
   3.1962842e+05  -2.3366148e+06
   3.2162837e+05  -2.3366004e+06
   3.2362832e+05  -2.3365861e+06
   3.2562826e+05  -2.3365717e+06
   3.2762821e+05  -2.3365573e+06
   3.2962816e+05  -2.3365429e+06
   3.3162811e+05  -2.3365286e+06
   3.3362806e+05  -2.3365142e+06
   3.3562801e+05  -2.3364998e+06
   3.3762795e+05  -2.3364854e+06
   3.3962790e+05  -2.3364711e+06
   3.4162785e+05  -2.3364567e+06
   3.4362780e+05  -2.3364423e+06
   3.4562775e+05  -2.3364279e+06
   3.4762770e+05  -2.3364136e+06
   3.4962764e+05  -2.3363992e+06
   3.5162759e+05  -2.3363848e+06
   3.5362754e+05  -2.3363704e+06
   3.5562749e+05  -2.3363560e+06
   3.5762744e+05  -2.3363417e+06
   3.5962739e+05  -2.3363273e+06
   3.6162733e+05  -2.3363129e+06
   3.6362728e+05  -2.3362985e+06
   3.6562723e+05  -2.3362842e+06
   3.6762718e+05  -2.3362698e+06
   3.6962713e+05  -2.3362554e+06
   3.7162708e+05  -2.3362410e+06
   3.7362702e+05  -2.3362267e+06
   3.7562697e+05  -2.3362123e+06
   3.7762692e+05  -2.3361979e+06
   3.7962687e+05  -2.3361835e+06
   3.8162682e+05  -2.3361692e+06
   3.8362677e+05  -2.3361548e+06
   3.8562671e+05  -2.3361404e+06
   3.8762666e+05  -2.3361260e+06
   3.8962661e+05  -2.3361117e+06
   3.9162656e+05  -2.3360973e+06
   3.9362651e+05  -2.3360829e+06
   3.9562646e+05  -2.3360685e+06
   3.9762640e+05  -2.3360541e+06
   3.9962635e+05  -2.3360398e+06
   4.0162630e+05  -2.3360254e+06
   4.0362625e+05  -2.3360110e+06
   4.0562620e+05  -2.3359966e+06
   4.0762615e+05  -2.3359823e+06
   4.0962609e+05  -2.3359679e+06
   4.1162604e+05  -2.3359535e+06
   4.1362599e+05  -2.3359391e+06
   4.1562594e+05  -2.3359248e+06
   4.1762589e+05  -2.3359104e+06
   4.1962584e+05  -2.3358960e+06
   4.2179911e+05  -2.3358804e+06
   4.2414572e+05  -2.3358635e+06
   4.2666565e+05  -2.3358454e+06
   4.2935892e+05  -2.3358260e+06
   4.3222551e+05  -2.3358054e+06
   4.3526543e+05  -2.3357836e+06
   4.3847868e+05  -2.3357605e+06
   4.4186526e+05  -2.3357361e+06
   4.4542517e+05  -2.3357105e+06
   4.4915841e+05  -2.3356837e+06
   4.5306497e+05  -2.3356556e+06
   4.5714487e+05  -2.3356263e+06
   4.6139809e+05  -2.3355957e+06
   4.6582464e+05  -2.3355639e+06
   4.7042452e+05  -2.3355308e+06
   4.7519773e+05  -2.3354965e+06
   4.8014427e+05  -2.3354610e+06
   4.8526414e+05  -2.3354242e+06
   4.9055734e+05  -2.3353861e+06
   4.9602386e+05  -2.3353468e+06
   5.0166372e+05  -2.3353063e+06
   5.0747690e+05  -2.3352645e+06
   5.1346341e+05  -2.3352215e+06
   5.1962325e+05  -2.3351772e+06
321 
   5.1962325e+05  -2.3351772e+06
   5.1960888e+05  -2.3331772e+06
   5.1959450e+05  -2.3311773e+06
   5.1958012e+05  -2.3291773e+06
   5.1956575e+05  -2.3271774e+06
   5.1955137e+05  -2.3251774e+06
   5.1953699e+05  -2.3231775e+06
   5.1952262e+05  -2.3211775e+06
   5.1950824e+05  -2.3191776e+06
   5.1949386e+05  -2.3171776e+06
   5.1947949e+05  -2.3151777e+06
   5.1946511e+05  -2.3131777e+06
   5.1945073e+05  -2.3111778e+06
   5.1943636e+05  -2.3091779e+06
   5.1942198e+05  -2.3071779e+06
   5.1940760e+05  -2.3051780e+06
   5.1939323e+05  -2.3031780e+06
   5.1937885e+05  -2.3011781e+06
   5.1936448e+05  -2.2991781e+06
   5.1935010e+05  -2.2971782e+06
   5.1933572e+05  -2.2951782e+06
   5.1932135e+05  -2.2931783e+06
   5.1930697e+05  -2.2911783e+06
   5.1929259e+05  -2.2891784e+06
   5.1927822e+05  -2.2871784e+06
   5.1926384e+05  -2.2851785e+06
   5.1924946e+05  -2.2831785e+06
   5.1923509e+05  -2.2811786e+06
   5.1922071e+05  -2.2791786e+06
   5.1920633e+05  -2.2771787e+06
   5.1919196e+05  -2.2751787e+06
   5.1917758e+05  -2.2731788e+06
   5.1916321e+05  -2.2711788e+06
   5.1914883e+05  -2.2691789e+06
   5.1913445e+05  -2.2671789e+06
   5.1912008e+05  -2.2651790e+06
   5.1910570e+05  -2.2631790e+06
   5.1909132e+05  -2.2611791e+06
   5.1907695e+05  -2.2591791e+06
   5.1906257e+05  -2.2571792e+06
   5.1904819e+05  -2.2551792e+06
   5.1903382e+05  -2.2531793e+06
   5.1901944e+05  -2.2511794e+06
   5.1900506e+05  -2.2491794e+06
   5.1899069e+05  -2.2471795e+06
   5.1897631e+05  -2.2451795e+06
   5.1896193e+05  -2.2431796e+06
   5.1894756e+05  -2.2411796e+06
   5.1893318e+05  -2.2391797e+06
   5.1891881e+05  -2.2371797e+06
   5.1890443e+05  -2.2351798e+06
   5.1889005e+05  -2.2331798e+06
   5.1887568e+05  -2.2311799e+06
   5.1886130e+05  -2.2291799e+06
   5.1884692e+05  -2.2271800e+06
   5.1883255e+05  -2.2251800e+06
   5.1881817e+05  -2.2231801e+06
   5.1880379e+05  -2.2211801e+06
   5.1878942e+05  -2.2191802e+06
   5.1877504e+05  -2.2171802e+06
   5.1876066e+05  -2.2151803e+06
   5.1874629e+05  -2.2131803e+06
   5.1873191e+05  -2.2111804e+06
   5.1871753e+05  -2.2091804e+06
   5.1870316e+05  -2.2071805e+06
   5.1868878e+05  -2.2051805e+06
   5.1867441e+05  -2.2031806e+06
   5.1866003e+05  -2.2011806e+06
   5.1864565e+05  -2.1991807e+06
   5.1863128e+05  -2.1971807e+06
   5.1861690e+05  -2.1951808e+06
   5.1860252e+05  -2.1931808e+06
   5.1858815e+05  -2.1911809e+06
   5.1857377e+05  -2.1891810e+06
   5.1855939e+05  -2.1871810e+06
   5.1854502e+05  -2.1851811e+06
   5.1853064e+05  -2.1831811e+06
   5.1851626e+05  -2.1811812e+06
   5.1850189e+05  -2.1791812e+06
   5.1848751e+05  -2.1771813e+06
   5.1847313e+05  -2.1751813e+06
   5.1845876e+05  -2.1731814e+06
   5.1844438e+05  -2.1711814e+06
   5.1843001e+05  -2.1691815e+06
   5.1841563e+05  -2.1671815e+06
   5.1840125e+05  -2.1651816e+06
   5.1838688e+05  -2.1631816e+06
   5.1837250e+05  -2.1611817e+06
   5.1835812e+05  -2.1591817e+06
   5.1834375e+05  -2.1571818e+06
   5.1832937e+05  -2.1551818e+06
   5.1831499e+05  -2.1531819e+06
   5.1830062e+05  -2.1511819e+06
   5.1828624e+05  -2.1491820e+06
   5.1827186e+05  -2.1471820e+06
   5.1825749e+05  -2.1451821e+06
   5.1824311e+05  -2.1431821e+06
   5.1822873e+05  -2.1411822e+06
   5.1821436e+05  -2.1391822e+06
   5.1819998e+05  -2.1371823e+06
   5.1818561e+05  -2.1351823e+06
   5.1817123e+05  -2.1331824e+06
   5.1815685e+05  -2.1311825e+06
   5.1814248e+05  -2.1291825e+06
   5.1812810e+05  -2.1271826e+06
   5.1811372e+05  -2.1251826e+06
   5.1809935e+05  -2.1231827e+06
   5.1808497e+05  -2.1211827e+06
   5.1807059e+05  -2.1191828e+06
   5.1805622e+05  -2.1171828e+06
   5.1804184e+05  -2.1151829e+06
   5.1802746e+05  -2.1131829e+06
   5.1801309e+05  -2.1111830e+06
   5.1799871e+05  -2.1091830e+06
   5.1798433e+05  -2.1071831e+06
   5.1796996e+05  -2.1051831e+06
   5.1795558e+05  -2.1031832e+06
   5.1794121e+05  -2.1011832e+06
   5.1792683e+05  -2.0991833e+06
   5.1791245e+05  -2.0971833e+06
   5.1789808e+05  -2.0951834e+06
   5.1788370e+05  -2.0931834e+06
   5.1786932e+05  -2.0911835e+06
   5.1785495e+05  -2.0891835e+06
   5.1784057e+05  -2.0871836e+06
   5.1782619e+05  -2.0851836e+06
   5.1781182e+05  -2.0831837e+06
   5.1779744e+05  -2.0811837e+06
   5.1778306e+05  -2.0791838e+06
   5.1776869e+05  -2.0771838e+06
   5.1775431e+05  -2.0751839e+06
   5.1773994e+05  -2.0731839e+06
   5.1772556e+05  -2.0711840e+06
   5.1771118e+05  -2.0691841e+06
   5.1769681e+05  -2.0671841e+06
   5.1768243e+05  -2.0651842e+06
   5.1766805e+05  -2.0631842e+06
   5.1765368e+05  -2.0611843e+06
   5.1763930e+05  -2.0591843e+06
   5.1762492e+05  -2.0571844e+06
   5.1761055e+05  -2.0551844e+06
   5.1759617e+05  -2.0531845e+06
   5.1758179e+05  -2.0511845e+06
   5.1756742e+05  -2.0491846e+06
   5.1755304e+05  -2.0471846e+06
   5.1753866e+05  -2.0451847e+06
   5.1752429e+05  -2.0431847e+06
   5.1750991e+05  -2.0411848e+06
   5.1749554e+05  -2.0391848e+06
   5.1748116e+05  -2.0371849e+06
   5.1746678e+05  -2.0351849e+06
   5.1745241e+05  -2.0331850e+06
   5.1743803e+05  -2.0311850e+06
   5.1742365e+05  -2.0291851e+06
   5.1740928e+05  -2.0271851e+06
   5.1739490e+05  -2.0251852e+06
   5.1738052e+05  -2.0231852e+06
   5.1736615e+05  -2.0211853e+06
   5.1735177e+05  -2.0191853e+06
   5.1733739e+05  -2.0171854e+06
   5.1732302e+05  -2.0151854e+06
   5.1730864e+05  -2.0131855e+06
   5.1729426e+05  -2.0111856e+06
   5.1727989e+05  -2.0091856e+06
   5.1726551e+05  -2.0071857e+06
   5.1725114e+05  -2.0051857e+06
   5.1723676e+05  -2.0031858e+06
   5.1722238e+05  -2.0011858e+06
   5.1720801e+05  -1.9991859e+06
   5.1719363e+05  -1.9971859e+06
   5.1717925e+05  -1.9951860e+06
   5.1716488e+05  -1.9931860e+06
   5.1715050e+05  -1.9911861e+06
   5.1713612e+05  -1.9891861e+06
   5.1712175e+05  -1.9871862e+06
   5.1710737e+05  -1.9851862e+06
   5.1709299e+05  -1.9831863e+06
   5.1707862e+05  -1.9811863e+06
   5.1706424e+05  -1.9791864e+06
   5.1704986e+05  -1.9771864e+06
   5.1703549e+05  -1.9751865e+06
   5.1702111e+05  -1.9731865e+06
   5.1700674e+05  -1.9711866e+06
   5.1699236e+05  -1.9691866e+06
   5.1697798e+05  -1.9671867e+06
   5.1696361e+05  -1.9651867e+06
   5.1694923e+05  -1.9631868e+06
   5.1693485e+05  -1.9611868e+06
   5.1692048e+05  -1.9591869e+06
   5.1690610e+05  -1.9571869e+06
   5.1689172e+05  -1.9551870e+06
   5.1687735e+05  -1.9531870e+06
   5.1686297e+05  -1.9511871e+06
   5.1684859e+05  -1.9491872e+06
   5.1683422e+05  -1.9471872e+06
   5.1681984e+05  -1.9451873e+06
   5.1680546e+05  -1.9431873e+06
   5.1679109e+05  -1.9411874e+06
   5.1677671e+05  -1.9391874e+06
   5.1676234e+05  -1.9371875e+06
   5.1674796e+05  -1.9351875e+06
   5.1673358e+05  -1.9331876e+06
   5.1671921e+05  -1.9311876e+06
   5.1670483e+05  -1.9291877e+06
   5.1669045e+05  -1.9271877e+06
   5.1667608e+05  -1.9251878e+06
   5.1666170e+05  -1.9231878e+06
   5.1664732e+05  -1.9211879e+06
   5.1663295e+05  -1.9191879e+06
   5.1661857e+05  -1.9171880e+06
   5.1660419e+05  -1.9151880e+06
   5.1658982e+05  -1.9131881e+06
   5.1657544e+05  -1.9111881e+06
   5.1656106e+05  -1.9091882e+06
   5.1654669e+05  -1.9071882e+06
   5.1653231e+05  -1.9051883e+06
   5.1651794e+05  -1.9031883e+06
   5.1650356e+05  -1.9011884e+06
   5.1648918e+05  -1.8991884e+06
   5.1647481e+05  -1.8971885e+06
   5.1646043e+05  -1.8951885e+06
   5.1644605e+05  -1.8931886e+06
   5.1643168e+05  -1.8911887e+06
   5.1641730e+05  -1.8891887e+06
   5.1640292e+05  -1.8871888e+06
   5.1638855e+05  -1.8851888e+06
   5.1637417e+05  -1.8831889e+06
   5.1635979e+05  -1.8811889e+06
   5.1634542e+05  -1.8791890e+06
   5.1633104e+05  -1.8771890e+06
   5.1631667e+05  -1.8751891e+06
   5.1630229e+05  -1.8731891e+06
   5.1628791e+05  -1.8711892e+06
   5.1627354e+05  -1.8691892e+06
   5.1625916e+05  -1.8671893e+06
   5.1624478e+05  -1.8651893e+06
   5.1623041e+05  -1.8631894e+06
   5.1621603e+05  -1.8611894e+06
   5.1620165e+05  -1.8591895e+06
   5.1618728e+05  -1.8571895e+06
   5.1617290e+05  -1.8551896e+06
   5.1615852e+05  -1.8531896e+06
   5.1614415e+05  -1.8511897e+06
   5.1612977e+05  -1.8491897e+06
   5.1611539e+05  -1.8471898e+06
   5.1610102e+05  -1.8451898e+06
   5.1608664e+05  -1.8431899e+06
   5.1607227e+05  -1.8411899e+06
   5.1605789e+05  -1.8391900e+06
   5.1604351e+05  -1.8371900e+06
   5.1602914e+05  -1.8351901e+06
   5.1601476e+05  -1.8331901e+06
   5.1600038e+05  -1.8311902e+06
   5.1598601e+05  -1.8291903e+06
   5.1597163e+05  -1.8271903e+06
   5.1595725e+05  -1.8251904e+06
   5.1594288e+05  -1.8231904e+06
   5.1592850e+05  -1.8211905e+06
   5.1591412e+05  -1.8191905e+06
   5.1589975e+05  -1.8171906e+06
   5.1588537e+05  -1.8151906e+06
   5.1587099e+05  -1.8131907e+06
   5.1585662e+05  -1.8111907e+06
   5.1584224e+05  -1.8091908e+06
   5.1582787e+05  -1.8071908e+06
   5.1581349e+05  -1.8051909e+06
   5.1579911e+05  -1.8031909e+06
   5.1578474e+05  -1.8011910e+06
   5.1577036e+05  -1.7991910e+06
   5.1575598e+05  -1.7971911e+06
   5.1574161e+05  -1.7951911e+06
   5.1572723e+05  -1.7931912e+06
   5.1571285e+05  -1.7911912e+06
   5.1569848e+05  -1.7891913e+06
   5.1568410e+05  -1.7871913e+06
   5.1566972e+05  -1.7851914e+06
   5.1565535e+05  -1.7831914e+06
   5.1564097e+05  -1.7811915e+06
   5.1562659e+05  -1.7791915e+06
   5.1561222e+05  -1.7771916e+06
   5.1559784e+05  -1.7751916e+06
   5.1558347e+05  -1.7731917e+06
   5.1556909e+05  -1.7711918e+06
   5.1555471e+05  -1.7691918e+06
   5.1554034e+05  -1.7671919e+06
   5.1552596e+05  -1.7651919e+06
   5.1551158e+05  -1.7631920e+06
   5.1549721e+05  -1.7611920e+06
   5.1548283e+05  -1.7591921e+06
   5.1546845e+05  -1.7571921e+06
   5.1545408e+05  -1.7551922e+06
   5.1543970e+05  -1.7531922e+06
   5.1542532e+05  -1.7511923e+06
   5.1541095e+05  -1.7491923e+06
   5.1539657e+05  -1.7471924e+06
   5.1538219e+05  -1.7451924e+06
   5.1536782e+05  -1.7431925e+06
   5.1535220e+05  -1.7410192e+06
   5.1533533e+05  -1.7386726e+06
   5.1531721e+05  -1.7361527e+06
   5.1529785e+05  -1.7334594e+06
   5.1527725e+05  -1.7305928e+06
   5.1525539e+05  -1.7275529e+06
   5.1523230e+05  -1.7243396e+06
   5.1520795e+05  -1.7209530e+06
   5.1518236e+05  -1.7173931e+06
   5.1515553e+05  -1.7136599e+06
   5.1512744e+05  -1.7097533e+06
   5.1509812e+05  -1.7056734e+06
   5.1506754e+05  -1.7014202e+06
   5.1503572e+05  -1.6969937e+06
   5.1500266e+05  -1.6923938e+06
   5.1496834e+05  -1.6876206e+06
   5.1493279e+05  -1.6826740e+06
   5.1489598e+05  -1.6775542e+06
   5.1485793e+05  -1.6722610e+06
   5.1481864e+05  -1.6667944e+06
   5.1477810e+05  -1.6611546e+06
   5.1473631e+05  -1.6553414e+06
   5.1469327e+05  -1.6493549e+06
   5.1464900e+05  -1.6431951e+06
509 
   5.1464900e+05  -1.6431951e+06
   5.0848915e+05  -1.6432393e+06
   5.0250264e+05  -1.6432824e+06
   4.9668946e+05  -1.6433242e+06
   4.9104960e+05  -1.6433647e+06
   4.8558308e+05  -1.6434040e+06
   4.8028988e+05  -1.6434420e+06
   4.7517002e+05  -1.6434788e+06
   4.7022348e+05  -1.6435144e+06
   4.6545027e+05  -1.6435487e+06
   4.6085039e+05  -1.6435818e+06
   4.5642383e+05  -1.6436136e+06
   4.5217061e+05  -1.6436442e+06
   4.4809071e+05  -1.6436735e+06
   4.4418415e+05  -1.6437016e+06
   4.4045091e+05  -1.6437284e+06
   4.3689100e+05  -1.6437540e+06
   4.3350443e+05  -1.6437784e+06
   4.3029117e+05  -1.6438015e+06
   4.2725125e+05  -1.6438233e+06
   4.2438466e+05  -1.6438439e+06
   4.2169140e+05  -1.6438633e+06
   4.1917146e+05  -1.6438814e+06
   4.1682486e+05  -1.6438983e+06
   4.1465158e+05  -1.6439139e+06
   4.1265163e+05  -1.6439283e+06
   4.1065168e+05  -1.6439426e+06
   4.0865173e+05  -1.6439570e+06
   4.0665179e+05  -1.6439714e+06
   4.0465184e+05  -1.6439858e+06
   4.0265189e+05  -1.6440001e+06
   4.0065194e+05  -1.6440145e+06
   3.9865199e+05  -1.6440289e+06
   3.9665204e+05  -1.6440433e+06
   3.9465210e+05  -1.6440576e+06
   3.9265215e+05  -1.6440720e+06
   3.9065220e+05  -1.6440864e+06
   3.8865225e+05  -1.6441008e+06
   3.8665230e+05  -1.6441152e+06
   3.8465235e+05  -1.6441295e+06
   3.8265241e+05  -1.6441439e+06
   3.8065246e+05  -1.6441583e+06
   3.7865251e+05  -1.6441727e+06
   3.7665256e+05  -1.6441870e+06
   3.7465261e+05  -1.6442014e+06
   3.7265266e+05  -1.6442158e+06
   3.7065272e+05  -1.6442302e+06
   3.6865277e+05  -1.6442445e+06
   3.6665282e+05  -1.6442589e+06
   3.6465287e+05  -1.6442733e+06
   3.6265292e+05  -1.6442877e+06
   3.6065297e+05  -1.6443020e+06
   3.5865303e+05  -1.6443164e+06
   3.5665308e+05  -1.6443308e+06
   3.5465313e+05  -1.6443452e+06
   3.5265318e+05  -1.6443596e+06
   3.5065323e+05  -1.6443739e+06
   3.4865328e+05  -1.6443883e+06
   3.4665334e+05  -1.6444027e+06
   3.4465339e+05  -1.6444171e+06
   3.4265344e+05  -1.6444314e+06
   3.4065349e+05  -1.6444458e+06
   3.3865354e+05  -1.6444602e+06
   3.3665359e+05  -1.6444746e+06
   3.3465365e+05  -1.6444889e+06
   3.3265370e+05  -1.6445033e+06
   3.3065375e+05  -1.6445177e+06
   3.2865380e+05  -1.6445321e+06
   3.2665385e+05  -1.6445464e+06
   3.2465390e+05  -1.6445608e+06
   3.2265396e+05  -1.6445752e+06
   3.2065401e+05  -1.6445896e+06
   3.1865406e+05  -1.6446040e+06
   3.1665411e+05  -1.6446183e+06
   3.1465416e+05  -1.6446327e+06
   3.1265421e+05  -1.6446471e+06
   3.1065427e+05  -1.6446615e+06
   3.0865432e+05  -1.6446758e+06
   3.0665437e+05  -1.6446902e+06
   3.0465442e+05  -1.6447046e+06
   3.0265447e+05  -1.6447190e+06
   3.0065452e+05  -1.6447333e+06
   2.9865458e+05  -1.6447477e+06
   2.9665463e+05  -1.6447621e+06
   2.9465468e+05  -1.6447765e+06
   2.9265473e+05  -1.6447908e+06
   2.9065478e+05  -1.6448052e+06
   2.8865483e+05  -1.6448196e+06
   2.8665489e+05  -1.6448340e+06
   2.8465494e+05  -1.6448484e+06
   2.8265499e+05  -1.6448627e+06
   2.8065504e+05  -1.6448771e+06
   2.7865509e+05  -1.6448915e+06
   2.7665514e+05  -1.6449059e+06
   2.7465520e+05  -1.6449202e+06
   2.7265525e+05  -1.6449346e+06
   2.7065530e+05  -1.6449490e+06
   2.6865535e+05  -1.6449634e+06
   2.6665540e+05  -1.6449777e+06
   2.6465545e+05  -1.6449921e+06
   2.6265551e+05  -1.6450065e+06
   2.6065556e+05  -1.6450209e+06
   2.5865561e+05  -1.6450352e+06
   2.5665566e+05  -1.6450496e+06
   2.5465571e+05  -1.6450640e+06
   2.5265576e+05  -1.6450784e+06
   2.5065582e+05  -1.6450928e+06
   2.4865587e+05  -1.6451071e+06
   2.4665592e+05  -1.6451215e+06
   2.4465597e+05  -1.6451359e+06
   2.4265602e+05  -1.6451503e+06
   2.4065607e+05  -1.6451646e+06
   2.3865613e+05  -1.6451790e+06
   2.3665618e+05  -1.6451934e+06
   2.3465623e+05  -1.6452078e+06
   2.3265628e+05  -1.6452221e+06
   2.3065633e+05  -1.6452365e+06
   2.2865638e+05  -1.6452509e+06
   2.2665644e+05  -1.6452653e+06
   2.2465649e+05  -1.6452796e+06
   2.2265654e+05  -1.6452940e+06
   2.2065659e+05  -1.6453084e+06
   2.1865664e+05  -1.6453228e+06
   2.1665669e+05  -1.6453372e+06
   2.1465675e+05  -1.6453515e+06
   2.1265680e+05  -1.6453659e+06
   2.1065685e+05  -1.6453803e+06
   2.0865690e+05  -1.6453947e+06
   2.0665695e+05  -1.6454090e+06
   2.0465700e+05  -1.6454234e+06
   2.0265706e+05  -1.6454378e+06
   2.0065711e+05  -1.6454522e+06
   1.9865716e+05  -1.6454665e+06
   1.9665721e+05  -1.6454809e+06
   1.9465726e+05  -1.6454953e+06
   1.9265731e+05  -1.6455097e+06
   1.9065737e+05  -1.6455240e+06
   1.8865742e+05  -1.6455384e+06
   1.8665747e+05  -1.6455528e+06
   1.8465752e+05  -1.6455672e+06
   1.8265757e+05  -1.6455816e+06
   1.8065762e+05  -1.6455959e+06
   1.7865768e+05  -1.6456103e+06
   1.7665773e+05  -1.6456247e+06
   1.7465778e+05  -1.6456391e+06
   1.7265783e+05  -1.6456534e+06
   1.7065788e+05  -1.6456678e+06
   1.6865793e+05  -1.6456822e+06
   1.6665799e+05  -1.6456966e+06
   1.6465804e+05  -1.6457109e+06
   1.6265809e+05  -1.6457253e+06
   1.6065814e+05  -1.6457397e+06
   1.5865819e+05  -1.6457541e+06
   1.5665824e+05  -1.6457684e+06
   1.5465830e+05  -1.6457828e+06
   1.5265835e+05  -1.6457972e+06
   1.5065840e+05  -1.6458116e+06
   1.4865845e+05  -1.6458260e+06
   1.4665850e+05  -1.6458403e+06
   1.4465855e+05  -1.6458547e+06
   1.4265861e+05  -1.6458691e+06
   1.4065866e+05  -1.6458835e+06
   1.3865871e+05  -1.6458978e+06
   1.3665876e+05  -1.6459122e+06
   1.3465881e+05  -1.6459266e+06
   1.3265886e+05  -1.6459410e+06
   1.3065892e+05  -1.6459553e+06
   1.2865897e+05  -1.6459697e+06
   1.2665902e+05  -1.6459841e+06
   1.2465907e+05  -1.6459985e+06
   1.2265912e+05  -1.6460128e+06
   1.2065917e+05  -1.6460272e+06
   1.1865923e+05  -1.6460416e+06
   1.1665928e+05  -1.6460560e+06
   1.1465933e+05  -1.6460704e+06
   1.1265938e+05  -1.6460847e+06
   1.1065943e+05  -1.6460991e+06
   1.0865948e+05  -1.6461135e+06
   1.0665954e+05  -1.6461279e+06
   1.0465959e+05  -1.6461422e+06
   1.0265964e+05  -1.6461566e+06
   1.0065969e+05  -1.6461710e+06
   9.8659743e+04  -1.6461854e+06
   9.6659795e+04  -1.6461997e+06
   9.4659846e+04  -1.6462141e+06
   9.2659898e+04  -1.6462285e+06
   9.0659950e+04  -1.6462429e+06
   8.8660001e+04  -1.6462572e+06
   8.6660053e+04  -1.6462716e+06
   8.4660105e+04  -1.6462860e+06
   8.2660156e+04  -1.6463004e+06
   8.0660208e+04  -1.6463148e+06
   7.8660260e+04  -1.6463291e+06
   7.6660311e+04  -1.6463435e+06
   7.4660363e+04  -1.6463579e+06
   7.2660415e+04  -1.6463723e+06
   7.0660466e+04  -1.6463866e+06
   6.8660518e+04  -1.6464010e+06
   6.6660570e+04  -1.6464154e+06
   6.4660621e+04  -1.6464298e+06
   6.2660673e+04  -1.6464441e+06
   6.0660725e+04  -1.6464585e+06
   5.8660776e+04  -1.6464729e+06
   5.6660828e+04  -1.6464873e+06
   5.4660880e+04  -1.6465016e+06
   5.2660931e+04  -1.6465160e+06
   5.0660983e+04  -1.6465304e+06
   4.8661035e+04  -1.6465448e+06
   4.6661086e+04  -1.6465592e+06
   4.4661138e+04  -1.6465735e+06
   4.2661190e+04  -1.6465879e+06
   4.0661241e+04  -1.6466023e+06
   3.8661293e+04  -1.6466167e+06
   3.6661345e+04  -1.6466310e+06
   3.4661396e+04  -1.6466454e+06
   3.2661448e+04  -1.6466598e+06
   3.0661500e+04  -1.6466742e+06
   2.8661551e+04  -1.6466885e+06
   2.6661603e+04  -1.6467029e+06
   2.4661655e+04  -1.6467173e+06
   2.2661706e+04  -1.6467317e+06
   2.0661758e+04  -1.6467460e+06
   1.8661810e+04  -1.6467604e+06
   1.6661861e+04  -1.6467748e+06
   1.4661913e+04  -1.6467892e+06
   1.2661965e+04  -1.6468036e+06
   1.0662016e+04  -1.6468179e+06
   8.6620681e+03  -1.6468323e+06
   6.6621198e+03  -1.6468467e+06
   4.6621715e+03  -1.6468611e+06
   2.6622232e+03  -1.6468754e+06
   6.6227483e+02  -1.6468898e+06
  -1.3376735e+03  -1.6469042e+06
  -3.3376218e+03  -1.6469186e+06
  -5.3375702e+03  -1.6469329e+06
  -7.3375185e+03  -1.6469473e+06
  -9.3374668e+03  -1.6469617e+06
  -1.1337415e+04  -1.6469761e+06
  -1.3337363e+04  -1.6469904e+06
  -1.5337312e+04  -1.6470048e+06
  -1.7337260e+04  -1.6470192e+06
  -1.9337208e+04  -1.6470336e+06
  -2.1337157e+04  -1.6470480e+06
  -2.3337105e+04  -1.6470623e+06
  -2.5337053e+04  -1.6470767e+06
  -2.7337002e+04  -1.6470911e+06
  -2.9336950e+04  -1.6471055e+06
  -3.1336898e+04  -1.6471198e+06
  -3.3336847e+04  -1.6471342e+06
  -3.5336795e+04  -1.6471486e+06
  -3.7336743e+04  -1.6471630e+06
  -3.9336692e+04  -1.6471773e+06
  -4.1336640e+04  -1.6471917e+06
  -4.3336588e+04  -1.6472061e+06
  -4.5336537e+04  -1.6472205e+06
  -4.7336485e+04  -1.6472348e+06
  -4.9336433e+04  -1.6472492e+06
  -5.1336382e+04  -1.6472636e+06
  -5.3336330e+04  -1.6472780e+06
  -5.5336278e+04  -1.6472924e+06
  -5.7336227e+04  -1.6473067e+06
  -5.9336175e+04  -1.6473211e+06
  -6.1336123e+04  -1.6473355e+06
  -6.3336072e+04  -1.6473499e+06
  -6.5336020e+04  -1.6473642e+06
  -6.7335968e+04  -1.6473786e+06
  -6.9335917e+04  -1.6473930e+06
  -7.1335865e+04  -1.6474074e+06
  -7.3335813e+04  -1.6474217e+06
  -7.5335762e+04  -1.6474361e+06
  -7.7335710e+04  -1.6474505e+06
  -7.9335658e+04  -1.6474649e+06
  -8.1335607e+04  -1.6474792e+06
  -8.3335555e+04  -1.6474936e+06
  -8.5335503e+04  -1.6475080e+06
  -8.7335452e+04  -1.6475224e+06
  -8.9335400e+04  -1.6475368e+06
  -9.1335348e+04  -1.6475511e+06
  -9.3335297e+04  -1.6475655e+06
  -9.5335245e+04  -1.6475799e+06
  -9.7335193e+04  -1.6475943e+06
  -9.9335142e+04  -1.6476086e+06
  -1.0133509e+05  -1.6476230e+06
  -1.0333504e+05  -1.6476374e+06
  -1.0533499e+05  -1.6476518e+06
  -1.0733493e+05  -1.6476661e+06
  -1.0933488e+05  -1.6476805e+06
  -1.1133483e+05  -1.6476949e+06
  -1.1333478e+05  -1.6477093e+06
  -1.1533473e+05  -1.6477236e+06
  -1.1733468e+05  -1.6477380e+06
  -1.1933462e+05  -1.6477524e+06
  -1.2133457e+05  -1.6477668e+06
  -1.2333452e+05  -1.6477812e+06
  -1.2533447e+05  -1.6477955e+06
  -1.2733442e+05  -1.6478099e+06
  -1.2933437e+05  -1.6478243e+06
  -1.3133431e+05  -1.6478387e+06
  -1.3333426e+05  -1.6478530e+06
  -1.3533421e+05  -1.6478674e+06
  -1.3733416e+05  -1.6478818e+06
  -1.3933411e+05  -1.6478962e+06
  -1.4133406e+05  -1.6479105e+06
  -1.4333400e+05  -1.6479249e+06
  -1.4533395e+05  -1.6479393e+06
  -1.4733390e+05  -1.6479537e+06
  -1.4933385e+05  -1.6479680e+06
  -1.5133380e+05  -1.6479824e+06
  -1.5333375e+05  -1.6479968e+06
  -1.5533369e+05  -1.6480112e+06
  -1.5733364e+05  -1.6480256e+06
  -1.5933359e+05  -1.6480399e+06
  -1.6133354e+05  -1.6480543e+06
  -1.6333349e+05  -1.6480687e+06
  -1.6533344e+05  -1.6480831e+06
  -1.6733338e+05  -1.6480974e+06
  -1.6933333e+05  -1.6481118e+06
  -1.7133328e+05  -1.6481262e+06
  -1.7333323e+05  -1.6481406e+06
  -1.7533318e+05  -1.6481549e+06
  -1.7733313e+05  -1.6481693e+06
  -1.7933307e+05  -1.6481837e+06
  -1.8133302e+05  -1.6481981e+06
  -1.8333297e+05  -1.6482124e+06
  -1.8533292e+05  -1.6482268e+06
  -1.8733287e+05  -1.6482412e+06
  -1.8933282e+05  -1.6482556e+06
  -1.9133276e+05  -1.6482700e+06
  -1.9333271e+05  -1.6482843e+06
  -1.9533266e+05  -1.6482987e+06
  -1.9733261e+05  -1.6483131e+06
  -1.9933256e+05  -1.6483275e+06
  -2.0133251e+05  -1.6483418e+06
  -2.0333245e+05  -1.6483562e+06
  -2.0533240e+05  -1.6483706e+06
  -2.0733235e+05  -1.6483850e+06
  -2.0933230e+05  -1.6483993e+06
  -2.1133225e+05  -1.6484137e+06
  -2.1333220e+05  -1.6484281e+06
  -2.1533214e+05  -1.6484425e+06
  -2.1733209e+05  -1.6484568e+06
  -2.1933204e+05  -1.6484712e+06
  -2.2133199e+05  -1.6484856e+06
  -2.2333194e+05  -1.6485000e+06
  -2.2533189e+05  -1.6485144e+06
  -2.2733183e+05  -1.6485287e+06
  -2.2933178e+05  -1.6485431e+06
  -2.3133173e+05  -1.6485575e+06
  -2.3333168e+05  -1.6485719e+06
  -2.3533163e+05  -1.6485862e+06
  -2.3733158e+05  -1.6486006e+06
  -2.3933152e+05  -1.6486150e+06
  -2.4133147e+05  -1.6486294e+06
  -2.4333142e+05  -1.6486437e+06
  -2.4533137e+05  -1.6486581e+06
  -2.4733132e+05  -1.6486725e+06
  -2.4933127e+05  -1.6486869e+06
  -2.5133121e+05  -1.6487012e+06
  -2.5333116e+05  -1.6487156e+06
  -2.5533111e+05  -1.6487300e+06
  -2.5733106e+05  -1.6487444e+06
  -2.5933101e+05  -1.6487588e+06
  -2.6133096e+05  -1.6487731e+06
  -2.6333090e+05  -1.6487875e+06
  -2.6533085e+05  -1.6488019e+06
  -2.6733080e+05  -1.6488163e+06
  -2.6933075e+05  -1.6488306e+06
  -2.7133070e+05  -1.6488450e+06
  -2.7333065e+05  -1.6488594e+06
  -2.7533059e+05  -1.6488738e+06
  -2.7733054e+05  -1.6488881e+06
  -2.7933049e+05  -1.6489025e+06
  -2.8133044e+05  -1.6489169e+06
  -2.8333039e+05  -1.6489313e+06
  -2.8533034e+05  -1.6489456e+06
  -2.8733028e+05  -1.6489600e+06
  -2.8933023e+05  -1.6489744e+06
  -2.9133018e+05  -1.6489888e+06
  -2.9333013e+05  -1.6490031e+06
  -2.9533008e+05  -1.6490175e+06
  -2.9733003e+05  -1.6490319e+06
  -2.9932997e+05  -1.6490463e+06
  -3.0132992e+05  -1.6490607e+06
  -3.0332987e+05  -1.6490750e+06
  -3.0532982e+05  -1.6490894e+06
  -3.0732977e+05  -1.6491038e+06
  -3.0932972e+05  -1.6491182e+06
  -3.1132966e+05  -1.6491325e+06
  -3.1332961e+05  -1.6491469e+06
  -3.1532956e+05  -1.6491613e+06
  -3.1732951e+05  -1.6491757e+06
  -3.1932946e+05  -1.6491900e+06
  -3.2132941e+05  -1.6492044e+06
  -3.2332935e+05  -1.6492188e+06
  -3.2532930e+05  -1.6492332e+06
  -3.2732925e+05  -1.6492475e+06
  -3.2932920e+05  -1.6492619e+06
  -3.3132915e+05  -1.6492763e+06
  -3.3332910e+05  -1.6492907e+06
  -3.3532904e+05  -1.6493051e+06
  -3.3732899e+05  -1.6493194e+06
  -3.3932894e+05  -1.6493338e+06
  -3.4132889e+05  -1.6493482e+06
  -3.4332884e+05  -1.6493626e+06
  -3.4532879e+05  -1.6493769e+06
  -3.4732873e+05  -1.6493913e+06
  -3.4932868e+05  -1.6494057e+06
  -3.5132863e+05  -1.6494201e+06
  -3.5332858e+05  -1.6494344e+06
  -3.5532853e+05  -1.6494488e+06
  -3.5732848e+05  -1.6494632e+06
  -3.5932842e+05  -1.6494776e+06
  -3.6132837e+05  -1.6494919e+06
  -3.6332832e+05  -1.6495063e+06
  -3.6532827e+05  -1.6495207e+06
  -3.6732822e+05  -1.6495351e+06
  -3.6932817e+05  -1.6495495e+06
  -3.7132811e+05  -1.6495638e+06
  -3.7332806e+05  -1.6495782e+06
  -3.7532801e+05  -1.6495926e+06
  -3.7732796e+05  -1.6496070e+06
  -3.7932791e+05  -1.6496213e+06
  -3.8132786e+05  -1.6496357e+06
  -3.8332780e+05  -1.6496501e+06
  -3.8532775e+05  -1.6496645e+06
  -3.8732770e+05  -1.6496788e+06
  -3.8932765e+05  -1.6496932e+06
  -3.9132760e+05  -1.6497076e+06
  -3.9332755e+05  -1.6497220e+06
  -3.9532749e+05  -1.6497363e+06
  -3.9732744e+05  -1.6497507e+06
  -3.9932739e+05  -1.6497651e+06
  -4.0132734e+05  -1.6497795e+06
  -4.0332729e+05  -1.6497939e+06
  -4.0532724e+05  -1.6498082e+06
  -4.0732718e+05  -1.6498226e+06
  -4.0932713e+05  -1.6498370e+06
  -4.1132708e+05  -1.6498514e+06
  -4.1332703e+05  -1.6498657e+06
  -4.1532698e+05  -1.6498801e+06
  -4.1732693e+05  -1.6498945e+06
  -4.1932687e+05  -1.6499089e+06
  -4.2132682e+05  -1.6499232e+06
  -4.2332677e+05  -1.6499376e+06
  -4.2532672e+05  -1.6499520e+06
  -4.2732667e+05  -1.6499664e+06
  -4.2932662e+05  -1.6499807e+06
  -4.3132656e+05  -1.6499951e+06
  -4.3332651e+05  -1.6500095e+06
  -4.3532646e+05  -1.6500239e+06
  -4.3732641e+05  -1.6500383e+06
  -4.3932636e+05  -1.6500526e+06
  -4.4132631e+05  -1.6500670e+06
  -4.4332625e+05  -1.6500814e+06
  -4.4532620e+05  -1.6500958e+06
  -4.4732615e+05  -1.6501101e+06
  -4.4932610e+05  -1.6501245e+06
  -4.5132605e+05  -1.6501389e+06
  -4.5332600e+05  -1.6501533e+06
  -4.5532594e+05  -1.6501676e+06
  -4.5732589e+05  -1.6501820e+06
  -4.5932584e+05  -1.6501964e+06
  -4.6132579e+05  -1.6502108e+06
  -4.6332574e+05  -1.6502251e+06
  -4.6532569e+05  -1.6502395e+06
  -4.6732563e+05  -1.6502539e+06
  -4.6932558e+05  -1.6502683e+06
  -4.7132553e+05  -1.6502827e+06
  -4.7332548e+05  -1.6502970e+06
  -4.7532543e+05  -1.6503114e+06
  -4.7732538e+05  -1.6503258e+06
  -4.7932532e+05  -1.6503402e+06
  -4.8132527e+05  -1.6503545e+06
  -4.8332522e+05  -1.6503689e+06
  -4.8532517e+05  -1.6503833e+06
  -4.8732512e+05  -1.6503977e+06
  -4.8932507e+05  -1.6504120e+06
  -4.9132501e+05  -1.6504264e+06
  -4.9332496e+05  -1.6504408e+06
  -4.9532491e+05  -1.6504552e+06
  -4.9732486e+05  -1.6504695e+06
  -4.9932481e+05  -1.6504839e+06
  -5.0132476e+05  -1.6504983e+06
  -5.0332470e+05  -1.6505127e+06
  -5.0532465e+05  -1.6505271e+06
  -5.0749793e+05  -1.6505427e+06
  -5.0984454e+05  -1.6505595e+06
  -5.1236447e+05  -1.6505777e+06
  -5.1505773e+05  -1.6505970e+06
  -5.1792433e+05  -1.6506176e+06
  -5.2096425e+05  -1.6506395e+06
  -5.2417750e+05  -1.6506626e+06
  -5.2756408e+05  -1.6506869e+06
  -5.3112399e+05  -1.6507125e+06
  -5.3485722e+05  -1.6507393e+06
  -5.3876379e+05  -1.6507674e+06
  -5.4284368e+05  -1.6507968e+06
  -5.4709691e+05  -1.6508273e+06
  -5.5152346e+05  -1.6508592e+06
  -5.5612334e+05  -1.6508922e+06
  -5.6089655e+05  -1.6509265e+06
  -5.6584309e+05  -1.6509621e+06
  -5.7096296e+05  -1.6509989e+06
  -5.7625615e+05  -1.6510369e+06
  -5.8172268e+05  -1.6510762e+06
  -5.8736253e+05  -1.6511168e+06
  -5.9317572e+05  -1.6511586e+06
  -5.9916223e+05  -1.6512016e+06
  -6.0532207e+05  -1.6512459e+06
