  -6.0532207e+05  -1.6512459e+06
  -6.0527779e+05  -1.6574057e+06
  -6.0523476e+05  -1.6633922e+06
  -6.0519297e+05  -1.6692054e+06
  -6.0515243e+05  -1.6748453e+06
  -6.0511313e+05  -1.6803118e+06
  -6.0507508e+05  -1.6856050e+06
  -6.0503828e+05  -1.6907249e+06
  -6.0500272e+05  -1.6956714e+06
  -6.0496841e+05  -1.7004446e+06
  -6.0493534e+05  -1.7050445e+06
  -6.0490352e+05  -1.7094710e+06
  -6.0487295e+05  -1.7137243e+06
  -6.0484362e+05  -1.7178042e+06
  -6.0481554e+05  -1.7217107e+06
  -6.0478870e+05  -1.7254440e+06
  -6.0476311e+05  -1.7290039e+06
  -6.0473877e+05  -1.7323904e+06
  -6.0471567e+05  -1.7356037e+06
  -6.0469382e+05  -1.7386436e+06
  -6.0467321e+05  -1.7415102e+06
  -6.0465385e+05  -1.7442035e+06
  -6.0463574e+05  -1.7467234e+06
  -6.0461887e+05  -1.7490700e+06
  -6.0460325e+05  -1.7512433e+06
  -6.0458887e+05  -1.7532432e+06
  -6.0457449e+05  -1.7552432e+06
  -6.0456012e+05  -1.7572431e+06
  -6.0454574e+05  -1.7592431e+06
  -6.0453136e+05  -1.7612430e+06
  -6.0451699e+05  -1.7632430e+06
  -6.0450261e+05  -1.7652429e+06
  -6.0448823e+05  -1.7672429e+06
  -6.0447386e+05  -1.7692428e+06
  -6.0445948e+05  -1.7712428e+06
  -6.0444510e+05  -1.7732427e+06
  -6.0443073e+05  -1.7752427e+06
  -6.0441635e+05  -1.7772426e+06
  -6.0440197e+05  -1.7792426e+06
  -6.0438760e+05  -1.7812425e+06
  -6.0437322e+05  -1.7832425e+06
  -6.0435885e+05  -1.7852424e+06
  -6.0434447e+05  -1.7872424e+06
  -6.0433009e+05  -1.7892423e+06
  -6.0431572e+05  -1.7912423e+06
  -6.0430134e+05  -1.7932422e+06
  -6.0428696e+05  -1.7952422e+06
  -6.0427259e+05  -1.7972421e+06
  -6.0425821e+05  -1.7992421e+06
  -6.0424383e+05  -1.8012420e+06
  -6.0422946e+05  -1.8032420e+06
  -6.0421508e+05  -1.8052419e+06
  -6.0420070e+05  -1.8072418e+06
  -6.0418633e+05  -1.8092418e+06
  -6.0417195e+05  -1.8112417e+06
  -6.0415758e+05  -1.8132417e+06
  -6.0414320e+05  -1.8152416e+06
  -6.0412882e+05  -1.8172416e+06
  -6.0411445e+05  -1.8192415e+06
  -6.0410007e+05  -1.8212415e+06
  -6.0408569e+05  -1.8232414e+06
  -6.0407132e+05  -1.8252414e+06
  -6.0405694e+05  -1.8272413e+06
  -6.0404256e+05  -1.8292413e+06
  -6.0402819e+05  -1.8312412e+06
  -6.0401381e+05  -1.8332412e+06
  -6.0399943e+05  -1.8352411e+06
  -6.0398506e+05  -1.8372411e+06
  -6.0397068e+05  -1.8392410e+06
  -6.0395630e+05  -1.8412410e+06
  -6.0394193e+05  -1.8432409e+06
  -6.0392755e+05  -1.8452409e+06
  -6.0391318e+05  -1.8472408e+06
  -6.0389880e+05  -1.8492408e+06
  -6.0388442e+05  -1.8512407e+06
  -6.0387005e+05  -1.8532407e+06
  -6.0385567e+05  -1.8552406e+06
  -6.0384129e+05  -1.8572406e+06
  -6.0382692e+05  -1.8592405e+06
  -6.0381254e+05  -1.8612405e+06
  -6.0379816e+05  -1.8632404e+06
  -6.0378379e+05  -1.8652403e+06
  -6.0376941e+05  -1.8672403e+06
  -6.0375503e+05  -1.8692402e+06
  -6.0374066e+05  -1.8712402e+06
  -6.0372628e+05  -1.8732401e+06
  -6.0371190e+05  -1.8752401e+06
  -6.0369753e+05  -1.8772400e+06
  -6.0368315e+05  -1.8792400e+06
  -6.0366878e+05  -1.8812399e+06
  -6.0365440e+05  -1.8832399e+06
  -6.0364002e+05  -1.8852398e+06
  -6.0362565e+05  -1.8872398e+06
  -6.0361127e+05  -1.8892397e+06
  -6.0359689e+05  -1.8912397e+06
  -6.0358252e+05  -1.8932396e+06
  -6.0356814e+05  -1.8952396e+06
  -6.0355376e+05  -1.8972395e+06
  -6.0353939e+05  -1.8992395e+06
  -6.0352501e+05  -1.9012394e+06
  -6.0351063e+05  -1.9032394e+06
  -6.0349626e+05  -1.9052393e+06
  -6.0348188e+05  -1.9072393e+06
  -6.0346750e+05  -1.9092392e+06
  -6.0345313e+05  -1.9112392e+06
  -6.0343875e+05  -1.9132391e+06
  -6.0342438e+05  -1.9152391e+06
  -6.0341000e+05  -1.9172390e+06
  -6.0339562e+05  -1.9192390e+06
  -6.0338125e+05  -1.9212389e+06
  -6.0336687e+05  -1.9232389e+06
  -6.0335249e+05  -1.9252388e+06
  -6.0333812e+05  -1.9272387e+06
  -6.0332374e+05  -1.9292387e+06
  -6.0330936e+05  -1.9312386e+06
  -6.0329499e+05  -1.9332386e+06
  -6.0328061e+05  -1.9352385e+06
  -6.0326623e+05  -1.9372385e+06
  -6.0325186e+05  -1.9392384e+06
  -6.0323748e+05  -1.9412384e+06
  -6.0322310e+05  -1.9432383e+06
  -6.0320873e+05  -1.9452383e+06
  -6.0319435e+05  -1.9472382e+06
  -6.0317998e+05  -1.9492382e+06
  -6.0316560e+05  -1.9512381e+06
  -6.0315122e+05  -1.9532381e+06
  -6.0313685e+05  -1.9552380e+06
  -6.0312247e+05  -1.9572380e+06
  -6.0310809e+05  -1.9592379e+06
  -6.0309372e+05  -1.9612379e+06
  -6.0307934e+05  -1.9632378e+06
  -6.0306496e+05  -1.9652378e+06
  -6.0305059e+05  -1.9672377e+06
  -6.0303621e+05  -1.9692377e+06
  -6.0302183e+05  -1.9712376e+06
  -6.0300746e+05  -1.9732376e+06
  -6.0299308e+05  -1.9752375e+06
  -6.0297870e+05  -1.9772375e+06
  -6.0296433e+05  -1.9792374e+06
  -6.0294995e+05  -1.9812374e+06
  -6.0293558e+05  -1.9832373e+06
  -6.0292120e+05  -1.9852372e+06
  -6.0290682e+05  -1.9872372e+06
  -6.0289245e+05  -1.9892371e+06
  -6.0287807e+05  -1.9912371e+06
  -6.0286369e+05  -1.9932370e+06
  -6.0284932e+05  -1.9952370e+06
  -6.0283494e+05  -1.9972369e+06
  -6.0282056e+05  -1.9992369e+06
  -6.0280619e+05  -2.0012368e+06
  -6.0279181e+05  -2.0032368e+06
  -6.0277743e+05  -2.0052367e+06
  -6.0276306e+05  -2.0072367e+06
  -6.0274868e+05  -2.0092366e+06
  -6.0273431e+05  -2.0112366e+06
  -6.0271993e+05  -2.0132365e+06
  -6.0270555e+05  -2.0152365e+06
  -6.0269118e+05  -2.0172364e+06
  -6.0267680e+05  -2.0192364e+06
  -6.0266242e+05  -2.0212363e+06
  -6.0264805e+05  -2.0232363e+06
  -6.0263367e+05  -2.0252362e+06
  -6.0261929e+05  -2.0272362e+06
  -6.0260492e+05  -2.0292361e+06
  -6.0259054e+05  -2.0312361e+06
  -6.0257616e+05  -2.0332360e+06
  -6.0256179e+05  -2.0352360e+06
  -6.0254741e+05  -2.0372359e+06
  -6.0253303e+05  -2.0392359e+06
  -6.0251866e+05  -2.0412358e+06
  -6.0250428e+05  -2.0432358e+06
  -6.0248991e+05  -2.0452357e+06
  -6.0247553e+05  -2.0472356e+06
  -6.0246115e+05  -2.0492356e+06
  -6.0244678e+05  -2.0512355e+06
  -6.0243240e+05  -2.0532355e+06
  -6.0241802e+05  -2.0552354e+06
  -6.0240365e+05  -2.0572354e+06
  -6.0238927e+05  -2.0592353e+06
  -6.0237489e+05  -2.0612353e+06
  -6.0236052e+05  -2.0632352e+06
  -6.0234614e+05  -2.0652352e+06
  -6.0233176e+05  -2.0672351e+06
  -6.0231739e+05  -2.0692351e+06
  -6.0230301e+05  -2.0712350e+06
  -6.0228863e+05  -2.0732350e+06
  -6.0227426e+05  -2.0752349e+06
  -6.0225988e+05  -2.0772349e+06
  -6.0224551e+05  -2.0792348e+06
  -6.0223113e+05  -2.0812348e+06
  -6.0221675e+05  -2.0832347e+06
  -6.0220238e+05  -2.0852347e+06
  -6.0218800e+05  -2.0872346e+06
  -6.0217362e+05  -2.0892346e+06
  -6.0215925e+05  -2.0912345e+06
  -6.0214487e+05  -2.0932345e+06
  -6.0213049e+05  -2.0952344e+06
  -6.0211612e+05  -2.0972344e+06
  -6.0210174e+05  -2.0992343e+06
  -6.0208736e+05  -2.1012343e+06
  -6.0207299e+05  -2.1032342e+06
  -6.0205861e+05  -2.1052341e+06
  -6.0204423e+05  -2.1072341e+06
  -6.0202986e+05  -2.1092340e+06
  -6.0201548e+05  -2.1112340e+06
  -6.0200111e+05  -2.1132339e+06
  -6.0198673e+05  -2.1152339e+06
  -6.0197235e+05  -2.1172338e+06
  -6.0195798e+05  -2.1192338e+06
  -6.0194360e+05  -2.1212337e+06
  -6.0192922e+05  -2.1232337e+06
  -6.0191485e+05  -2.1252336e+06
  -6.0190047e+05  -2.1272336e+06
  -6.0188609e+05  -2.1292335e+06
  -6.0187172e+05  -2.1312335e+06
  -6.0185734e+05  -2.1332334e+06
  -6.0184296e+05  -2.1352334e+06
  -6.0182859e+05  -2.1372333e+06
  -6.0181421e+05  -2.1392333e+06
  -6.0179983e+05  -2.1412332e+06
  -6.0178546e+05  -2.1432332e+06
  -6.0177108e+05  -2.1452331e+06
  -6.0175671e+05  -2.1472331e+06
  -6.0174233e+05  -2.1492330e+06
  -6.0172795e+05  -2.1512330e+06
  -6.0171358e+05  -2.1532329e+06
  -6.0169920e+05  -2.1552329e+06
  -6.0168482e+05  -2.1572328e+06
  -6.0167045e+05  -2.1592328e+06
  -6.0165607e+05  -2.1612327e+06
  -6.0164169e+05  -2.1632327e+06
  -6.0162732e+05  -2.1652326e+06
  -6.0161294e+05  -2.1672325e+06
  -6.0159856e+05  -2.1692325e+06
  -6.0158419e+05  -2.1712324e+06
  -6.0156981e+05  -2.1732324e+06
  -6.0155543e+05  -2.1752323e+06
  -6.0154106e+05  -2.1772323e+06
  -6.0152668e+05  -2.1792322e+06
  -6.0151231e+05  -2.1812322e+06
  -6.0149793e+05  -2.1832321e+06
  -6.0148355e+05  -2.1852321e+06
  -6.0146918e+05  -2.1872320e+06
  -6.0145480e+05  -2.1892320e+06
  -6.0144042e+05  -2.1912319e+06
  -6.0142605e+05  -2.1932319e+06
  -6.0141167e+05  -2.1952318e+06
  -6.0139729e+05  -2.1972318e+06
  -6.0138292e+05  -2.1992317e+06
  -6.0136854e+05  -2.2012317e+06
  -6.0135416e+05  -2.2032316e+06
  -6.0133979e+05  -2.2052316e+06
  -6.0132541e+05  -2.2072315e+06
  -6.0131104e+05  -2.2092315e+06
  -6.0129666e+05  -2.2112314e+06
  -6.0128228e+05  -2.2132314e+06
  -6.0126791e+05  -2.2152313e+06
  -6.0125353e+05  -2.2172313e+06
  -6.0123915e+05  -2.2192312e+06
  -6.0122478e+05  -2.2212312e+06
  -6.0121040e+05  -2.2232311e+06
  -6.0119602e+05  -2.2252310e+06
  -6.0118165e+05  -2.2272310e+06
  -6.0116727e+05  -2.2292309e+06
  -6.0115289e+05  -2.2312309e+06
  -6.0113852e+05  -2.2332308e+06
  -6.0112414e+05  -2.2352308e+06
  -6.0110976e+05  -2.2372307e+06
  -6.0109539e+05  -2.2392307e+06
  -6.0108101e+05  -2.2412306e+06
  -6.0106664e+05  -2.2432306e+06
  -6.0105226e+05  -2.2452305e+06
  -6.0103788e+05  -2.2472305e+06
  -6.0102351e+05  -2.2492304e+06
  -6.0100913e+05  -2.2512304e+06
  -6.0099475e+05  -2.2532303e+06
  -6.0098038e+05  -2.2552303e+06
  -6.0096600e+05  -2.2572302e+06
  -6.0095162e+05  -2.2592302e+06
  -6.0093725e+05  -2.2612301e+06
  -6.0092287e+05  -2.2632301e+06
  -6.0090849e+05  -2.2652300e+06
  -6.0089412e+05  -2.2672300e+06
  -6.0087974e+05  -2.2692299e+06
  -6.0086536e+05  -2.2712299e+06
  -6.0085099e+05  -2.2732298e+06
  -6.0083661e+05  -2.2752298e+06
  -6.0082224e+05  -2.2772297e+06
  -6.0080786e+05  -2.2792297e+06
  -6.0079348e+05  -2.2812296e+06
  -6.0077911e+05  -2.2832296e+06
  -6.0076473e+05  -2.2852295e+06
  -6.0075035e+05  -2.2872294e+06
  -6.0073598e+05  -2.2892294e+06
  -6.0072160e+05  -2.2912293e+06
  -6.0070722e+05  -2.2932293e+06
  -6.0069285e+05  -2.2952292e+06
  -6.0067847e+05  -2.2972292e+06
  -6.0066409e+05  -2.2992291e+06
  -6.0064972e+05  -2.3012291e+06
  -6.0063534e+05  -2.3032290e+06
  -6.0062096e+05  -2.3052290e+06
  -6.0060659e+05  -2.3072289e+06
  -6.0059221e+05  -2.3092289e+06
  -6.0057784e+05  -2.3112288e+06
  -6.0056346e+05  -2.3132288e+06
  -6.0054908e+05  -2.3152287e+06
  -6.0053471e+05  -2.3172287e+06
  -6.0052033e+05  -2.3192286e+06
  -6.0050595e+05  -2.3212286e+06
  -6.0049158e+05  -2.3232285e+06
  -6.0047720e+05  -2.3252285e+06
  -6.0046282e+05  -2.3272284e+06
  -6.0044845e+05  -2.3292284e+06
  -6.0043407e+05  -2.3312283e+06
  -6.0041969e+05  -2.3332283e+06
  -6.0040532e+05  -2.3352282e+06
  -6.0039094e+05  -2.3372282e+06
  -6.0037656e+05  -2.3392281e+06
  -6.0036219e+05  -2.3412281e+06
  -6.0034781e+05  -2.3432280e+06
