39 119 0.000000
41 119 0.000000
43 120 0.000000
46 121 0.000000
47 121 0.000000
48 121 0.000000
49 121 0.000000
50 121 0.000000
51 121 0.000000
48 123 1.000000
46 122 1.000000
54 122 0.000000
54 121 0.000000
54 120 0.000000
52 119 0.000000
46 118 0.000000
53 122 0.000000
52 122 0.000000
45 121 0.000000
2 85 0.000000
2 86 0.000000
2 88 0.000000
1 90 0.000000
0 90 0.000000
0 88 0.000000
1 88 0.000000
0 86 0.000000
0 86 1.000000
1 85 0.000000
0 86 0.000000
2 105 0.000000
1 104 0.000000
2 104 0.000000
3 105 0.000000
4 105 0.000000
5 105 0.000000
12 105 0.000000
0 113 0.000000
0 113 1.000000
1 111 0.000000
1 110 0.000000
2 110 0.000000
2 110 1.000000
7 111 0.000000
6 112 0.000000
6 111 0.000000
5 111 0.000000
5 112 0.000000
0 113 0.000000
2 113 1.000000
1 113 0.000000
2 113 0.000000
0 112 0.000000
1 112 0.000000
2 112 0.000000
3 112 0.000000
4 112 0.000000
4 111 0.000000
2 110 0.000000
2 109 0.000000
3 109 0.000000
1 103 0.000000
2 103 0.000000
6 110 0.000000
5 108 0.000000
4 107 0.000000
4 106 0.000000
3 106 0.000000
3 107 0.000000
3 108 0.000000
4 108 0.000000
24 122 0.000000
23 122 0.000000
22 122 0.000000
21 122 0.000000
21 121 0.000000
16 124 1.000000
5 133 0.000000
5 133 1.000000
5 132 1.000000
6 131 1.000000
29 123 0.000000
31 123 0.000000
32 123 0.000000
28 114 1.000000
27 115 0.000000
26 114 1.000000
24 113 1.000000
31 118 0.000000
48 274 0.000000
48 273 0.000000
47 274 0.000000
47 273 0.000000
46 274 0.000000
46 273 0.000000
45 274 0.000000
45 273 0.000000
44 274 0.000000
44 273 0.000000
43 274 0.000000
35 272 0.000000
34 272 0.000000
23 273 0.000000
24 272 0.000000
25 271 0.000000
25 270 0.000000
24 271 0.000000
23 271 0.000000
23 270 0.000000
23 269 0.000000
22 269 0.000000
22 271 0.000000
22 270 0.000000
19 269 0.000000
20 269 0.000000
21 270 0.000000
21 268 0.000000
18 264 1.000000
14 267 1.000000
14 267 0.000000
0 256 0.000000
1 256 0.000000
0 255 0.000000
1 255 0.000000
1 254 0.000000
0 254 0.000000
0 252 1.000000
3 256 0.000000
4 258 0.000000
2 266 0.000000
3 265 0.000000
5 265 0.000000
5 264 0.000000
3 264 0.000000
2 264 0.000000
4 264 0.000000
5 263 0.000000
10 264 0.000000
13 267 0.000000
15 267 0.000000
18 266 0.000000
18 267 0.000000
18 268 0.000000
20 268 0.000000
20 268 1.000000
20 267 0.000000
19 267 0.000000
19 267 1.000000
17 266 0.000000
19 267 0.000000
19 268 0.000000
20 268 0.000000
29 265 0.000000
29 266 0.000000
28 265 0.000000
26 265 0.000000
11 266 0.000000
38 264 0.000000
36 264 0.000000
35 264 0.000000
36 263 0.000000
37 263 0.000000
37 262 0.000000
38 262 0.000000
37 261 0.000000
36 265 0.000000
37 266 0.000000
37 265 0.000000
40 270 0.000000
38 265 0.000000
38 259 0.000000
38 260 0.000000
38 261 0.000000
25 266 0.000000
89 277 0.000000
89 279 0.000000
89 278 0.000000
87 276 0.000000
86 274 0.000000
86 273 0.000000
82 273 0.000000
74 274 0.000000
72 273 0.000000
71 272 0.000000
70 271 0.000000
67 268 0.000000
63 273 0.000000
50 267 0.000000
50 266 0.000000
49 264 1.000000
45 269 0.000000
46 269 0.000000
47 269 0.000000
50 263 1.000000
86 273 1.000000
84 273 0.000000
83 273 0.000000
340 255 0.000000
342 254 0.000000
325 261 0.000000
324 260 0.000000
322 258 0.000000
320 257 0.000000
319 256 0.000000
316 251 0.000000
267 279 0.000000
268 279 0.000000
267 278 0.000000
270 275 0.000000
272 275 0.000000
273 275 0.000000
272 274 0.000000
272 273 0.000000
273 272 0.000000
274 267 0.000000
275 268 0.000000
276 267 0.000000
276 266 0.000000
276 265 0.000000
275 265 0.000000
275 264 0.000000
276 262 0.000000
276 261 0.000000
277 259 0.000000
278 258 0.000000
278 257 0.000000
278 252 0.000000
279 251 0.000000
274 266 0.000000
326 265 0.000000
326 264 0.000000
280 249 0.000000
281 248 0.000000
282 249 0.000000
282 247 0.000000
283 246 0.000000
285 245 0.000000
286 245 0.000000
287 244 0.000000
289 246 0.000000
289 245 0.000000
289 244 0.000000
289 243 0.000000
289 242 0.000000
288 243 0.000000
288 245 0.000000
290 243 0.000000
290 242 0.000000
291 242 0.000000
291 241 0.000000
292 241 0.000000
293 240 0.000000
294 239 0.000000
294 239 1.000000
284 238 1.000000
284 237 1.000000
296 237 0.000000
295 238 0.000000
294 239 0.000000
345 219 0.000000
343 220 0.000000
342 222 0.000000
342 221 0.000000
298 232 0.000000
299 231 0.000000
300 228 0.000000
300 227 0.000000
301 224 0.000000
301 222 0.000000
300 219 0.000000
301 217 0.000000
301 216 0.000000
301 215 0.000000
308 216 0.000000
309 214 0.000000
308 213 0.000000
310 219 0.000000
307 214 0.000000
309 215 0.000000
364 159 1.000000
363 158 1.000000
361 149 0.000000
361 148 0.000000
359 146 0.000000
361 154 1.000000
366 127 0.000000
357 126 1.000000
358 126 1.000000
358 125 1.000000
359 125 1.000000
362 123 0.000000
360 127 0.000000
361 127 0.000000
362 127 0.000000
363 127 0.000000
363 128 0.000000
363 126 0.000000
363 125 0.000000
364 126 0.000000
364 129 0.000000
364 130 0.000000
367 130 0.000000
366 132 0.000000
365 131 0.000000
367 134 0.000000
368 131 0.000000
369 132 0.000000
367 84 1.000000
343 76 1.000000
343 73 0.000000
344 73 0.000000
335 71 0.000000
336 70 0.000000
329 61 0.000000
329 60 0.000000
327 59 0.000000
330 54 0.000000
330 53 0.000000
330 55 0.000000
330 44 1.000000
331 45 1.000000
332 43 0.000000
336 43 0.000000
340 46 0.000000
341 44 0.000000
341 46 0.000000
342 46 0.000000
362 50 1.000000
362 46 0.000000
367 47 0.000000
368 48 0.000000
365 45 0.000000
363 42 0.000000
377 25 0.000000
377 24 0.000000
378 26 0.000000
378 28 0.000000
378 27 0.000000
379 26 0.000000
379 2 0.000000
379 1 0.000000
376 18 0.000000
358 13 0.000000
356 14 0.000000
357 13 0.000000
356 13 0.000000
355 13 0.000000
354 13 0.000000
356 12 0.000000
357 11 0.000000
350 16 0.000000
350 15 0.000000
351 14 0.000000
332 26 0.000000
331 27 0.000000
336 24 0.000000
339 23 0.000000
340 22 0.000000
343 20 0.000000
343 20 1.000000
349 17 0.000000
347 18 0.000000
345 19 0.000000
345 19 1.000000
343 20 0.000000
339 23 1.000000
320 30 0.000000
313 27 0.000000
310 30 0.000000
305 29 0.000000
305 28 0.000000
305 27 0.000000
289 0 0.000000
292 8 1.000000
295 19 1.000000
295 19 0.000000
295 18 0.000000
295 17 0.000000
295 16 0.000000
295 15 0.000000
295 14 0.000000
294 12 0.000000
294 21 0.000000
363 52 0.000000
364 53 0.000000
365 53 0.000000
362 51 0.000000
362 50 0.000000
362 49 0.000000
361 49 0.000000
361 48 0.000000
361 47 0.000000
361 46 0.000000
364 44 0.000000
364 43 0.000000
368 47 0.000000
367 46 0.000000
366 45 0.000000
365 44 0.000000
360 48 0.000000
360 46 0.000000
360 47 0.000000
360 45 0.000000
360 43 0.000000
360 44 0.000000
360 48 1.000000
360 47 1.000000
366 53 0.000000
367 52 0.000000
368 51 0.000000
369 50 0.000000
369 49 0.000000
360 42 0.000000
340 73 0.000000
341 73 0.000000
342 74 0.000000
344 66 0.000000
345 68 0.000000
345 67 0.000000
327 60 0.000000
330 57 0.000000
330 56 0.000000
327 54 0.000000
328 53 0.000000
335 46 0.000000
337 43 0.000000
338 43 0.000000
331 45 0.000000
331 44 0.000000
365 83 0.000000
368 79 0.000000
365 79 0.000000
364 80 0.000000
364 83 0.000000
363 82 0.000000
363 81 0.000000
342 74 1.000000
342 73 0.000000
345 69 0.000000
334 46 0.000000
333 46 0.000000
332 46 0.000000
331 46 0.000000
330 46 0.000000
330 45 0.000000
330 44 0.000000
330 43 0.000000
331 43 0.000000
330 46 1.000000
329 43 0.000000
330 43 1.000000
329 43 1.000000
339 43 0.000000
336 47 0.000000
337 47 0.000000
338 47 0.000000
343 224 0.000000
344 224 0.000000
345 218 0.000000
345 218 1.000000
345 218 0.000000
346 218 0.000000
346 221 0.000000
344 219 0.000000
362 151 0.000000
362 150 0.000000
362 149 0.000000
361 154 0.000000
362 154 0.000000
363 154 0.000000
363 155 0.000000
362 155 0.000000
361 155 0.000000
362 156 0.000000
363 156 0.000000
362 157 0.000000
363 157 0.000000
363 153 0.000000
363 152 0.000000
364 152 0.000000
364 151 0.000000
364 150 0.000000
364 149 0.000000
364 147 0.000000
363 147 0.000000
362 147 0.000000
362 148 0.000000
363 148 0.000000
364 148 0.000000
363 149 0.000000
363 150 0.000000
363 151 0.000000
364 153 0.000000
361 147 0.000000
359 127 0.000000
359 126 0.000000
359 125 0.000000
359 125 1.000000
358 127 0.000000
358 126 0.000000
358 125 0.000000
359 125 0.000000
362 128 0.000000
363 129 0.000000
362 130 0.000000
362 129 0.000000
362 128 1.000000
362 130 1.000000
362 129 1.000000
362 128 0.000000
359 124 0.000000
360 124 0.000000
360 123 0.000000
362 122 0.000000
363 124 0.000000
365 126 0.000000
367 128 0.000000
368 130 0.000000
332 46 0.000000
331 46 0.000000
330 46 0.000000
329 46 0.000000
329 45 0.000000
330 45 0.000000
330 44 0.000000
329 44 0.000000
331 43 0.000000
330 43 0.000000
329 43 0.000000
329 46 1.000000
333 46 0.000000
334 46 0.000000
362 52 0.000000
361 50 0.000000
361 51 0.000000
362 53 0.000000
361 52 0.000000
363 53 0.000000
360 51 0.000000
360 52 0.000000
360 53 0.000000
361 53 0.000000
360 54 0.000000
361 54 0.000000
342 74 1.000000
342 73 0.000000
341 74 0.000000
342 74 0.000000
343 74 0.000000
343 75 0.000000
342 75 0.000000
341 75 0.000000
342 76 0.000000
343 77 0.000000
340 74 0.000000
343 76 0.000000
344 74 0.000000
343 77 1.000000
331 47 0.000000
331 47 1.000000
330 47 0.000000
330 47 1.000000
331 47 0.000000
331 47 1.000000
329 46 0.000000
329 46 1.000000
331 47 0.000000
331 47 1.000000
330 47 0.000000
330 47 1.000000
328 47 0.000000
328 47 1.000000
329 46 0.000000
329 46 1.000000
329 66 0.000000
329 66 1.000000
359 54 0.000000
359 54 1.000000
359 54 0.000000
359 54 1.000000
359 53 0.000000
359 53 1.000000
359 54 0.000000
359 53 0.000000
359 52 0.000000
359 51 0.000000
360 50 0.000000
366 84 0.000000
367 84 0.000000
368 84 0.000000
328 43 0.000000
328 44 0.000000
328 45 0.000000
328 46 0.000000
329 46 0.000000
329 47 0.000000
331 47 0.000000
330 47 0.000000
357 127 0.000000
357 126 0.000000
357 125 0.000000
358 124 0.000000
362 158 0.000000
363 158 0.000000
364 158 0.000000
364 157 0.000000
364 156 0.000000
364 155 0.000000
364 154 0.000000
364 158 1.000000
364 157 1.000000
364 156 1.000000
361 157 0.000000
361 156 0.000000
360 154 0.000000
362 159 0.000000
363 159 0.000000
363 160 0.000000
364 160 0.000000
364 159 0.000000
364 158 0.000000
364 157 0.000000
364 156 0.000000
38 137 0.000000
37 137 0.000000
35 135 0.000000
33 134 0.000000
32 134 0.000000
30 134 0.000000
27 133 0.000000
26 132 0.000000
25 134 0.000000
23 135 0.000000
24 137 0.000000
23 137 0.000000
22 137 0.000000
17 137 0.000000
20 135 0.000000
19 134 0.000000
19 133 0.000000
19 131 0.000000
18 132 0.000000
15 133 0.000000
13 133 0.000000
13 135 0.000000
12 135 0.000000
11 135 0.000000
10 135 1.000000
0 126 1.000000
0 127 0.000000
1 127 0.000000
2 127 0.000000
2 128 0.000000
2 129 0.000000
3 130 0.000000
0 128 0.000000
1 128 0.000000
1 133 0.000000
8 134 0.000000
9 134 0.000000
10 134 0.000000
10 135 0.000000
20 132 0.000000
20 133 0.000000
20 134 0.000000
31 134 0.000000
28 133 0.000000
36 136 0.000000
21 135 0.000000
22 135 0.000000
29 133 0.000000
12 133 0.000000
6 133 0.000000
170 128 0.000000
170 127 0.000000
171 127 0.000000
168 140 0.000000
168 139 0.000000
167 138 0.000000
166 136 0.000000
165 134 0.000000
164 133 0.000000
163 131 0.000000
162 130 0.000000
161 129 0.000000
160 128 0.000000
160 128 1.000000
133 140 0.000000
134 140 0.000000
134 139 0.000000
133 140 1.000000
137 138 0.000000
136 137 0.000000
137 135 0.000000
137 134 0.000000
138 134 0.000000
138 133 0.000000
139 131 1.000000
138 131 0.000000
139 131 0.000000
139 129 0.000000
139 127 0.000000
139 126 0.000000
137 133 0.000000
137 133 1.000000
137 133 0.000000
171 112 0.000000
172 112 0.000000
173 112 0.000000
173 111 0.000000
171 111 0.000000
172 110 0.000000
174 108 1.000000
155 107 0.000000
154 107 0.000000
154 107 1.000000
150 111 0.000000
150 110 0.000000
140 125 0.000000
141 124 0.000000
142 119 1.000000
142 123 0.000000
144 122 0.000000
145 121 0.000000
146 121 0.000000
147 120 0.000000
148 119 0.000000
149 117 0.000000
149 116 0.000000
150 115 0.000000
150 114 0.000000
150 111 1.000000
151 107 0.000000
152 108 0.000000
152 107 0.000000
153 107 0.000000
154 107 0.000000
155 108 0.000000
155 109 0.000000
150 111 0.000000
150 113 0.000000
150 112 0.000000
171 110 0.000000
157 122 0.000000
163 88 0.000000
163 88 1.000000
183 85 1.000000
179 73 0.000000
180 73 0.000000
179 75 0.000000
180 77 0.000000
179 76 0.000000
181 74 0.000000
183 67 0.000000
183 66 0.000000
181 64 0.000000
182 64 0.000000
182 65 0.000000
182 63 0.000000
182 62 0.000000
183 64 1.000000
184 65 0.000000
184 64 0.000000
183 64 0.000000
183 63 0.000000
185 66 0.000000
180 64 0.000000
180 63 0.000000
180 62 0.000000
172 38 1.000000
183 42 0.000000
182 40 0.000000
184 26 0.000000
184 24 0.000000
182 21 0.000000
182 22 0.000000
183 23 0.000000
181 23 0.000000
181 25 0.000000
166 23 0.000000
167 23 0.000000
171 23 0.000000
171 22 0.000000
170 22 0.000000
164 27 0.000000
165 30 0.000000
164 31 0.000000
165 31 0.000000
168 35 0.000000
169 34 0.000000
171 33 0.000000
172 33 0.000000
171 37 0.000000
170 37 0.000000
155 16 0.000000
156 15 0.000000
156 14 1.000000
190 14 0.000000
190 13 0.000000
167 13 0.000000
163 16 0.000000
162 16 0.000000
161 16 0.000000
158 15 0.000000
157 15 0.000000
156 14 0.000000
157 14 0.000000
190 0 0.000000
190 1 0.000000
192 3 0.000000
193 4 0.000000
194 8 0.000000
194 7 0.000000
194 6 0.000000
192 11 0.000000
193 10 0.000000
188 12 0.000000
188 10 0.000000
188 11 0.000000
183 6 0.000000
180 7 0.000000
179 7 0.000000
178 7 0.000000
177 8 0.000000
174 9 0.000000
171 11 0.000000
169 12 0.000000
163 16 1.000000
162 16 1.000000
161 16 1.000000
146 4 0.000000
147 6 0.000000
147 11 0.000000
147 12 0.000000
148 13 0.000000
151 13 0.000000
153 16 0.000000
161 16 0.000000
162 16 0.000000
175 9 0.000000
187 9 0.000000
192 12 0.000000
