39 119 0.000000
41 119 0.000000
43 120 0.000000
46 121 0.000000
47 121 0.000000
48 121 0.000000
49 121 0.000000
50 121 0.000000
51 121 0.000000
48 123 1.000000
46 122 1.000000
54 122 0.000000
54 121 0.000000
54 120 0.000000
52 119 0.000000
46 118 0.000000
53 122 0.000000
52 122 0.000000
45 121 0.000000
2 85 0.000000
2 86 0.000000
2 88 0.000000
1 90 0.000000
0 90 0.000000
0 88 0.000000
1 88 0.000000
0 86 0.000000
0 86 1.000000
1 85 0.000000
0 86 0.000000
2 105 0.000000
1 104 0.000000
2 104 0.000000
3 105 0.000000
4 105 0.000000
5 105 0.000000
12 105 0.000000
0 113 0.000000
0 113 1.000000
1 111 0.000000
1 110 0.000000
2 110 0.000000
2 110 1.000000
7 111 0.000000
6 112 0.000000
6 111 0.000000
5 111 0.000000
5 112 0.000000
0 113 0.000000
2 113 1.000000
1 113 0.000000
2 113 0.000000
0 112 0.000000
1 112 0.000000
2 112 0.000000
3 112 0.000000
4 112 0.000000
4 111 0.000000
2 110 0.000000
2 109 0.000000
3 109 0.000000
1 103 0.000000
2 103 0.000000
6 110 0.000000
5 108 0.000000
4 107 0.000000
4 106 0.000000
3 106 0.000000
3 107 0.000000
3 108 0.000000
4 108 0.000000
24 122 0.000000
23 122 0.000000
22 122 0.000000
21 122 0.000000
21 121 0.000000
16 124 1.000000
5 133 0.000000
5 133 1.000000
5 132 1.000000
6 131 1.000000
29 123 0.000000
31 123 0.000000
32 123 0.000000
28 114 1.000000
27 115 0.000000
26 114 1.000000
24 113 1.000000
31 118 0.000000
108 240 0.000000
108 239 0.000000
107 237 0.000000
107 236 0.000000
107 235 0.000000
106 235 0.000000
106 236 0.000000
105 240 0.000000
105 239 0.000000
106 239 0.000000
107 239 0.000000
107 238 0.000000
108 238 0.000000
105 238 0.000000
104 239 0.000000
103 239 0.000000
103 239 1.000000
104 240 0.000000
103 239 0.000000
101 238 0.000000
100 238 0.000000
99 238 0.000000
98 238 0.000000
97 238 0.000000
96 238 0.000000
95 238 0.000000
94 238 0.000000
93 238 0.000000
92 238 0.000000
91 238 0.000000
92 240 1.000000
96 242 1.000000
90 238 0.000000
92 237 0.000000
91 239 0.000000
90 239 0.000000
89 238 1.000000
83 238 0.000000
83 234 0.000000
82 233 0.000000
81 233 0.000000
80 234 0.000000
79 235 0.000000
78 235 0.000000
77 230 1.000000
78 227 1.000000
79 227 1.000000
81 228 1.000000
82 228 1.000000
83 229 1.000000
86 230 1.000000
87 230 1.000000
87 231 1.000000
88 231 1.000000
89 232 1.000000
90 232 1.000000
90 231 1.000000
102 234 1.000000
104 234 0.000000
97 237 0.000000
101 235 0.000000
91 233 0.000000
92 233 0.000000
84 238 0.000000
84 237 0.000000
82 234 0.000000
81 234 0.000000
0 178 1.000000
1 176 0.000000
0 173 0.000000
1 173 0.000000
2 173 0.000000
2 174 0.000000
1 172 0.000000
2 172 0.000000
3 172 0.000000
2 171 0.000000
2 170 0.000000
3 170 0.000000
3 169 0.000000
0 168 0.000000
1 168 0.000000
2 169 1.000000
1 167 0.000000
15 174 1.000000
14 188 1.000000
6 173 0.000000
6 171 0.000000
6 170 0.000000
7 168 0.000000
6 168 0.000000
4 169 0.000000
2 169 0.000000
2 168 0.000000
1 164 0.000000
2 164 0.000000
7 169 0.000000
3 174 0.000000
3 173 0.000000
4 173 0.000000
0 178 0.000000
0 177 0.000000
1 177 0.000000
0 223 0.000000
0 222 0.000000
1 222 0.000000
2 222 0.000000
3 222 0.000000
3 221 0.000000
3 220 0.000000
3 219 0.000000
3 218 0.000000
3 217 0.000000
3 216 0.000000
2 216 0.000000
2 217 0.000000
2 218 0.000000
2 219 0.000000
2 220 0.000000
2 221 0.000000
1 221 0.000000
1 220 0.000000
1 219 0.000000
1 218 0.000000
1 217 0.000000
0 219 0.000000
0 220 0.000000
0 221 0.000000
13 201 1.000000
16 204 1.000000
18 203 0.000000
19 203 0.000000
20 203 0.000000
11 203 0.000000
7 199 1.000000
6 199 1.000000
5 200 0.000000
6 206 0.000000
7 206 0.000000
3 206 1.000000
10 212 0.000000
9 213 0.000000
7 215 1.000000
3 215 0.000000
4 215 0.000000
5 215 0.000000
7 215 0.000000
23 216 1.000000
20 216 0.000000
21 216 0.000000
22 216 0.000000
38 225 0.000000
38 224 0.000000
25 217 1.000000
25 218 1.000000
15 218 0.000000
17 217 0.000000
31 220 0.000000
32 220 0.000000
20 203 1.000000
23 209 1.000000
22 209 1.000000
22 209 0.000000
10 216 0.000000
11 214 0.000000
4 221 0.000000
4 219 0.000000
4 221 1.000000
11 214 1.000000
12 257 1.000000
12 258 1.000000
11 258 1.000000
11 258 0.000000
3 263 1.000000
4 262 1.000000
5 261 1.000000
6 261 1.000000
8 260 1.000000
9 260 1.000000
10 259 1.000000
11 258 1.000000
64 240 1.000000
64 241 0.000000
63 241 0.000000
59 242 0.000000
58 242 0.000000
56 241 0.000000
55 241 0.000000
54 241 0.000000
53 241 0.000000
54 240 0.000000
52 241 0.000000
51 241 0.000000
52 240 0.000000
51 240 0.000000
50 241 0.000000
49 241 0.000000
48 241 0.000000
48 241 1.000000
42 240 0.000000
43 240 0.000000
44 240 0.000000
45 240 0.000000
46 241 0.000000
47 241 0.000000
48 241 0.000000
48 241 1.000000
42 237 0.000000
46 240 0.000000
47 240 0.000000
48 240 0.000000
49 240 0.000000
48 241 0.000000
46 239 0.000000
39 241 0.000000
26 246 1.000000
28 245 1.000000
29 245 1.000000
30 244 1.000000
31 244 1.000000
32 244 1.000000
33 243 1.000000
34 243 1.000000
19 250 0.000000
20 249 0.000000
22 248 0.000000
21 249 0.000000
23 248 0.000000
24 247 0.000000
40 241 0.000000
45 241 0.000000
60 243 0.000000
61 243 0.000000
61 242 0.000000
62 238 0.000000
39 225 1.000000
42 225 1.000000
43 225 1.000000
45 225 1.000000
52 225 1.000000
51 225 1.000000
50 224 1.000000
48 223 1.000000
47 223 1.000000
46 223 1.000000
47 222 1.000000
56 225 1.000000
57 225 1.000000
58 226 1.000000
61 232 0.000000
60 230 1.000000
59 229 1.000000
62 237 0.000000
64 240 0.000000
51 224 1.000000
51 225 0.000000
83 238 0.000000
84 237 0.000000
86 236 0.000000
85 237 0.000000
85 236 0.000000
82 236 0.000000
82 235 0.000000
80 234 0.000000
81 234 0.000000
82 234 0.000000
83 234 0.000000
83 234 1.000000
81 233 0.000000
82 233 0.000000
83 234 0.000000
96 242 1.000000
92 240 1.000000
90 238 0.000000
91 238 0.000000
92 238 0.000000
92 237 0.000000
93 238 0.000000
94 238 0.000000
95 238 0.000000
97 238 0.000000
96 238 0.000000
97 237 0.000000
98 238 0.000000
99 238 0.000000
101 238 0.000000
101 238 1.000000
100 238 0.000000
101 238 0.000000
103 239 0.000000
104 239 0.000000
105 239 0.000000
106 239 0.000000
107 239 0.000000
108 239 0.000000
108 238 0.000000
107 237 0.000000
107 238 0.000000
105 238 0.000000
107 236 0.000000
107 236 1.000000
106 235 0.000000
106 237 1.000000
107 236 0.000000
107 236 1.000000
106 236 0.000000
106 237 0.000000
107 236 0.000000
107 235 0.000000
108 237 0.000000
104 234 0.000000
102 234 1.000000
91 233 0.000000
92 233 0.000000
91 232 0.000000
92 232 0.000000
90 231 1.000000
91 232 1.000000
90 232 1.000000
94 231 0.000000
95 232 0.000000
77 230 1.000000
78 227 1.000000
79 227 1.000000
83 229 1.000000
83 229 0.000000
88 231 1.000000
87 230 1.000000
86 230 1.000000
83 229 1.000000
82 228 1.000000
81 228 1.000000
78 230 0.000000
78 235 0.000000
79 235 0.000000
81 235 0.000000
80 235 0.000000
83 238 1.000000
82 237 0.000000
86 237 0.000000
87 237 0.000000
88 237 0.000000
90 232 0.000000
91 232 0.000000
101 235 0.000000
15 174 1.000000
1 177 0.000000
4 174 0.000000
6 173 0.000000
6 171 0.000000
6 170 0.000000
6 168 0.000000
6 168 1.000000
5 168 0.000000
6 168 0.000000
1 164 0.000000
0 177 0.000000
4 173 0.000000
3 173 0.000000
2 173 0.000000
1 173 0.000000
0 173 0.000000
4 169 0.000000
3 169 0.000000
3 170 0.000000
2 170 0.000000
2 172 0.000000
3 172 0.000000
2 171 0.000000
1 172 0.000000
1 176 0.000000
3 174 0.000000
2 174 0.000000
2 166 0.000000
3 168 0.000000
0 168 0.000000
1 168 0.000000
2 168 0.000000
1 167 0.000000
2 167 0.000000
4 168 0.000000
7 169 0.000000
7 168 0.000000
3 167 0.000000
2 165 1.000000
2 165 0.000000
16 204 1.000000
13 201 1.000000
14 188 1.000000
6 199 1.000000
7 199 1.000000
5 200 0.000000
6 206 0.000000
7 206 0.000000
4 208 0.000000
5 207 0.000000
5 206 0.000000
4 207 0.000000
4 206 0.000000
2 205 0.000000
3 205 0.000000
4 205 0.000000
5 205 0.000000
4 204 0.000000
2 204 0.000000
3 204 0.000000
3 203 0.000000
4 203 0.000000
4 202 0.000000
11 203 0.000000
11 204 0.000000
17 204 0.000000
17 203 0.000000
18 203 0.000000
19 203 0.000000
0 223 0.000000
0 222 0.000000
0 221 0.000000
0 220 0.000000
0 219 0.000000
3 215 0.000000
3 216 0.000000
3 217 0.000000
3 218 0.000000
3 220 0.000000
3 222 0.000000
3 221 0.000000
3 219 0.000000
2 222 0.000000
1 222 0.000000
1 221 0.000000
2 221 0.000000
2 220 0.000000
1 220 0.000000
1 219 0.000000
2 219 0.000000
2 218 0.000000
1 218 0.000000
1 217 0.000000
2 217 0.000000
2 216 0.000000
4 212 0.000000
4 213 0.000000
4 214 0.000000
4 215 0.000000
5 215 0.000000
5 214 0.000000
6 214 0.000000
8 218 0.000000
9 220 0.000000
10 220 0.000000
9 219 0.000000
9 221 0.000000
8 221 0.000000
8 220 0.000000
8 219 0.000000
7 218 0.000000
7 219 0.000000
7 220 0.000000
7 221 0.000000
6 221 0.000000
6 220 0.000000
5 221 0.000000
4 221 0.000000
4 220 0.000000
5 220 0.000000
4 219 0.000000
5 219 0.000000
6 219 0.000000
38 225 0.000000
38 224 0.000000
22 216 0.000000
21 216 0.000000
20 217 1.000000
17 217 0.000000
15 218 0.000000
7 214 0.000000
9 213 0.000000
10 212 0.000000
10 216 0.000000
11 215 0.000000
11 214 0.000000
9 218 0.000000
20 217 0.000000
20 216 0.000000
6 213 0.000000
4 212 1.000000
5 213 0.000000
5 212 0.000000
4 212 0.000000
32 220 0.000000
31 220 0.000000
12 257 1.000000
12 258 1.000000
11 258 1.000000
11 258 0.000000
3 263 1.000000
3 263 0.000000
3 263 1.000000
4 262 1.000000
6 261 1.000000
5 261 1.000000
8 260 1.000000
9 260 1.000000
10 259 1.000000
10 259 0.000000
11 258 1.000000
10 259 1.000000
64 241 0.000000
63 241 0.000000
63 242 0.000000
62 242 0.000000
61 242 0.000000
59 242 0.000000
58 242 0.000000
56 241 0.000000
55 241 0.000000
54 241 0.000000
54 240 0.000000
53 241 0.000000
52 241 0.000000
52 241 1.000000
51 241 0.000000
52 241 0.000000
52 240 0.000000
51 240 0.000000
50 241 0.000000
49 241 0.000000
48 241 0.000000
47 241 0.000000
46 241 0.000000
45 240 0.000000
46 240 0.000000
47 240 0.000000
48 240 0.000000
49 240 0.000000
47 239 1.000000
44 240 0.000000
42 240 0.000000
43 240 0.000000
42 237 0.000000
46 239 0.000000
48 239 1.000000
39 241 0.000000
26 246 1.000000
28 245 1.000000
29 245 1.000000
30 244 1.000000
31 244 1.000000
32 244 1.000000
33 243 1.000000
34 243 1.000000
19 250 0.000000
20 249 0.000000
22 248 0.000000
48 239 0.000000
47 239 0.000000
25 217 1.000000
25 218 1.000000
43 225 1.000000
42 225 1.000000
46 223 1.000000
47 223 1.000000
48 223 1.000000
47 222 1.000000
58 226 1.000000
57 225 1.000000
56 225 1.000000
54 226 0.000000
53 226 0.000000
52 225 1.000000
51 224 1.000000
50 224 1.000000
61 232 0.000000
64 240 1.000000
64 242 0.000000
64 240 0.000000
63 239 0.000000
62 238 0.000000
62 237 0.000000
