39 119 0.000000
41 119 0.000000
43 120 0.000000
46 121 0.000000
47 121 0.000000
48 121 0.000000
49 121 0.000000
50 121 0.000000
51 121 0.000000
48 123 1.000000
46 122 1.000000
54 122 0.000000
54 121 0.000000
54 120 0.000000
52 119 0.000000
46 118 0.000000
53 122 0.000000
52 122 0.000000
45 121 0.000000
2 85 0.000000
2 86 0.000000
2 88 0.000000
1 90 0.000000
0 90 0.000000
0 88 0.000000
1 88 0.000000
0 86 0.000000
0 86 1.000000
1 85 0.000000
0 86 0.000000
2 105 0.000000
1 104 0.000000
2 104 0.000000
3 105 0.000000
4 105 0.000000
5 105 0.000000
12 105 0.000000
0 113 0.000000
0 113 1.000000
1 111 0.000000
1 110 0.000000
2 110 0.000000
2 110 1.000000
7 111 0.000000
6 112 0.000000
6 111 0.000000
5 111 0.000000
5 112 0.000000
0 113 0.000000
2 113 1.000000
1 113 0.000000
2 113 0.000000
0 112 0.000000
1 112 0.000000
2 112 0.000000
3 112 0.000000
4 112 0.000000
4 111 0.000000
2 110 0.000000
2 109 0.000000
3 109 0.000000
1 103 0.000000
2 103 0.000000
6 110 0.000000
5 108 0.000000
4 107 0.000000
4 106 0.000000
3 106 0.000000
3 107 0.000000
3 108 0.000000
4 108 0.000000
24 122 0.000000
23 122 0.000000
22 122 0.000000
21 122 0.000000
21 121 0.000000
16 124 1.000000
5 133 0.000000
5 133 1.000000
5 132 1.000000
6 131 1.000000
29 123 0.000000
31 123 0.000000
32 123 0.000000
28 114 1.000000
27 115 0.000000
26 114 1.000000
24 113 1.000000
31 118 0.000000
108 240 0.000000
108 239 0.000000
107 237 0.000000
107 236 0.000000
107 235 0.000000
106 235 0.000000
106 236 0.000000
105 240 0.000000
105 239 0.000000
106 239 0.000000
107 239 0.000000
107 238 0.000000
108 238 0.000000
105 238 0.000000
104 239 0.000000
103 239 0.000000
103 239 1.000000
104 240 0.000000
103 239 0.000000
101 238 0.000000
100 238 0.000000
99 238 0.000000
98 238 0.000000
97 238 0.000000
96 238 0.000000
95 238 0.000000
94 238 0.000000
93 238 0.000000
92 238 0.000000
91 238 0.000000
92 240 1.000000
96 242 1.000000
90 238 0.000000
92 237 0.000000
91 239 0.000000
90 239 0.000000
89 238 1.000000
83 238 0.000000
83 234 0.000000
82 233 0.000000
81 233 0.000000
80 234 0.000000
79 235 0.000000
78 235 0.000000
77 230 1.000000
78 227 1.000000
79 227 1.000000
81 228 1.000000
82 228 1.000000
83 229 1.000000
86 230 1.000000
87 230 1.000000
87 231 1.000000
88 231 1.000000
89 232 1.000000
90 232 1.000000
90 231 1.000000
102 234 1.000000
104 234 0.000000
97 237 0.000000
101 235 0.000000
91 233 0.000000
92 233 0.000000
84 238 0.000000
84 237 0.000000
82 234 0.000000
81 234 0.000000
0 178 1.000000
1 176 0.000000
0 173 0.000000
1 173 0.000000
2 173 0.000000
2 174 0.000000
1 172 0.000000
2 172 0.000000
3 172 0.000000
2 171 0.000000
2 170 0.000000
3 170 0.000000
3 169 0.000000
0 168 0.000000
1 168 0.000000
2 169 1.000000
1 167 0.000000
15 174 1.000000
14 188 1.000000
6 173 0.000000
6 171 0.000000
6 170 0.000000
7 168 0.000000
6 168 0.000000
4 169 0.000000
2 169 0.000000
2 168 0.000000
1 164 0.000000
2 164 0.000000
7 169 0.000000
3 174 0.000000
3 173 0.000000
4 173 0.000000
0 178 0.000000
0 177 0.000000
1 177 0.000000
0 223 0.000000
0 222 0.000000
1 222 0.000000
2 222 0.000000
3 222 0.000000
3 221 0.000000
3 220 0.000000
3 219 0.000000
3 218 0.000000
3 217 0.000000
3 216 0.000000
2 216 0.000000
2 217 0.000000
2 218 0.000000
2 219 0.000000
2 220 0.000000
2 221 0.000000
1 221 0.000000
1 220 0.000000
1 219 0.000000
1 218 0.000000
1 217 0.000000
0 219 0.000000
0 220 0.000000
0 221 0.000000
13 201 1.000000
16 204 1.000000
18 203 0.000000
19 203 0.000000
20 203 0.000000
11 203 0.000000
7 199 1.000000
6 199 1.000000
5 200 0.000000
6 206 0.000000
7 206 0.000000
3 206 1.000000
10 212 0.000000
9 213 0.000000
7 215 1.000000
3 215 0.000000
4 215 0.000000
5 215 0.000000
7 215 0.000000
23 216 1.000000
20 216 0.000000
21 216 0.000000
22 216 0.000000
38 225 0.000000
38 224 0.000000
25 217 1.000000
25 218 1.000000
15 218 0.000000
17 217 0.000000
31 220 0.000000
32 220 0.000000
20 203 1.000000
23 209 1.000000
22 209 1.000000
22 209 0.000000
10 216 0.000000
11 214 0.000000
4 221 0.000000
4 219 0.000000
4 221 1.000000
11 214 1.000000
12 257 1.000000
12 258 1.000000
11 258 1.000000
11 258 0.000000
3 263 1.000000
4 262 1.000000
5 261 1.000000
6 261 1.000000
8 260 1.000000
9 260 1.000000
10 259 1.000000
11 258 1.000000
64 240 1.000000
64 241 0.000000
63 241 0.000000
59 242 0.000000
58 242 0.000000
56 241 0.000000
55 241 0.000000
54 241 0.000000
53 241 0.000000
54 240 0.000000
52 241 0.000000
51 241 0.000000
52 240 0.000000
51 240 0.000000
50 241 0.000000
49 241 0.000000
48 241 0.000000
48 241 1.000000
42 240 0.000000
43 240 0.000000
44 240 0.000000
45 240 0.000000
46 241 0.000000
47 241 0.000000
48 241 0.000000
48 241 1.000000
42 237 0.000000
46 240 0.000000
47 240 0.000000
48 240 0.000000
49 240 0.000000
48 241 0.000000
46 239 0.000000
39 241 0.000000
26 246 1.000000
28 245 1.000000
29 245 1.000000
30 244 1.000000
31 244 1.000000
32 244 1.000000
33 243 1.000000
34 243 1.000000
19 250 0.000000
20 249 0.000000
22 248 0.000000
21 249 0.000000
23 248 0.000000
24 247 0.000000
40 241 0.000000
45 241 0.000000
60 243 0.000000
61 243 0.000000
61 242 0.000000
62 238 0.000000
39 225 1.000000
42 225 1.000000
43 225 1.000000
45 225 1.000000
52 225 1.000000
51 225 1.000000
50 224 1.000000
48 223 1.000000
47 223 1.000000
46 223 1.000000
47 222 1.000000
56 225 1.000000
57 225 1.000000
58 226 1.000000
61 232 0.000000
60 230 1.000000
59 229 1.000000
62 237 0.000000
64 240 0.000000
51 224 1.000000
51 225 0.000000
83 238 0.000000
84 237 0.000000
86 236 0.000000
85 237 0.000000
85 236 0.000000
82 236 0.000000
82 235 0.000000
80 234 0.000000
81 234 0.000000
82 234 0.000000
83 234 0.000000
83 234 1.000000
81 233 0.000000
82 233 0.000000
83 234 0.000000
96 242 1.000000
92 240 1.000000
90 238 0.000000
91 238 0.000000
92 238 0.000000
92 237 0.000000
93 238 0.000000
94 238 0.000000
95 238 0.000000
97 238 0.000000
96 238 0.000000
97 237 0.000000
98 238 0.000000
99 238 0.000000
101 238 0.000000
101 238 1.000000
100 238 0.000000
101 238 0.000000
103 239 0.000000
104 239 0.000000
105 239 0.000000
106 239 0.000000
107 239 0.000000
108 239 0.000000
108 238 0.000000
107 237 0.000000
107 238 0.000000
105 238 0.000000
107 236 0.000000
107 236 1.000000
106 235 0.000000
106 237 1.000000
107 236 0.000000
107 236 1.000000
106 236 0.000000
106 237 0.000000
107 236 0.000000
107 235 0.000000
108 237 0.000000
104 234 0.000000
102 234 1.000000
91 233 0.000000
92 233 0.000000
91 232 0.000000
92 232 0.000000
90 231 1.000000
91 232 1.000000
90 232 1.000000
94 231 0.000000
95 232 0.000000
77 230 1.000000
78 227 1.000000
79 227 1.000000
83 229 1.000000
83 229 0.000000
88 231 1.000000
87 230 1.000000
86 230 1.000000
83 229 1.000000
82 228 1.000000
81 228 1.000000
78 230 0.000000
78 235 0.000000
79 235 0.000000
81 235 0.000000
80 235 0.000000
83 238 1.000000
82 237 0.000000
86 237 0.000000
87 237 0.000000
88 237 0.000000
90 232 0.000000
91 232 0.000000
101 235 0.000000
15 174 1.000000
1 177 0.000000
4 174 0.000000
6 173 0.000000
6 171 0.000000
6 170 0.000000
6 168 0.000000
6 168 1.000000
5 168 0.000000
6 168 0.000000
1 164 0.000000
0 177 0.000000
4 173 0.000000
3 173 0.000000
2 173 0.000000
1 173 0.000000
0 173 0.000000
4 169 0.000000
3 169 0.000000
3 170 0.000000
2 170 0.000000
2 172 0.000000
3 172 0.000000
2 171 0.000000
1 172 0.000000
1 176 0.000000
3 174 0.000000
2 174 0.000000
2 166 0.000000
3 168 0.000000
0 168 0.000000
1 168 0.000000
2 168 0.000000
1 167 0.000000
2 167 0.000000
4 168 0.000000
7 169 0.000000
7 168 0.000000
3 167 0.000000
2 165 1.000000
2 165 0.000000
16 204 1.000000
13 201 1.000000
14 188 1.000000
6 199 1.000000
7 199 1.000000
5 200 0.000000
6 206 0.000000
7 206 0.000000
4 208 0.000000
5 207 0.000000
5 206 0.000000
4 207 0.000000
4 206 0.000000
2 205 0.000000
3 205 0.000000
4 205 0.000000
5 205 0.000000
4 204 0.000000
2 204 0.000000
3 204 0.000000
3 203 0.000000
4 203 0.000000
4 202 0.000000
11 203 0.000000
11 204 0.000000
17 204 0.000000
17 203 0.000000
18 203 0.000000
19 203 0.000000
0 223 0.000000
0 222 0.000000
0 221 0.000000
0 220 0.000000
0 219 0.000000
3 215 0.000000
3 216 0.000000
3 217 0.000000
3 218 0.000000
3 220 0.000000
3 222 0.000000
3 221 0.000000
3 219 0.000000
2 222 0.000000
1 222 0.000000
1 221 0.000000
2 221 0.000000
2 220 0.000000
1 220 0.000000
1 219 0.000000
2 219 0.000000
2 218 0.000000
1 218 0.000000
1 217 0.000000
2 217 0.000000
2 216 0.000000
4 212 0.000000
4 213 0.000000
4 214 0.000000
4 215 0.000000
5 215 0.000000
5 214 0.000000
6 214 0.000000
8 218 0.000000
9 220 0.000000
10 220 0.000000
9 219 0.000000
9 221 0.000000
8 221 0.000000
8 220 0.000000
8 219 0.000000
7 218 0.000000
7 219 0.000000
7 220 0.000000
7 221 0.000000
6 221 0.000000
6 220 0.000000
5 221 0.000000
4 221 0.000000
4 220 0.000000
5 220 0.000000
4 219 0.000000
5 219 0.000000
6 219 0.000000
38 225 0.000000
38 224 0.000000
22 216 0.000000
21 216 0.000000
20 217 1.000000
17 217 0.000000
15 218 0.000000
7 214 0.000000
9 213 0.000000
10 212 0.000000
10 216 0.000000
11 215 0.000000
11 214 0.000000
9 218 0.000000
20 217 0.000000
20 216 0.000000
6 213 0.000000
4 212 1.000000
5 213 0.000000
5 212 0.000000
4 212 0.000000
32 220 0.000000
31 220 0.000000
12 257 1.000000
12 258 1.000000
11 258 1.000000
11 258 0.000000
3 263 1.000000
3 263 0.000000
3 263 1.000000
4 262 1.000000
6 261 1.000000
5 261 1.000000
8 260 1.000000
9 260 1.000000
10 259 1.000000
10 259 0.000000
11 258 1.000000
10 259 1.000000
64 241 0.000000
63 241 0.000000
63 242 0.000000
62 242 0.000000
61 242 0.000000
59 242 0.000000
58 242 0.000000
56 241 0.000000
55 241 0.000000
54 241 0.000000
54 240 0.000000
53 241 0.000000
52 241 0.000000
52 241 1.000000
51 241 0.000000
52 241 0.000000
52 240 0.000000
51 240 0.000000
50 241 0.000000
49 241 0.000000
48 241 0.000000
47 241 0.000000
46 241 0.000000
45 240 0.000000
46 240 0.000000
47 240 0.000000
48 240 0.000000
49 240 0.000000
47 239 1.000000
44 240 0.000000
42 240 0.000000
43 240 0.000000
42 237 0.000000
46 239 0.000000
48 239 1.000000
39 241 0.000000
26 246 1.000000
28 245 1.000000
29 245 1.000000
30 244 1.000000
31 244 1.000000
32 244 1.000000
33 243 1.000000
34 243 1.000000
19 250 0.000000
20 249 0.000000
22 248 0.000000
48 239 0.000000
47 239 0.000000
25 217 1.000000
25 218 1.000000
43 225 1.000000
42 225 1.000000
46 223 1.000000
47 223 1.000000
48 223 1.000000
47 222 1.000000
58 226 1.000000
57 225 1.000000
56 225 1.000000
54 226 0.000000
53 226 0.000000
52 225 1.000000
51 224 1.000000
50 224 1.000000
61 232 0.000000
64 240 1.000000
64 242 0.000000
64 240 0.000000
63 239 0.000000
62 238 0.000000
62 237 0.000000
27 375 1.000000
28 375 1.000000
27 374 1.000000
191 484 1.000000
191 483 1.000000
192 483 1.000000
190 483 1.000000
190 482 1.000000
191 482 1.000000
183 480 1.000000
183 479 1.000000
184 478 1.000000
216 479 0.000000
217 479 0.000000
217 478 0.000000
216 478 0.000000
216 477 0.000000
215 479 0.000000
215 478 0.000000
214 478 0.000000
214 477 0.000000
215 477 0.000000
214 476 0.000000
213 476 0.000000
213 477 0.000000
212 477 0.000000
211 477 0.000000
211 478 0.000000
210 479 0.000000
209 479 0.000000
210 478 0.000000
208 478 0.000000
207 478 0.000000
206 478 0.000000
205 477 0.000000
206 477 0.000000
207 477 0.000000
208 477 0.000000
209 478 0.000000
209 477 0.000000
210 477 0.000000
210 476 0.000000
209 476 0.000000
214 475 0.000000
214 474 0.000000
215 474 0.000000
215 473 0.000000
214 473 0.000000
213 475 0.000000
213 474 0.000000
213 473 0.000000
213 472 0.000000
213 472 1.000000
213 471 0.000000
213 470 0.000000
213 472 0.000000
212 470 0.000000
211 470 0.000000
212 471 0.000000
210 469 1.000000
208 468 0.000000
207 468 0.000000
206 467 0.000000
204 467 1.000000
204 468 1.000000
203 469 1.000000
203 468 1.000000
203 467 1.000000
203 466 1.000000
203 470 1.000000
203 471 1.000000
202 471 1.000000
201 470 1.000000
200 469 1.000000
199 468 1.000000
199 468 0.000000
193 465 1.000000
192 465 1.000000
197 467 1.000000
198 467 1.000000
199 468 1.000000
193 464 1.000000
195 465 0.000000
190 465 1.000000
191 465 1.000000
191 464 1.000000
190 464 1.000000
189 464 1.000000
188 463 1.000000
187 462 1.000000
185 462 0.000000
186 461 1.000000
190 461 1.000000
193 463 1.000000
195 465 1.000000
195 465 0.000000
194 465 1.000000
195 465 1.000000
203 472 1.000000
202 472 1.000000
171 459 1.000000
172 459 1.000000
172 460 1.000000
172 461 1.000000
172 462 1.000000
172 463 1.000000
172 464 1.000000
173 463 1.000000
174 463 1.000000
175 463 1.000000
173 464 1.000000
173 462 1.000000
174 462 1.000000
175 462 1.000000
175 461 1.000000
174 461 1.000000
173 461 1.000000
173 460 1.000000
174 460 1.000000
173 459 1.000000
176 463 1.000000
177 463 1.000000
178 464 1.000000
179 464 1.000000
179 465 1.000000
180 465 1.000000
180 466 1.000000
181 466 1.000000
181 467 1.000000
182 467 1.000000
183 467 1.000000
184 466 0.000000
184 465 0.000000
178 463 1.000000
179 463 1.000000
179 462 1.000000
170 458 1.000000
168 460 0.000000
168 459 0.000000
152 461 1.000000
153 460 1.000000
154 460 1.000000
155 460 1.000000
156 460 1.000000
157 459 1.000000
157 458 1.000000
153 459 1.000000
154 459 1.000000
155 461 1.000000
156 461 1.000000
157 457 0.000000
157 456 0.000000
156 456 0.000000
156 455 0.000000
156 454 1.000000
157 454 1.000000
158 454 1.000000
159 454 1.000000
159 455 1.000000
160 455 1.000000
161 455 1.000000
161 455 0.000000
162 455 1.000000
163 456 1.000000
164 456 1.000000
162 456 1.000000
161 455 1.000000
163 455 1.000000
162 454 1.000000
161 454 1.000000
160 454 1.000000
156 453 1.000000
157 453 1.000000
158 453 1.000000
165 475 0.000000
166 475 0.000000
165 468 0.000000
166 468 0.000000
166 467 0.000000
164 467 0.000000
163 466 0.000000
162 466 0.000000
162 465 0.000000
163 465 0.000000
158 469 0.000000
157 469 0.000000
156 469 0.000000
157 468 0.000000
155 468 0.000000
154 467 0.000000
153 466 0.000000
166 458 1.000000
165 458 1.000000
164 457 1.000000
163 457 1.000000
165 457 1.000000
166 457 1.000000
168 458 0.000000
204 476 0.000000
203 476 0.000000
202 476 0.000000
201 476 0.000000
201 475 0.000000
202 475 0.000000
200 475 0.000000
198 475 0.000000
199 475 0.000000
198 476 0.000000
197 476 0.000000
197 475 0.000000
195 475 1.000000
198 474 0.000000
199 474 0.000000
200 474 0.000000
198 473 0.000000
194 474 0.000000
194 473 0.000000
193 475 0.000000
193 474 0.000000
192 475 0.000000
191 475 0.000000
190 474 0.000000
190 475 0.000000
189 475 0.000000
189 474 0.000000
189 473 0.000000
190 472 0.000000
178 477 1.000000
178 476 1.000000
178 475 1.000000
178 474 1.000000
178 475 0.000000
178 475 1.000000
180 477 0.000000
181 477 0.000000
180 476 0.000000
181 476 0.000000
179 475 0.000000
180 475 0.000000
181 475 0.000000
182 476 0.000000
183 476 0.000000
183 475 0.000000
182 475 0.000000
183 474 0.000000
184 474 0.000000
185 474 0.000000
185 473 0.000000
184 473 0.000000
188 474 0.000000
187 476 0.000000
188 476 0.000000
188 475 0.000000
187 475 0.000000
187 474 0.000000
186 474 0.000000
212 478 0.000000
213 478 0.000000
215 476 0.000000
215 475 0.000000
202 472 0.000000
203 472 0.000000
172 464 0.000000
173 465 1.000000
173 465 0.000000
173 464 0.000000
167 473 0.000000
184 475 0.000000
174 472 1.000000
41 419 1.000000
42 419 1.000000
42 418 1.000000
43 418 1.000000
44 418 1.000000
46 417 1.000000
47 417 1.000000
48 415 1.000000
48 414 1.000000
48 413 0.000000
48 414 0.000000
42 407 0.000000
41 407 0.000000
40 406 0.000000
39 406 0.000000
38 406 0.000000
36 406 0.000000
35 405 0.000000
36 405 0.000000
39 418 1.000000
40 418 1.000000
40 418 0.000000
35 415 1.000000
34 415 1.000000
37 416 1.000000
32 407 1.000000
32 407 0.000000
32 407 1.000000
34 406 0.000000
37 405 0.000000
40 418 1.000000
41 418 1.000000
23 405 1.000000
23 404 1.000000
25 403 1.000000
25 402 1.000000
26 402 1.000000
21 400 1.000000
20 400 1.000000
20 399 1.000000
19 399 1.000000
19 398 1.000000
18 398 1.000000
16 398 1.000000
15 398 1.000000
14 398 1.000000
13 398 1.000000
12 398 1.000000
11 398 1.000000
9 403 0.000000
9 402 0.000000
9 401 0.000000
9 400 0.000000
8 407 0.000000
11 409 0.000000
12 411 0.000000
13 411 0.000000
14 412 0.000000
13 412 0.000000
21 409 0.000000
4 411 1.000000
5 412 1.000000
0 440 1.000000
1 434 0.000000
2 433 0.000000
5 429 0.000000
6 428 0.000000
6 427 0.000000
7 427 0.000000
7 425 0.000000
8 419 1.000000
8 418 1.000000
0 406 1.000000
0 405 1.000000
22 424 1.000000
22 423 1.000000
10 436 1.000000
11 436 1.000000
7 437 1.000000
19 433 0.000000
20 429 0.000000
15 427 0.000000
19 424 0.000000
10 443 0.000000
11 443 0.000000
13 442 0.000000
14 442 0.000000
15 442 0.000000
17 442 0.000000
16 442 0.000000
21 441 0.000000
28 436 0.000000
27 438 1.000000
27 437 0.000000
27 438 0.000000
20 441 0.000000
0 445 0.000000
0 529 1.000000
0 528 1.000000
1 528 1.000000
2 528 1.000000
3 527 1.000000
4 527 1.000000
4 526 1.000000
5 526 1.000000
5 525 1.000000
6 525 1.000000
6 524 1.000000
7 524 1.000000
7 523 1.000000
8 523 1.000000
8 522 1.000000
9 522 1.000000
9 521 1.000000
10 521 1.000000
11 521 1.000000
12 521 1.000000
13 521 1.000000
14 521 1.000000
13 520 1.000000
14 520 1.000000
15 520 1.000000
16 520 1.000000
15 519 1.000000
16 519 1.000000
17 519 1.000000
18 519 1.000000
19 519 1.000000
17 518 1.000000
18 518 1.000000
19 518 1.000000
20 518 1.000000
19 517 1.000000
20 517 1.000000
21 517 1.000000
20 516 1.000000
21 516 1.000000
22 516 1.000000
21 515 1.000000
22 515 1.000000
23 515 1.000000
22 514 1.000000
23 514 1.000000
23 513 1.000000
24 513 1.000000
24 512 1.000000
25 511 1.000000
26 510 1.000000
28 508 1.000000
28 507 1.000000
29 506 1.000000
30 506 1.000000
30 505 1.000000
31 505 1.000000
31 504 1.000000
32 504 1.000000
32 504 0.000000
35 500 1.000000
34 501 1.000000
33 502 1.000000
33 503 1.000000
32 504 1.000000
38 499 0.000000
39 498 0.000000
40 498 0.000000
70 485 1.000000
69 485 1.000000
68 485 1.000000
68 486 1.000000
67 486 1.000000
67 485 1.000000
66 485 1.000000
66 486 1.000000
65 486 1.000000
65 487 1.000000
64 487 1.000000
64 486 1.000000
63 486 1.000000
62 486 1.000000
62 487 1.000000
63 487 1.000000
61 488 1.000000
61 487 1.000000
61 486 1.000000
61 486 0.000000
39 497 0.000000
40 497 0.000000
41 497 0.000000
42 496 0.000000
41 496 0.000000
40 496 0.000000
43 496 0.000000
44 496 0.000000
49 493 1.000000
50 492 1.000000
51 492 1.000000
51 491 1.000000
52 491 1.000000
53 491 1.000000
53 491 0.000000
61 486 1.000000
60 487 1.000000
60 488 1.000000
59 488 1.000000
58 488 1.000000
58 489 1.000000
57 489 1.000000
56 489 1.000000
55 489 1.000000
55 490 1.000000
54 490 1.000000
54 490 0.000000
53 491 1.000000
54 490 1.000000
73 484 1.000000
47 494 0.000000
42 497 0.000000
115 483 0.000000
114 483 0.000000
113 483 0.000000
112 483 0.000000
111 483 0.000000
111 482 0.000000
112 482 0.000000
113 482 0.000000
110 482 0.000000
109 482 0.000000
108 482 0.000000
105 481 0.000000
103 481 0.000000
101 482 0.000000
102 482 0.000000
101 481 0.000000
102 481 0.000000
101 480 0.000000
101 479 0.000000
102 480 0.000000
103 480 0.000000
104 480 0.000000
104 481 0.000000
104 481 1.000000
79 481 0.000000
80 481 0.000000
80 480 0.000000
80 480 1.000000
81 481 0.000000
80 480 0.000000
82 480 0.000000
83 480 0.000000
84 480 0.000000
85 480 0.000000
84 479 0.000000
85 479 0.000000
86 479 0.000000
86 480 0.000000
87 480 0.000000
88 480 0.000000
94 482 0.000000
94 481 0.000000
94 480 0.000000
94 479 0.000000
92 477 0.000000
92 478 0.000000
92 479 0.000000
92 480 0.000000
92 481 0.000000
92 482 0.000000
93 482 0.000000
93 481 0.000000
93 480 0.000000
93 479 0.000000
91 481 0.000000
91 480 0.000000
91 479 0.000000
90 481 0.000000
89 481 0.000000
89 480 0.000000
90 480 0.000000
89 479 0.000000
90 479 0.000000
95 481 0.000000
96 481 0.000000
95 480 0.000000
96 480 0.000000
95 479 0.000000
96 479 0.000000
97 481 0.000000
98 481 0.000000
99 481 0.000000
100 481 0.000000
100 482 0.000000
100 480 0.000000
99 480 0.000000
98 480 0.000000
97 480 0.000000
104 481 0.000000
120 485 0.000000
120 484 0.000000
120 483 0.000000
124 477 1.000000
125 478 1.000000
126 479 1.000000
127 480 1.000000
127 479 1.000000
126 478 1.000000
125 477 1.000000
127 481 0.000000
128 481 0.000000
128 482 0.000000
127 482 0.000000
126 482 0.000000
125 482 0.000000
124 482 0.000000
123 482 0.000000
121 482 0.000000
122 482 0.000000
119 480 0.000000
118 484 0.000000
107 482 0.000000
106 482 0.000000
105 482 0.000000
104 482 0.000000
103 482 0.000000
88 481 0.000000
75 483 1.000000
76 483 1.000000
77 482 1.000000
119 485 0.000000
121 483 0.000000
123 472 1.000000
123 471 1.000000
123 470 0.000000
122 467 1.000000
122 466 1.000000
121 466 1.000000
121 464 0.000000
121 465 1.000000
121 461 1.000000
120 460 1.000000
119 459 1.000000
118 458 1.000000
117 458 1.000000
117 457 1.000000
117 456 1.000000
118 456 0.000000
99 449 1.000000
100 449 1.000000
101 449 1.000000
102 449 1.000000
103 449 1.000000
103 450 1.000000
104 450 1.000000
105 450 1.000000
105 449 1.000000
104 449 1.000000
99 448 1.000000
100 448 1.000000
101 448 1.000000
102 448 1.000000
103 448 1.000000
106 454 1.000000
106 454 0.000000
110 450 1.000000
111 450 1.000000
112 450 1.000000
113 450 1.000000
114 451 1.000000
115 451 1.000000
115 452 1.000000
116 452 1.000000
114 450 1.000000
113 449 1.000000
112 449 1.000000
111 449 1.000000
110 449 1.000000
111 448 1.000000
112 448 1.000000
118 457 1.000000
118 456 1.000000
106 454 1.000000
108 454 1.000000
108 454 0.000000
109 454 1.000000
109 453 1.000000
108 454 1.000000
107 454 1.000000
107 455 1.000000
108 455 1.000000
98 448 1.000000
98 447 1.000000
97 446 1.000000
96 446 1.000000
95 446 1.000000
94 446 1.000000
93 446 1.000000
92 446 1.000000
91 446 1.000000
91 447 1.000000
91 448 1.000000
91 449 1.000000
91 450 1.000000
91 450 0.000000
75 444 1.000000
73 443 1.000000
75 451 1.000000
76 451 1.000000
77 451 1.000000
78 450 1.000000
75 450 1.000000
76 450 1.000000
77 450 1.000000
79 450 1.000000
80 451 1.000000
81 451 1.000000
81 452 1.000000
82 452 1.000000
82 451 1.000000
83 451 1.000000
84 451 1.000000
84 451 0.000000
75 449 0.000000
76 448 0.000000
76 447 0.000000
76 451 0.000000
75 451 0.000000
77 451 0.000000
75 450 0.000000
76 446 0.000000
76 445 0.000000
84 451 1.000000
85 450 1.000000
84 450 1.000000
83 450 1.000000
87 451 1.000000
88 452 1.000000
89 452 1.000000
89 452 0.000000
96 445 1.000000
95 445 1.000000
94 445 1.000000
91 445 1.000000
92 445 1.000000
93 445 1.000000
92 444 1.000000
93 444 1.000000
94 444 1.000000
95 444 1.000000
90 451 1.000000
90 450 1.000000
90 449 1.000000
90 448 1.000000
89 452 1.000000
89 451 1.000000
88 451 1.000000
86 451 1.000000
85 451 1.000000
72 442 1.000000
83 475 0.000000
83 474 0.000000
84 474 0.000000
85 474 0.000000
56 439 0.000000
55 439 0.000000
54 439 0.000000
50 438 1.000000
49 437 1.000000
49 436 1.000000
50 437 1.000000
50 436 1.000000
49 435 1.000000
50 435 1.000000
50 434 1.000000
49 434 1.000000
48 433 1.000000
47 433 1.000000
46 432 1.000000
37 432 1.000000
71 442 1.000000
70 441 1.000000
69 441 1.000000
69 441 0.000000
69 441 1.000000
67 440 1.000000
8 405 1.000000
1 444 0.000000
0 444 0.000000
1 443 0.000000
0 443 0.000000
1 442 0.000000
0 442 0.000000
1 441 0.000000
0 441 0.000000
0 440 0.000000
1 440 0.000000
0 439 0.000000
1 439 0.000000
0 438 0.000000
1 438 0.000000
0 438 1.000000
0 438 0.000000
0 437 0.000000
1 437 0.000000
1 435 0.000000
1 436 0.000000
1 445 1.000000
0 444 1.000000
1 444 1.000000
0 445 1.000000
0 443 1.000000
1 443 1.000000
1 442 1.000000
1 441 1.000000
1 440 1.000000
1 439 1.000000
1 438 1.000000
1 437 1.000000
0 437 1.000000
0 438 1.000000
0 439 1.000000
0 440 1.000000
0 441 1.000000
0 442 1.000000
29 348 1.000000
29 347 1.000000
29 346 1.000000
28 347 1.000000
28 346 1.000000
0 354 0.000000
1 353 0.000000
2 353 0.000000
2 352 0.000000
1 352 0.000000
0 353 0.000000
1 354 0.000000
0 351 0.000000
0 350 0.000000
4 346 0.000000
3 346 0.000000
2 346 0.000000
1 346 0.000000
0 346 0.000000
0 345 0.000000
1 346 1.000000
0 327 0.000000
1 327 0.000000
2 327 0.000000
2 328 0.000000
3 328 0.000000
4 328 0.000000
4 329 0.000000
12 345 0.000000
12 344 0.000000
12 343 0.000000
12 342 0.000000
12 341 0.000000
12 340 0.000000
12 339 0.000000
13 337 0.000000
13 336 0.000000
13 336 1.000000
7 349 0.000000
8 348 0.000000
8 347 0.000000
8 346 0.000000
8 345 0.000000
8 345 1.000000
9 347 0.000000
9 346 0.000000
11 340 0.000000
7 348 0.000000
7 347 0.000000
7 346 0.000000
7 345 0.000000
8 345 0.000000
6 348 0.000000
4 348 0.000000
4 347 0.000000
5 347 0.000000
6 347 0.000000
6 346 0.000000
6 345 0.000000
6 344 0.000000
5 344 0.000000
5 346 0.000000
5 345 0.000000
1 346 0.000000
1 345 0.000000
1 344 0.000000
1 343 0.000000
2 343 0.000000
2 344 0.000000
2 345 0.000000
3 345 0.000000
4 345 0.000000
3 344 0.000000
4 344 0.000000
5 343 0.000000
5 342 0.000000
5 341 0.000000
5 340 0.000000
5 339 0.000000
5 338 0.000000
4 340 0.000000
4 341 0.000000
4 342 0.000000
4 343 0.000000
3 343 0.000000
3 342 0.000000
0 336 0.000000
0 335 0.000000
0 334 0.000000
3 331 0.000000
3 331 1.000000
6 338 0.000000
5 337 0.000000
4 337 0.000000
4 336 0.000000
3 336 0.000000
3 335 0.000000
2 335 0.000000
2 334 0.000000
1 334 0.000000
1 333 0.000000
2 333 0.000000
2 332 0.000000
2 336 0.000000
1 336 0.000000
1 335 0.000000
3 331 0.000000
13 338 0.000000
13 336 0.000000
