0 11 0.000000
62 18 0.000000
62 18 1.000000
63 19 0.000000
63 21 0.000000
63 22 0.000000
64 23 0.000000
66 23 0.000000
66 25 0.000000
66 29 0.000000
66 29 1.000000
60 28 0.000000
60 28 1.000000
61 29 0.000000
61 28 0.000000
60 28 0.000000
60 27 0.000000
62 22 0.000000
62 21 0.000000
62 20 0.000000
62 19 0.000000
62 18 0.000000
62 18 1.000000
63 20 0.000000
63 18 0.000000
62 18 0.000000
64 20 0.000000
64 21 0.000000
65 22 0.000000
65 22 1.000000
63 23 0.000000
64 24 0.000000
65 24 0.000000
65 23 0.000000
65 22 0.000000
65 22 1.000000
66 24 0.000000
65 22 0.000000
64 22 0.000000
65 25 0.000000
67 26 0.000000
66 26 0.000000
66 27 0.000000
66 28 0.000000
66 30 0.000000
66 30 1.000000
68 29 0.000000
67 28 0.000000
66 30 0.000000
63 29 0.000000
63 28 0.000000
62 28 0.000000
65 26 0.000000
65 27 0.000000
65 28 0.000000
64 29 0.000000
64 28 0.000000
65 29 0.000000
66 29 0.000000
68 28 0.000000
67 25 0.000000
67 27 0.000000
67 29 0.000000
67 30 0.000000
67 31 0.000000
68 30 0.000000
65 30 0.000000
65 31 0.000000
66 31 0.000000
66 32 0.000000
66 32 1.000000
66 34 0.000000
66 35 0.000000
66 37 0.000000
65 34 0.000000
65 33 0.000000
66 33 0.000000
66 32 0.000000
66 36 0.000000
65 37 0.000000
65 38 0.000000
66 38 0.000000
60 42 0.000000
61 42 0.000000
62 42 0.000000
62 41 0.000000
61 41 0.000000
60 41 0.000000
59 41 0.000000
60 39 0.000000
58 38 0.000000
59 38 0.000000
59 39 0.000000
58 39 0.000000
59 40 0.000000
60 40 0.000000
61 40 0.000000
62 40 0.000000
63 40 0.000000
63 41 0.000000
64 41 0.000000
64 40 0.000000
64 39 0.000000
63 39 0.000000
62 39 0.000000
61 39 0.000000
88 58 0.000000
88 58 1.000000
88 60 0.000000
91 67 0.000000
94 69 0.000000
93 69 0.000000
95 69 0.000000
99 70 0.000000
102 71 0.000000
106 71 0.000000
131 62 1.000000
111 59 1.000000
110 59 1.000000
104 60 1.000000
102 60 1.000000
100 61 1.000000
98 62 1.000000
96 62 1.000000
95 62 1.000000
93 62 1.000000
92 62 1.000000
88 61 1.000000
88 60 1.000000
87 61 1.000000
87 60 1.000000
87 59 1.000000
90 58 1.000000
91 57 1.000000
92 57 1.000000
93 57 1.000000
94 62 1.000000
91 62 1.000000
98 59 1.000000
98 58 1.000000
99 59 1.000000
99 58 1.000000
99 57 1.000000
98 57 1.000000
95 63 1.000000
91 68 0.000000
90 68 0.000000
89 67 0.000000
86 66 0.000000
163 86 1.000000
164 87 1.000000
162 84 1.000000
54 38 0.000000
55 40 0.000000
56 41 0.000000
33 20 0.000000
34 20 0.000000
35 21 0.000000
40 25 0.000000
41 26 0.000000
76 62 0.000000
78 63 0.000000
80 64 0.000000
83 65 0.000000
88 67 0.000000
101 70 1.000000
101 71 0.000000
98 70 0.000000
99 69 1.000000
97 69 1.000000
98 69 1.000000
97 70 0.000000
90 62 1.000000
28 16 0.000000
28 17 0.000000
24 15 0.000000
23 15 0.000000
23 14 0.000000
22 14 0.000000
22 12 1.000000
21 13 0.000000
22 13 0.000000
22 12 0.000000
24 14 0.000000
25 14 0.000000
26 14 0.000000
26 15 0.000000
27 15 0.000000
31 19 0.000000
36 22 0.000000
23 15 1.000000
21 14 0.000000
20 13 0.000000
18 13 0.000000
17 12 0.000000
16 12 0.000000
15 12 0.000000
12 11 0.000000
10 10 0.000000
9 10 0.000000
4 10 0.000000
3 11 0.000000
0 10 0.000000
1 10 0.000000
1 10 1.000000
3 10 0.000000
2 10 0.000000
1 10 0.000000
0 9 0.000000
1 9 0.000000
2 9 0.000000
3 9 0.000000
4 9 0.000000
5 9 0.000000
6 9 0.000000
7 9 0.000000
7 8 0.000000
7 6 0.000000
8 6 0.000000
10 7 0.000000
10 8 0.000000
11 8 0.000000
13 9 0.000000
14 9 0.000000
15 10 0.000000
15 10 1.000000
17 11 0.000000
18 12 0.000000
18 11 0.000000
19 12 0.000000
16 11 0.000000
16 10 0.000000
17 10 0.000000
15 11 0.000000
15 10 0.000000
15 9 0.000000
14 10 0.000000
13 10 0.000000
13 8 0.000000
12 8 0.000000
12 9 0.000000
11 9 0.000000
10 9 0.000000
11 7 0.000000
9 6 0.000000
9 7 0.000000
9 8 0.000000
8 8 0.000000
8 7 0.000000
7 7 0.000000
6 8 0.000000
5 7 0.000000
4 7 0.000000
3 7 0.000000
2 7 0.000000
1 7 0.000000
0 7 0.000000
0 8 0.000000
1 8 0.000000
2 8 0.000000
3 8 0.000000
4 8 0.000000
5 8 0.000000
6 7 0.000000
6 6 0.000000
5 6 0.000000
4 6 0.000000
3 6 0.000000
2 6 0.000000
1 6 0.000000
0 6 0.000000
93 68 0.000000
108 59 1.000000
107 59 1.000000
113 59 1.000000
121 62 0.000000
124 61 0.000000
125 61 0.000000
121 60 1.000000
120 62 0.000000
119 63 0.000000
118 63 0.000000
117 64 0.000000
114 59 1.000000
106 59 1.000000
101 60 1.000000
99 61 1.000000
151 73 1.000000
150 72 1.000000
155 76 0.000000
171 99 1.000000
173 102 0.000000
175 105 0.000000
176 107 1.000000
207 116 1.000000
211 109 1.000000
211 110 1.000000
202 117 1.000000
194 121 0.000000
186 117 0.000000
183 115 0.000000
184 116 0.000000
185 117 0.000000
187 118 0.000000
186 118 0.000000
189 116 1.000000
189 115 1.000000
182 114 0.000000
181 113 0.000000
180 112 0.000000
179 111 0.000000
205 108 1.000000
204 108 1.000000
204 107 1.000000
205 107 1.000000
206 106 1.000000
206 105 1.000000
203 109 1.000000
203 108 1.000000
201 109 1.000000
200 109 1.000000
196 109 1.000000
197 109 1.000000
195 110 1.000000
194 110 1.000000
194 111 1.000000
193 112 1.000000
190 113 1.000000
192 123 0.000000
208 115 0.000000
210 112 0.000000
206 116 0.000000
223 105 0.000000
224 105 0.000000
225 104 0.000000
227 104 0.000000
226 104 0.000000
227 104 1.000000
227 103 0.000000
228 103 0.000000
229 102 1.000000
230 101 1.000000
232 100 1.000000
236 99 0.000000
237 99 0.000000
238 99 0.000000
239 98 0.000000
222 100 1.000000
221 100 1.000000
218 101 1.000000
214 101 1.000000
213 101 1.000000
211 103 0.000000
212 102 1.000000
224 98 1.000000
220 100 1.000000
219 100 1.000000
225 94 1.000000
225 93 1.000000
226 92 1.000000
226 91 1.000000
223 83 1.000000
223 82 1.000000
222 83 1.000000
222 82 1.000000
221 81 1.000000
222 81 1.000000
221 80 1.000000
222 79 1.000000
221 79 1.000000
221 78 1.000000
220 81 1.000000
220 80 1.000000
220 79 1.000000
220 78 1.000000
219 78 1.000000
219 77 1.000000
220 77 1.000000
220 76 1.000000
220 75 1.000000
219 75 1.000000
219 76 1.000000
221 76 1.000000
218 75 1.000000
218 75 0.000000
218 77 1.000000
217 77 1.000000
217 76 1.000000
218 76 1.000000
218 75 1.000000
217 75 1.000000
216 76 1.000000
216 77 1.000000
214 76 1.000000
213 76 1.000000
210 75 1.000000
210 74 1.000000
210 73 1.000000
210 72 1.000000
210 71 1.000000
210 70 1.000000
210 69 1.000000
209 75 1.000000
209 74 1.000000
211 68 1.000000
211 67 1.000000
212 67 1.000000
212 66 1.000000
212 65 1.000000
212 64 1.000000
213 64 1.000000
213 63 1.000000
212 63 1.000000
213 62 1.000000
212 62 1.000000
211 62 1.000000
212 61 1.000000
212 60 1.000000
211 60 1.000000
211 61 1.000000
211 59 1.000000
210 59 1.000000
210 60 1.000000
216 62 1.000000
217 62 1.000000
218 62 1.000000
219 62 1.000000
219 63 1.000000
220 63 1.000000
221 64 1.000000
222 64 1.000000
222 63 1.000000
221 63 1.000000
226 65 1.000000
225 65 1.000000
225 63 1.000000
225 63 0.000000
225 64 1.000000
224 64 1.000000
229 76 1.000000
231 79 0.000000
233 81 1.000000
238 82 1.000000
238 81 1.000000
238 80 1.000000
238 79 1.000000
237 79 1.000000
237 80 1.000000
237 81 1.000000
236 81 1.000000
234 81 1.000000
250 90 0.000000
249 92 1.000000
249 92 0.000000
247 92 1.000000
247 93 1.000000
246 93 1.000000
245 93 1.000000
244 94 1.000000
246 92 1.000000
244 92 1.000000
244 93 1.000000
245 92 1.000000
246 92 0.000000
248 92 1.000000
249 92 1.000000
251 90 0.000000
254 88 1.000000
258 84 1.000000
260 81 1.000000
260 78 1.000000
260 76 0.000000
260 77 1.000000
260 76 1.000000
259 69 1.000000
259 68 1.000000
259 67 1.000000
260 67 1.000000
260 66 1.000000
260 65 1.000000
261 65 1.000000
261 63 1.000000
261 63 0.000000
261 62 1.000000
262 62 1.000000
262 63 1.000000
261 63 1.000000
261 64 1.000000
260 64 1.000000
259 66 1.000000
258 69 1.000000
258 68 1.000000
257 69 1.000000
257 68 1.000000
259 76 1.000000
259 74 1.000000
259 75 1.000000
259 73 1.000000
259 72 1.000000
259 70 1.000000
269 62 1.000000
270 62 1.000000
271 62 1.000000
272 61 1.000000
273 60 1.000000
274 58 1.000000
274 57 1.000000
274 56 1.000000
277 57 1.000000
240 93 1.000000
240 92 1.000000
241 92 1.000000
241 91 1.000000
240 91 1.000000
240 90 1.000000
241 90 1.000000
241 89 1.000000
240 89 1.000000
278 57 0.000000
279 58 0.000000
280 60 1.000000
281 61 1.000000
192 121 1.000000
191 120 1.000000
188 119 0.000000
208 103 1.000000
208 102 1.000000
208 101 1.000000
209 101 1.000000
209 100 1.000000
208 100 1.000000
207 103 1.000000
192 112 1.000000
191 112 1.000000
241 96 0.000000
283 67 1.000000
283 66 1.000000
282 63 1.000000
294 69 0.000000
299 69 0.000000
300 69 0.000000
305 71 0.000000
306 71 0.000000
323 72 1.000000
321 71 1.000000
321 70 1.000000
322 70 1.000000
322 69 1.000000
323 69 1.000000
322 68 1.000000
323 68 1.000000
324 69 1.000000
324 68 1.000000
324 67 1.000000
323 67 1.000000
324 71 1.000000
323 70 1.000000
335 70 1.000000
341 68 1.000000
340 68 1.000000
337 69 0.000000
346 66 1.000000
343 67 1.000000
347 65 1.000000
348 64 1.000000
348 63 1.000000
348 62 1.000000
348 61 1.000000
347 61 1.000000
347 60 1.000000
346 60 1.000000
345 60 1.000000
345 59 1.000000
346 59 1.000000
344 58 1.000000
344 59 1.000000
344 57 1.000000
343 56 1.000000
343 55 1.000000
343 54 1.000000
343 53 1.000000
342 54 1.000000
342 53 1.000000
342 52 1.000000
342 51 1.000000
341 51 1.000000
341 50 1.000000
341 49 1.000000
341 48 1.000000
347 64 1.000000
327 70 0.000000
340 48 1.000000
339 48 1.000000
339 47 1.000000
340 47 1.000000
340 46 1.000000
339 46 1.000000
339 45 1.000000
340 45 1.000000
340 44 1.000000
339 44 1.000000
340 43 1.000000
341 43 1.000000
340 42 1.000000
341 42 1.000000
341 41 1.000000
342 41 1.000000
342 42 1.000000
343 42 1.000000
344 42 1.000000
345 42 1.000000
345 41 1.000000
346 41 1.000000
346 40 1.000000
347 40 1.000000
348 39 1.000000
349 39 1.000000
350 39 1.000000
351 39 1.000000
352 39 1.000000
353 39 1.000000
354 39 1.000000
355 39 1.000000
355 38 1.000000
355 37 1.000000
356 37 1.000000
356 38 1.000000
356 39 1.000000
357 39 1.000000
358 39 1.000000
358 38 1.000000
358 37 1.000000
357 37 1.000000
357 38 1.000000
359 39 1.000000
360 39 1.000000
361 39 1.000000
362 38 1.000000
361 38 1.000000
362 37 1.000000
362 36 1.000000
361 36 1.000000
360 36 1.000000
359 36 1.000000
359 37 1.000000
363 36 1.000000
364 36 1.000000
364 37 1.000000
365 37 1.000000
365 36 1.000000
366 37 1.000000
367 37 1.000000
368 36 1.000000
369 36 1.000000
369 35 1.000000
368 35 1.000000
370 35 1.000000
370 34 1.000000
370 33 1.000000
371 33 1.000000
370 32 1.000000
369 32 1.000000
369 33 1.000000
369 34 1.000000
368 34 1.000000
367 34 1.000000
367 33 1.000000
368 33 1.000000
368 32 1.000000
367 32 1.000000
366 32 1.000000
366 31 1.000000
367 31 1.000000
343 41 1.000000
344 41 1.000000
360 37 1.000000
370 30 0.000000
369 31 1.000000
370 31 1.000000
370 30 1.000000
369 30 1.000000
368 31 1.000000
368 30 1.000000
368 29 1.000000
367 29 1.000000
367 30 1.000000
367 28 1.000000
366 28 1.000000
365 27 1.000000
364 27 1.000000
363 27 1.000000
363 26 1.000000
362 26 1.000000
361 26 1.000000
360 26 1.000000
360 25 1.000000
360 24 1.000000
361 25 1.000000
361 24 1.000000
361 23 1.000000
362 23 1.000000
362 24 1.000000
362 25 1.000000
363 25 1.000000
363 24 1.000000
363 23 1.000000
364 23 1.000000
364 24 1.000000
364 25 1.000000
364 26 1.000000
365 26 1.000000
365 25 1.000000
365 24 1.000000
365 23 1.000000
366 23 1.000000
366 24 1.000000
366 25 1.000000
366 26 1.000000
366 27 1.000000
369 29 1.000000
369 28 1.000000
368 28 1.000000
368 27 1.000000
367 27 1.000000
367 26 1.000000
367 25 1.000000
367 24 1.000000
367 23 1.000000
368 23 1.000000
368 24 1.000000
368 25 1.000000
368 26 1.000000
369 27 1.000000
369 26 1.000000
369 25 1.000000
369 24 1.000000
370 24 1.000000
370 25 1.000000
372 25 1.000000
371 24 1.000000
371 25 1.000000
372 24 1.000000
373 25 1.000000
373 24 1.000000
374 25 1.000000
375 25 1.000000
374 24 1.000000
375 24 1.000000
376 24 1.000000
377 24 1.000000
377 23 1.000000
376 23 1.000000
378 24 1.000000
378 23 1.000000
379 23 1.000000
380 22 1.000000
381 22 1.000000
382 22 1.000000
383 22 1.000000
384 22 1.000000
385 22 1.000000
386 22 1.000000
387 23 1.000000
387 21 1.000000
386 21 1.000000
385 21 1.000000
384 21 1.000000
385 20 1.000000
386 20 1.000000
387 20 1.000000
386 19 1.000000
387 19 1.000000
388 25 1.000000
389 25 1.000000
390 26 1.000000
391 26 1.000000
391 25 1.000000
390 25 1.000000
392 27 1.000000
393 27 1.000000
394 27 1.000000
395 27 1.000000
395 29 0.000000
392 26 1.000000
393 26 1.000000
395 29 1.000000
395 28 1.000000
397 29 1.000000
396 29 1.000000
396 28 1.000000
398 29 1.000000
399 30 1.000000
399 29 1.000000
400 29 1.000000
400 30 1.000000
400 31 1.000000
401 30 1.000000
401 31 1.000000
401 32 1.000000
403 33 1.000000
404 33 1.000000
405 33 1.000000
406 33 1.000000
407 33 1.000000
408 34 1.000000
409 34 1.000000
410 34 1.000000
411 34 1.000000
412 34 1.000000
413 34 1.000000
414 35 1.000000
414 34 1.000000
414 33 1.000000
414 32 1.000000
414 31 1.000000
415 31 1.000000
415 32 1.000000
415 33 1.000000
415 34 1.000000
415 35 1.000000
416 36 1.000000
416 35 1.000000
417 35 1.000000
418 34 1.000000
417 34 1.000000
416 34 1.000000
416 33 1.000000
416 32 1.000000
418 33 1.000000
418 32 1.000000
419 33 1.000000
419 32 1.000000
420 32 1.000000
420 31 1.000000
419 31 1.000000
419 30 1.000000
419 29 1.000000
419 28 1.000000
420 30 1.000000
420 29 1.000000
420 28 1.000000
421 31 1.000000
421 30 1.000000
421 29 1.000000
422 31 1.000000
422 30 1.000000
422 29 1.000000
423 31 1.000000
423 30 1.000000
423 29 1.000000
424 29 1.000000
424 28 1.000000
423 28 1.000000
425 28 1.000000
426 28 1.000000
427 28 1.000000
428 28 1.000000
426 39 1.000000
425 40 1.000000
425 40 0.000000
424 41 1.000000
425 41 1.000000
425 40 1.000000
432 33 1.000000
434 43 0.000000
436 43 0.000000
437 42 0.000000
438 42 0.000000
445 44 0.000000
444 44 0.000000
446 44 0.000000
448 43 0.000000
449 43 0.000000
451 43 0.000000
452 43 0.000000
461 41 0.000000
460 41 0.000000
460 38 1.000000
459 38 1.000000
456 38 1.000000
455 38 0.000000
452 38 1.000000
451 39 1.000000
446 37 1.000000
442 37 1.000000
441 37 1.000000
436 37 1.000000
437 36 1.000000
433 34 1.000000
463 40 0.000000
467 38 0.000000
468 37 0.000000
466 36 1.000000
465 36 1.000000
464 36 1.000000
467 35 1.000000
468 34 1.000000
469 33 1.000000
470 33 1.000000
471 34 1.000000
471 33 1.000000
472 33 1.000000
472 35 0.000000
471 32 1.000000
470 32 1.000000
472 35 1.000000
472 34 1.000000
471 37 0.000000
472 37 0.000000
473 37 0.000000
474 37 0.000000
473 34 1.000000
473 33 1.000000
474 33 1.000000
474 32 1.000000
475 32 1.000000
474 31 1.000000
475 31 1.000000
476 31 1.000000
477 31 1.000000
478 31 1.000000
478 32 1.000000
478 33 1.000000
479 34 1.000000
479 33 1.000000
479 32 1.000000
480 32 1.000000
480 33 1.000000
480 30 1.000000
481 31 1.000000
480 31 1.000000
481 32 1.000000
480 30 0.000000
483 33 1.000000
484 33 1.000000
485 33 1.000000
486 33 1.000000
483 31 1.000000
482 31 1.000000
484 30 1.000000
483 30 1.000000
484 31 1.000000
485 32 1.000000
486 32 1.000000
487 32 1.000000
485 30 1.000000
486 31 1.000000
486 30 1.000000
486 29 1.000000
487 29 1.000000
487 30 1.000000
487 31 1.000000
488 30 1.000000
488 29 1.000000
488 28 1.000000
489 28 1.000000
487 28 1.000000
482 32 1.000000
506 44 0.000000
507 43 0.000000
491 29 1.000000
491 28 1.000000
491 27 1.000000
491 26 1.000000
491 25 1.000000
491 24 1.000000
491 23 1.000000
494 22 1.000000
494 24 1.000000
495 27 1.000000
496 29 1.000000
495 29 1.000000
497 29 1.000000
500 29 1.000000
500 29 0.000000
499 28 1.000000
499 28 0.000000
531 31 1.000000
532 30 1.000000
542 28 0.000000
544 28 0.000000
543 28 0.000000
541 27 0.000000
545 27 0.000000
546 27 0.000000
549 25 1.000000
549 24 1.000000
537 19 1.000000
539 18 1.000000
539 16 1.000000
538 16 1.000000
538 15 1.000000
539 14 1.000000
538 14 1.000000
538 13 1.000000
539 13 1.000000
540 12 1.000000
540 11 1.000000
541 11 1.000000
542 11 1.000000
543 11 1.000000
544 11 1.000000
545 11 1.000000
554 15 0.000000
535 15 1.000000
534 15 1.000000
527 14 1.000000
526 14 1.000000
523 14 1.000000
520 14 1.000000
519 14 1.000000
518 15 1.000000
518 16 1.000000
517 20 1.000000
516 22 1.000000
514 23 1.000000
513 24 1.000000
512 24 1.000000
511 24 1.000000
511 23 1.000000
510 23 1.000000
510 24 1.000000
509 24 1.000000
509 23 1.000000
508 25 1.000000
507 25 1.000000
506 25 1.000000
505 25 1.000000
506 26 1.000000
505 26 1.000000
504 26 1.000000
505 27 1.000000
505 28 1.000000
504 29 1.000000
504 28 1.000000
504 27 1.000000
503 29 1.000000
503 28 1.000000
503 27 1.000000
502 27 1.000000
502 28 1.000000
502 29 1.000000
501 29 1.000000
501 28 1.000000
501 27 1.000000
500 31 1.000000
500 30 1.000000
500 29 1.000000
500 28 1.000000
500 27 1.000000
499 27 1.000000
498 27 1.000000
497 27 1.000000
496 27 1.000000
496 28 1.000000
495 28 1.000000
494 28 1.000000
493 28 1.000000
492 28 1.000000
492 29 1.000000
492 30 1.000000
493 30 1.000000
493 31 1.000000
494 31 1.000000
494 32 1.000000
495 32 1.000000
495 31 1.000000
496 31 1.000000
497 31 1.000000
498 31 1.000000
499 31 1.000000
499 30 1.000000
499 29 1.000000
499 28 1.000000
498 28 1.000000
497 28 1.000000
498 29 1.000000
498 30 1.000000
497 30 1.000000
496 30 1.000000
495 30 1.000000
494 30 1.000000
494 29 1.000000
493 29 1.000000
494 27 1.000000
493 27 1.000000
492 27 1.000000
492 26 1.000000
492 25 1.000000
492 24 1.000000
492 23 1.000000
492 22 1.000000
491 22 1.000000
491 21 1.000000
492 21 1.000000
493 21 1.000000
494 21 1.000000
493 22 1.000000
493 23 1.000000
494 23 1.000000
495 22 1.000000
495 23 1.000000
495 24 1.000000
495 25 1.000000
495 26 1.000000
494 26 1.000000
493 26 1.000000
493 25 1.000000
494 25 1.000000
493 24 1.000000
496 23 1.000000
496 24 1.000000
496 25 1.000000
496 26 1.000000
497 26 1.000000
497 25 1.000000
498 26 1.000000
497 24 1.000000
490 27 1.000000
490 26 1.000000
490 25 1.000000
489 27 1.000000
533 14 1.000000
532 13 1.000000
531 13 1.000000
530 13 1.000000
553 15 0.000000
560 16 0.000000
557 15 0.000000
560 22 0.000000
561 22 0.000000
562 22 0.000000
563 22 0.000000
565 18 1.000000
563 17 0.000000
571 18 1.000000
571 22 1.000000
576 21 0.000000
577 21 0.000000
576 17 0.000000
581 16 0.000000
586 17 1.000000
586 18 1.000000
586 19 1.000000
586 20 1.000000
588 18 1.000000
588 17 1.000000
590 19 1.000000
587 16 1.000000
586 16 1.000000
585 16 1.000000
584 16 1.000000
583 16 1.000000
584 20 0.000000
583 21 0.000000
582 21 0.000000
581 20 0.000000
581 21 0.000000
580 21 0.000000
579 21 0.000000
578 21 0.000000
594 16 0.000000
596 15 0.000000
597 14 0.000000
599 13 0.000000
600 12 1.000000
601 12 1.000000
602 12 1.000000
603 12 1.000000
605 11 1.000000
606 10 1.000000
607 10 1.000000
607 9 1.000000
608 8 1.000000
610 9 1.000000
610 8 1.000000
611 7 1.000000
616 9 1.000000
617 9 1.000000
617 7 1.000000
617 6 1.000000
617 5 1.000000
619 5 1.000000
620 5 1.000000
626 4 1.000000
628 4 1.000000
629 4 1.000000
634 6 1.000000
638 6 1.000000
641 8 0.000000
643 12 0.000000
644 14 1.000000
645 14 1.000000
646 15 1.000000
642 10 0.000000
631 6 0.000000
651 18 1.000000
651 17 0.000000
652 17 1.000000
654 17 1.000000
656 20 1.000000
656 21 1.000000
657 21 1.000000
657 20 1.000000
658 20 1.000000
658 21 1.000000
660 24 0.000000
661 25 0.000000
661 23 1.000000
661 24 1.000000
662 26 0.000000
662 25 1.000000
663 28 0.000000
664 27 1.000000
663 26 1.000000
665 28 0.000000
666 28 0.000000
667 28 0.000000
667 25 1.000000
667 24 1.000000
666 24 1.000000
665 24 1.000000
666 25 1.000000
663 23 0.000000
669 30 0.000000
678 29 0.000000
677 29 0.000000
677 28 0.000000
677 27 0.000000
676 27 0.000000
676 28 0.000000
676 29 0.000000
676 30 0.000000
675 28 0.000000
675 27 0.000000
675 26 0.000000
674 26 0.000000
674 27 0.000000
674 33 0.000000
674 32 0.000000
676 33 0.000000
677 33 0.000000
678 32 0.000000
679 32 0.000000
680 32 0.000000
684 35 0.000000
685 36 0.000000
686 36 0.000000
687 36 0.000000
688 35 1.000000
688 34 1.000000
689 34 1.000000
689 33 1.000000
688 33 1.000000
687 33 1.000000
686 33 1.000000
686 32 1.000000
