39 119 0.000000
41 119 0.000000
43 120 0.000000
46 121 0.000000
47 121 0.000000
48 121 0.000000
49 121 0.000000
50 121 0.000000
51 121 0.000000
48 123 1.000000
46 122 1.000000
54 122 0.000000
54 121 0.000000
54 120 0.000000
52 119 0.000000
46 118 0.000000
53 122 0.000000
52 122 0.000000
45 121 0.000000
2 85 0.000000
2 86 0.000000
2 88 0.000000
1 90 0.000000
0 90 0.000000
0 88 0.000000
1 88 0.000000
0 86 0.000000
0 86 1.000000
1 85 0.000000
0 86 0.000000
2 105 0.000000
1 104 0.000000
2 104 0.000000
3 105 0.000000
4 105 0.000000
5 105 0.000000
12 105 0.000000
0 113 0.000000
0 113 1.000000
1 111 0.000000
1 110 0.000000
2 110 0.000000
2 110 1.000000
7 111 0.000000
6 112 0.000000
6 111 0.000000
5 111 0.000000
5 112 0.000000
0 113 0.000000
2 113 1.000000
1 113 0.000000
2 113 0.000000
0 112 0.000000
1 112 0.000000
2 112 0.000000
3 112 0.000000
4 112 0.000000
4 111 0.000000
2 110 0.000000
2 109 0.000000
3 109 0.000000
1 103 0.000000
2 103 0.000000
6 110 0.000000
5 108 0.000000
4 107 0.000000
4 106 0.000000
3 106 0.000000
3 107 0.000000
3 108 0.000000
4 108 0.000000
24 122 0.000000
23 122 0.000000
22 122 0.000000
21 122 0.000000
21 121 0.000000
16 124 1.000000
5 133 0.000000
5 133 1.000000
5 132 1.000000
6 131 1.000000
29 123 0.000000
31 123 0.000000
32 123 0.000000
28 114 1.000000
27 115 0.000000
26 114 1.000000
24 113 1.000000
31 118 0.000000
48 274 0.000000
48 273 0.000000
47 274 0.000000
47 273 0.000000
46 274 0.000000
46 273 0.000000
45 274 0.000000
45 273 0.000000
44 274 0.000000
44 273 0.000000
43 274 0.000000
35 272 0.000000
34 272 0.000000
23 273 0.000000
24 272 0.000000
25 271 0.000000
25 270 0.000000
24 271 0.000000
23 271 0.000000
23 270 0.000000
23 269 0.000000
22 269 0.000000
22 271 0.000000
22 270 0.000000
19 269 0.000000
20 269 0.000000
21 270 0.000000
21 268 0.000000
18 264 1.000000
14 267 1.000000
14 267 0.000000
0 256 0.000000
1 256 0.000000
0 255 0.000000
1 255 0.000000
1 254 0.000000
0 254 0.000000
0 252 1.000000
3 256 0.000000
4 258 0.000000
2 266 0.000000
3 265 0.000000
5 265 0.000000
5 264 0.000000
3 264 0.000000
2 264 0.000000
4 264 0.000000
5 263 0.000000
10 264 0.000000
13 267 0.000000
15 267 0.000000
18 266 0.000000
18 267 0.000000
18 268 0.000000
20 268 0.000000
20 268 1.000000
20 267 0.000000
19 267 0.000000
19 267 1.000000
17 266 0.000000
19 267 0.000000
19 268 0.000000
20 268 0.000000
29 265 0.000000
29 266 0.000000
28 265 0.000000
26 265 0.000000
11 266 0.000000
38 264 0.000000
36 264 0.000000
35 264 0.000000
36 263 0.000000
37 263 0.000000
37 262 0.000000
38 262 0.000000
37 261 0.000000
36 265 0.000000
37 266 0.000000
37 265 0.000000
40 270 0.000000
38 265 0.000000
38 259 0.000000
38 260 0.000000
38 261 0.000000
25 266 0.000000
89 277 0.000000
89 279 0.000000
89 278 0.000000
87 276 0.000000
86 274 0.000000
86 273 0.000000
82 273 0.000000
74 274 0.000000
72 273 0.000000
71 272 0.000000
70 271 0.000000
67 268 0.000000
63 273 0.000000
50 267 0.000000
50 266 0.000000
49 264 1.000000
45 269 0.000000
46 269 0.000000
47 269 0.000000
50 263 1.000000
86 273 1.000000
84 273 0.000000
83 273 0.000000
340 255 0.000000
342 254 0.000000
325 261 0.000000
324 260 0.000000
322 258 0.000000
320 257 0.000000
319 256 0.000000
316 251 0.000000
267 279 0.000000
268 279 0.000000
267 278 0.000000
270 275 0.000000
272 275 0.000000
273 275 0.000000
272 274 0.000000
272 273 0.000000
273 272 0.000000
274 267 0.000000
275 268 0.000000
276 267 0.000000
276 266 0.000000
276 265 0.000000
275 265 0.000000
275 264 0.000000
276 262 0.000000
276 261 0.000000
277 259 0.000000
278 258 0.000000
278 257 0.000000
278 252 0.000000
279 251 0.000000
274 266 0.000000
326 265 0.000000
326 264 0.000000
280 249 0.000000
281 248 0.000000
282 249 0.000000
282 247 0.000000
283 246 0.000000
285 245 0.000000
286 245 0.000000
287 244 0.000000
289 246 0.000000
289 245 0.000000
289 244 0.000000
289 243 0.000000
289 242 0.000000
288 243 0.000000
288 245 0.000000
290 243 0.000000
290 242 0.000000
291 242 0.000000
291 241 0.000000
292 241 0.000000
293 240 0.000000
294 239 0.000000
294 239 1.000000
284 238 1.000000
284 237 1.000000
296 237 0.000000
295 238 0.000000
294 239 0.000000
345 219 0.000000
343 220 0.000000
342 222 0.000000
342 221 0.000000
298 232 0.000000
299 231 0.000000
300 228 0.000000
300 227 0.000000
301 224 0.000000
301 222 0.000000
300 219 0.000000
301 217 0.000000
301 216 0.000000
301 215 0.000000
308 216 0.000000
309 214 0.000000
308 213 0.000000
310 219 0.000000
307 214 0.000000
309 215 0.000000
364 159 1.000000
363 158 1.000000
361 149 0.000000
361 148 0.000000
359 146 0.000000
361 154 1.000000
366 127 0.000000
357 126 1.000000
358 126 1.000000
358 125 1.000000
359 125 1.000000
362 123 0.000000
360 127 0.000000
361 127 0.000000
362 127 0.000000
363 127 0.000000
363 128 0.000000
363 126 0.000000
363 125 0.000000
364 126 0.000000
364 129 0.000000
364 130 0.000000
367 130 0.000000
366 132 0.000000
365 131 0.000000
367 134 0.000000
368 131 0.000000
369 132 0.000000
367 84 1.000000
343 76 1.000000
343 73 0.000000
344 73 0.000000
335 71 0.000000
336 70 0.000000
329 61 0.000000
329 60 0.000000
327 59 0.000000
330 54 0.000000
330 53 0.000000
330 55 0.000000
330 44 1.000000
331 45 1.000000
332 43 0.000000
336 43 0.000000
340 46 0.000000
341 44 0.000000
341 46 0.000000
342 46 0.000000
362 50 1.000000
362 46 0.000000
367 47 0.000000
368 48 0.000000
365 45 0.000000
363 42 0.000000
377 25 0.000000
377 24 0.000000
378 26 0.000000
378 28 0.000000
378 27 0.000000
379 26 0.000000
379 2 0.000000
379 1 0.000000
376 18 0.000000
358 13 0.000000
356 14 0.000000
357 13 0.000000
356 13 0.000000
355 13 0.000000
354 13 0.000000
356 12 0.000000
357 11 0.000000
350 16 0.000000
350 15 0.000000
351 14 0.000000
332 26 0.000000
331 27 0.000000
336 24 0.000000
339 23 0.000000
340 22 0.000000
343 20 0.000000
343 20 1.000000
349 17 0.000000
347 18 0.000000
345 19 0.000000
345 19 1.000000
343 20 0.000000
339 23 1.000000
320 30 0.000000
313 27 0.000000
310 30 0.000000
305 29 0.000000
305 28 0.000000
305 27 0.000000
289 0 0.000000
292 8 1.000000
295 19 1.000000
295 19 0.000000
295 18 0.000000
295 17 0.000000
295 16 0.000000
295 15 0.000000
295 14 0.000000
294 12 0.000000
294 21 0.000000
363 52 0.000000
364 53 0.000000
365 53 0.000000
362 51 0.000000
362 50 0.000000
362 49 0.000000
361 49 0.000000
361 48 0.000000
361 47 0.000000
361 46 0.000000
364 44 0.000000
364 43 0.000000
368 47 0.000000
367 46 0.000000
366 45 0.000000
365 44 0.000000
360 48 0.000000
360 46 0.000000
360 47 0.000000
360 45 0.000000
360 43 0.000000
360 44 0.000000
360 48 1.000000
360 47 1.000000
366 53 0.000000
367 52 0.000000
368 51 0.000000
369 50 0.000000
369 49 0.000000
360 42 0.000000
340 73 0.000000
341 73 0.000000
342 74 0.000000
344 66 0.000000
345 68 0.000000
345 67 0.000000
327 60 0.000000
330 57 0.000000
330 56 0.000000
327 54 0.000000
328 53 0.000000
335 46 0.000000
337 43 0.000000
338 43 0.000000
331 45 0.000000
331 44 0.000000
365 83 0.000000
368 79 0.000000
365 79 0.000000
364 80 0.000000
364 83 0.000000
363 82 0.000000
363 81 0.000000
342 74 1.000000
342 73 0.000000
345 69 0.000000
334 46 0.000000
333 46 0.000000
332 46 0.000000
331 46 0.000000
330 46 0.000000
330 45 0.000000
330 44 0.000000
330 43 0.000000
331 43 0.000000
330 46 1.000000
329 43 0.000000
330 43 1.000000
329 43 1.000000
339 43 0.000000
336 47 0.000000
337 47 0.000000
338 47 0.000000
343 224 0.000000
344 224 0.000000
345 218 0.000000
345 218 1.000000
345 218 0.000000
346 218 0.000000
346 221 0.000000
344 219 0.000000
362 151 0.000000
362 150 0.000000
362 149 0.000000
361 154 0.000000
362 154 0.000000
363 154 0.000000
363 155 0.000000
362 155 0.000000
361 155 0.000000
362 156 0.000000
363 156 0.000000
362 157 0.000000
363 157 0.000000
363 153 0.000000
363 152 0.000000
364 152 0.000000
364 151 0.000000
364 150 0.000000
364 149 0.000000
364 147 0.000000
363 147 0.000000
362 147 0.000000
362 148 0.000000
363 148 0.000000
364 148 0.000000
363 149 0.000000
363 150 0.000000
363 151 0.000000
364 153 0.000000
361 147 0.000000
359 127 0.000000
359 126 0.000000
359 125 0.000000
359 125 1.000000
358 127 0.000000
358 126 0.000000
358 125 0.000000
359 125 0.000000
362 128 0.000000
363 129 0.000000
362 130 0.000000
362 129 0.000000
362 128 1.000000
362 130 1.000000
362 129 1.000000
362 128 0.000000
359 124 0.000000
360 124 0.000000
360 123 0.000000
362 122 0.000000
363 124 0.000000
365 126 0.000000
367 128 0.000000
368 130 0.000000
332 46 0.000000
331 46 0.000000
330 46 0.000000
329 46 0.000000
329 45 0.000000
330 45 0.000000
330 44 0.000000
329 44 0.000000
331 43 0.000000
330 43 0.000000
329 43 0.000000
329 46 1.000000
333 46 0.000000
334 46 0.000000
362 52 0.000000
361 50 0.000000
361 51 0.000000
362 53 0.000000
361 52 0.000000
363 53 0.000000
360 51 0.000000
360 52 0.000000
360 53 0.000000
361 53 0.000000
360 54 0.000000
361 54 0.000000
342 74 1.000000
342 73 0.000000
341 74 0.000000
342 74 0.000000
343 74 0.000000
343 75 0.000000
342 75 0.000000
341 75 0.000000
342 76 0.000000
343 77 0.000000
340 74 0.000000
343 76 0.000000
344 74 0.000000
343 77 1.000000
331 47 0.000000
331 47 1.000000
330 47 0.000000
330 47 1.000000
331 47 0.000000
331 47 1.000000
329 46 0.000000
329 46 1.000000
331 47 0.000000
331 47 1.000000
330 47 0.000000
330 47 1.000000
328 47 0.000000
328 47 1.000000
329 46 0.000000
329 46 1.000000
329 66 0.000000
329 66 1.000000
359 54 0.000000
359 54 1.000000
359 54 0.000000
359 54 1.000000
359 53 0.000000
359 53 1.000000
359 54 0.000000
359 53 0.000000
359 52 0.000000
359 51 0.000000
360 50 0.000000
366 84 0.000000
367 84 0.000000
368 84 0.000000
328 43 0.000000
328 44 0.000000
328 45 0.000000
328 46 0.000000
329 46 0.000000
329 47 0.000000
331 47 0.000000
330 47 0.000000
357 127 0.000000
357 126 0.000000
357 125 0.000000
358 124 0.000000
362 158 0.000000
363 158 0.000000
364 158 0.000000
364 157 0.000000
364 156 0.000000
364 155 0.000000
364 154 0.000000
364 158 1.000000
364 157 1.000000
364 156 1.000000
361 157 0.000000
361 156 0.000000
360 154 0.000000
362 159 0.000000
363 159 0.000000
363 160 0.000000
364 160 0.000000
364 159 0.000000
364 158 0.000000
364 157 0.000000
364 156 0.000000
51 37 0.000000
55 42 0.000000
54 41 0.000000
56 39 0.000000
57 38 0.000000
57 39 0.000000
57 40 0.000000
58 42 0.000000
59 43 0.000000
60 43 0.000000
60 42 0.000000
59 42 0.000000
58 41 0.000000
59 41 0.000000
58 40 0.000000
58 39 0.000000
59 39 0.000000
59 40 0.000000
60 41 0.000000
60 40 0.000000
61 42 0.000000
61 41 0.000000
61 40 0.000000
61 39 0.000000
62 40 0.000000
62 41 0.000000
63 41 0.000000
63 40 0.000000
63 39 0.000000
64 38 0.000000
64 37 0.000000
64 36 0.000000
64 35 0.000000
65 35 0.000000
65 34 0.000000
65 33 0.000000
65 32 0.000000
65 31 0.000000
64 31 0.000000
64 32 0.000000
64 33 0.000000
64 34 0.000000
67 29 0.000000
67 30 0.000000
66 31 0.000000
66 30 0.000000
66 29 0.000000
66 28 0.000000
65 28 0.000000
64 28 0.000000
63 28 0.000000
58 27 0.000000
59 28 0.000000
59 29 0.000000
60 29 0.000000
60 28 0.000000
61 29 0.000000
62 29 0.000000
63 30 0.000000
63 29 0.000000
64 29 0.000000
64 30 0.000000
65 30 0.000000
65 29 0.000000
64 27 0.000000
65 27 0.000000
64 26 0.000000
65 26 0.000000
65 25 0.000000
65 24 0.000000
64 23 0.000000
64 24 0.000000
64 25 0.000000
63 25 0.000000
63 24 0.000000
62 24 0.000000
62 23 0.000000
63 23 0.000000
61 23 0.000000
61 22 0.000000
63 22 0.000000
63 21 0.000000
62 22 0.000000
62 21 0.000000
62 20 0.000000
62 19 0.000000
60 19 0.000000
61 19 0.000000
61 20 0.000000
61 21 0.000000
60 21 0.000000
69 57 0.000000
68 56 0.000000
67 55 0.000000
67 55 1.000000
67 55 0.000000
66 54 0.000000
65 53 0.000000
64 52 0.000000
63 51 0.000000
62 50 0.000000
53 40 0.000000
53 40 1.000000
5 6 1.000000
6 6 1.000000
12 11 1.000000
10 10 1.000000
8 10 1.000000
7 11 1.000000
7 10 1.000000
6 11 1.000000
6 10 1.000000
5 10 1.000000
4 11 1.000000
0 11 1.000000
1 11 1.000000
8 6 1.000000
18 13 1.000000
27 17 1.000000
27 16 1.000000
26 15 1.000000
24 14 1.000000
25 16 1.000000
24 16 1.000000
27 17 0.000000
26 16 0.000000
20 14 0.000000
21 15 0.000000
22 15 0.000000
22 15 1.000000
28 18 0.000000
26 17 0.000000
25 16 0.000000
24 16 0.000000
23 15 0.000000
23 16 0.000000
22 15 0.000000
21 15 1.000000
21 15 0.000000
20 14 1.000000
21 13 0.000000
21 14 0.000000
22 14 0.000000
27 16 0.000000
26 15 0.000000
25 15 0.000000
24 15 0.000000
24 14 0.000000
23 14 0.000000
23 16 1.000000
23 16 0.000000
23 16 1.000000
21 15 1.000000
22 15 1.000000
24 16 1.000000
24 16 0.000000
15 10 0.000000
38 25 0.000000
38 25 1.000000
37 24 0.000000
36 23 0.000000
35 23 0.000000
34 22 0.000000
32 21 0.000000
31 20 0.000000
30 20 0.000000
29 19 0.000000
38 25 0.000000
39 26 0.000000
40 27 0.000000
36 24 0.000000
41 28 0.000000
37 25 0.000000
37 25 1.000000
116 64 0.000000
117 64 0.000000
118 63 0.000000
119 63 0.000000
120 63 0.000000
120 62 0.000000
121 62 0.000000
122 62 0.000000
123 62 0.000000
117 61 1.000000
115 64 0.000000
115 65 0.000000
117 63 0.000000
118 64 0.000000
116 65 0.000000
116 63 0.000000
119 64 0.000000
119 62 0.000000
121 63 0.000000
94 70 1.000000
95 70 1.000000
96 70 1.000000
98 70 1.000000
99 70 1.000000
99 71 1.000000
100 71 1.000000
101 72 1.000000
102 72 1.000000
103 72 1.000000
104 72 1.000000
109 69 1.000000
112 60 1.000000
109 60 1.000000
108 60 1.000000
106 60 1.000000
105 60 1.000000
104 60 1.000000
100 61 1.000000
98 62 1.000000
93 70 0.000000
93 69 0.000000
92 69 0.000000
92 70 0.000000
91 69 0.000000
91 69 1.000000
85 67 0.000000
84 67 0.000000
86 68 0.000000
87 68 0.000000
89 69 0.000000
91 69 0.000000
89 69 1.000000
88 68 0.000000
89 69 0.000000
89 68 0.000000
90 69 0.000000
91 70 0.000000
92 68 0.000000
92 67 0.000000
82 66 0.000000
80 65 0.000000
79 65 0.000000
77 64 0.000000
75 63 0.000000
93 63 1.000000
93 63 0.000000
93 63 1.000000
95 63 1.000000
93 64 1.000000
93 64 0.000000
93 63 0.000000
93 63 1.000000
93 64 1.000000
93 64 0.000000
93 63 0.000000
93 64 1.000000
93 63 1.000000
92 63 1.000000
93 64 0.000000
93 65 0.000000
93 64 1.000000
93 65 1.000000
163 89 1.000000
162 88 1.000000
161 86 1.000000
156 80 1.000000
154 78 1.000000
152 76 1.000000
147 72 1.000000
129 63 1.000000
131 63 1.000000
119 61 0.000000
118 62 0.000000
118 61 0.000000
117 61 0.000000
117 62 0.000000
117 62 1.000000
164 91 1.000000
209 113 1.000000
209 112 1.000000
209 111 1.000000
206 117 1.000000
206 116 1.000000
205 117 1.000000
205 116 1.000000
203 109 1.000000
201 109 1.000000
201 110 1.000000
200 110 1.000000
202 109 1.000000
193 122 0.000000
192 123 0.000000
192 122 0.000000
185 119 0.000000
186 120 0.000000
190 124 0.000000
191 124 0.000000
187 119 0.000000
187 121 0.000000
184 119 0.000000
183 118 0.000000
182 117 0.000000
181 116 0.000000
180 115 0.000000
179 114 0.000000
178 113 0.000000
169 100 1.000000
208 102 1.000000
207 102 1.000000
206 102 1.000000
206 103 1.000000
206 104 1.000000
199 110 1.000000
203 108 1.000000
195 110 1.000000
194 110 1.000000
193 123 0.000000
194 121 0.000000
194 122 0.000000
193 123 1.000000
194 122 1.000000
191 122 0.000000
188 115 1.000000
189 114 1.000000
187 119 1.000000
187 118 1.000000
187 119 0.000000
187 118 0.000000
225 68 1.000000
225 67 1.000000
224 66 1.000000
224 67 1.000000
223 66 1.000000
223 65 1.000000
222 64 1.000000
222 66 1.000000
222 66 0.000000
221 65 1.000000
220 65 1.000000
221 64 1.000000
221 63 1.000000
220 64 1.000000
222 66 1.000000
222 65 1.000000
217 64 1.000000
217 63 1.000000
216 63 1.000000
215 63 1.000000
211 62 1.000000
210 62 1.000000
210 63 1.000000
210 64 1.000000
211 64 1.000000
211 65 1.000000
211 66 1.000000
211 67 1.000000
211 63 1.000000
210 66 1.000000
210 67 1.000000
210 68 1.000000
209 68 1.000000
209 67 1.000000
209 69 1.000000
209 70 1.000000
209 71 1.000000
208 76 1.000000
208 75 1.000000
208 74 1.000000
211 77 1.000000
212 77 1.000000
215 77 1.000000
215 78 1.000000
216 78 1.000000
216 79 1.000000
216 77 1.000000
216 76 1.000000
217 79 1.000000
217 78 1.000000
217 77 1.000000
217 76 1.000000
218 82 1.000000
218 81 1.000000
218 80 1.000000
218 79 1.000000
218 78 1.000000
218 77 1.000000
218 76 1.000000
218 75 1.000000
218 74 1.000000
219 73 1.000000
219 74 1.000000
219 75 1.000000
219 76 1.000000
219 77 1.000000
219 78 1.000000
219 79 1.000000
219 80 1.000000
219 81 1.000000
219 82 1.000000
221 84 1.000000
220 84 1.000000
220 83 1.000000
221 83 1.000000
220 82 1.000000
221 82 1.000000
221 81 1.000000
222 81 1.000000
220 81 1.000000
220 77 1.000000
221 77 1.000000
221 76 1.000000
220 76 1.000000
220 75 1.000000
221 75 1.000000
221 74 1.000000
220 74 1.000000
220 73 1.000000
227 103 1.000000
228 102 1.000000
230 101 1.000000
242 96 1.000000
241 96 1.000000
240 97 1.000000
240 97 0.000000
239 96 1.000000
238 95 1.000000
238 94 1.000000
236 83 1.000000
236 82 1.000000
236 81 1.000000
236 81 0.000000
235 83 1.000000
235 82 1.000000
232 83 1.000000
232 82 1.000000
231 82 1.000000
236 81 1.000000
233 83 1.000000
234 83 1.000000
249 92 0.000000
248 93 0.000000
239 97 1.000000
240 97 1.000000
240 96 1.000000
243 95 1.000000
243 94 1.000000
244 94 1.000000
245 94 1.000000
246 94 1.000000
246 93 1.000000
245 95 1.000000
244 95 1.000000
248 92 0.000000
225 91 1.000000
225 90 1.000000
222 85 1.000000
209 77 0.000000
282 69 0.000000
287 71 1.000000
281 67 1.000000
281 66 1.000000
280 64 1.000000
280 63 1.000000
279 62 1.000000
269 63 1.000000
268 63 1.000000
269 62 1.000000
266 64 1.000000
265 64 1.000000
261 64 1.000000
260 63 1.000000
260 64 1.000000
260 65 1.000000
260 66 1.000000
259 67 1.000000
259 66 1.000000
259 65 1.000000
258 68 1.000000
258 69 1.000000
258 69 0.000000
258 83 1.000000
259 81 1.000000
259 80 1.000000
258 78 1.000000
258 77 1.000000
258 74 1.000000
258 73 1.000000
258 72 1.000000
257 71 1.000000
257 70 1.000000
257 69 1.000000
258 69 1.000000
260 63 0.000000
323 72 1.000000
320 72 1.000000
320 71 1.000000
321 71 1.000000
321 70 1.000000
322 69 1.000000
323 70 1.000000
323 69 1.000000
323 71 1.000000
322 70 1.000000
322 71 1.000000
322 72 1.000000
322 73 1.000000
322 74 1.000000
321 74 1.000000
321 73 1.000000
321 72 1.000000
324 72 1.000000
312 75 1.000000
313 75 1.000000
292 71 0.000000
293 71 0.000000
295 71 0.000000
299 71 0.000000
304 73 0.000000
305 74 0.000000
312 75 0.000000
315 74 0.000000
328 72 0.000000
327 72 0.000000
346 66 1.000000
347 65 1.000000
347 64 1.000000
347 63 1.000000
346 62 1.000000
345 62 1.000000
344 62 1.000000
344 61 1.000000
345 61 1.000000
343 61 1.000000
343 60 1.000000
344 60 1.000000
343 59 1.000000
342 59 1.000000
342 58 1.000000
341 56 1.000000
341 55 1.000000
341 54 1.000000
340 53 1.000000
340 52 1.000000
339 50 1.000000
339 49 1.000000
339 48 1.000000
339 47 1.000000
339 46 1.000000
339 45 1.000000
339 44 1.000000
339 44 0.000000
339 44 1.000000
338 50 1.000000
338 49 1.000000
338 48 1.000000
338 47 1.000000
338 46 1.000000
345 42 1.000000
345 43 1.000000
344 44 1.000000
344 43 1.000000
343 44 1.000000
342 44 1.000000
342 43 1.000000
342 42 1.000000
341 43 1.000000
340 43 1.000000
340 44 1.000000
343 43 1.000000
341 42 1.000000
365 39 1.000000
364 38 1.000000
363 38 1.000000
362 38 1.000000
361 38 1.000000
360 38 1.000000
359 38 1.000000
358 38 1.000000
358 39 1.000000
359 39 1.000000
360 39 1.000000
361 39 1.000000
364 39 1.000000
363 39 1.000000
360 40 1.000000
359 41 1.000000
359 40 1.000000
358 40 1.000000
358 41 1.000000
357 41 1.000000
357 40 1.000000
357 39 1.000000
356 39 1.000000
356 40 1.000000
356 41 1.000000
355 41 1.000000
355 40 1.000000
355 39 1.000000
354 39 1.000000
354 40 1.000000
354 41 1.000000
353 41 1.000000
352 41 1.000000
351 41 1.000000
350 41 1.000000
349 41 1.000000
348 41 1.000000
347 41 1.000000
346 41 1.000000
336 71 0.000000
340 69 0.000000
333 72 1.000000
332 72 1.000000
382 23 1.000000
383 23 1.000000
383 23 0.000000
367 38 1.000000
367 37 1.000000
368 37 1.000000
368 37 0.000000
360 28 1.000000
360 27 1.000000
360 26 1.000000
360 25 1.000000
361 25 1.000000
361 26 1.000000
361 27 1.000000
361 28 1.000000
362 29 1.000000
362 28 1.000000
362 27 1.000000
362 26 1.000000
362 25 1.000000
363 25 1.000000
363 26 1.000000
363 27 1.000000
363 28 1.000000
363 28 0.000000
365 30 1.000000
364 29 1.000000
363 29 1.000000
363 28 1.000000
364 28 1.000000
364 28 0.000000
364 28 1.000000
365 26 1.000000
364 26 1.000000
364 26 0.000000
366 36 1.000000
366 35 1.000000
366 34 1.000000
365 34 1.000000
365 33 1.000000
366 33 1.000000
366 32 1.000000
366 31 1.000000
367 31 1.000000
367 32 1.000000
368 32 1.000000
368 33 1.000000
367 33 1.000000
367 34 1.000000
367 35 1.000000
367 36 1.000000
368 37 1.000000
369 36 1.000000
368 36 1.000000
368 35 1.000000
369 35 1.000000
369 34 1.000000
368 34 1.000000
369 33 1.000000
377 25 1.000000
376 25 1.000000
375 25 1.000000
376 26 1.000000
375 26 1.000000
374 26 1.000000
373 26 1.000000
374 27 1.000000
373 27 1.000000
372 27 1.000000
372 26 1.000000
371 26 1.000000
370 26 1.000000
369 26 1.000000
368 26 1.000000
367 26 1.000000
367 25 1.000000
366 25 1.000000
364 26 1.000000
364 27 1.000000
365 27 1.000000
365 27 0.000000
365 27 1.000000
366 30 1.000000
367 30 1.000000
365 29 1.000000
365 28 1.000000
366 29 1.000000
366 28 1.000000
366 27 1.000000
366 26 1.000000
366 26 0.000000
371 27 1.000000
370 27 1.000000
369 27 1.000000
368 28 1.000000
368 27 1.000000
367 29 1.000000
367 27 1.000000
367 28 1.000000
366 26 1.000000
383 24 1.000000
383 23 1.000000
382 23 0.000000
381 24 1.000000
382 24 1.000000
380 24 1.000000
379 24 1.000000
395 31 1.000000
395 30 1.000000
395 29 1.000000
394 29 1.000000
394 30 1.000000
393 29 1.000000
392 29 1.000000
391 29 1.000000
390 29 1.000000
390 29 0.000000
390 25 1.000000
390 26 1.000000
390 27 1.000000
390 28 1.000000
390 29 1.000000
389 29 1.000000
389 28 1.000000
389 27 1.000000
389 26 1.000000
389 25 1.000000
388 26 1.000000
388 27 1.000000
388 28 1.000000
388 28 0.000000
387 27 1.000000
387 26 1.000000
388 28 1.000000
386 26 1.000000
386 25 1.000000
385 24 1.000000
386 24 1.000000
386 23 1.000000
384 24 1.000000
384 23 1.000000
384 22 1.000000
385 22 1.000000
386 22 1.000000
386 22 0.000000
386 20 1.000000
387 20 1.000000
387 20 0.000000
385 21 1.000000
386 21 1.000000
386 22 1.000000
385 23 1.000000
387 20 1.000000
385 20 1.000000
389 25 0.000000
689 36 1.000000
687 37 1.000000
687 38 1.000000
687 39 1.000000
686 37 1.000000
685 36 1.000000
685 35 1.000000
684 35 1.000000
684 36 1.000000
682 33 1.000000
673 37 1.000000
673 36 1.000000
667 32 1.000000
667 33 0.000000
668 34 0.000000
674 35 0.000000
674 36 1.000000
675 34 0.000000
675 33 0.000000
674 33 0.000000
674 32 0.000000
677 32 1.000000
676 31 0.000000
676 32 0.000000
675 31 0.000000
675 32 0.000000
674 31 0.000000
673 31 0.000000
673 30 0.000000
674 30 0.000000
675 30 0.000000
662 30 1.000000
661 29 1.000000
661 28 1.000000
662 26 1.000000
662 27 1.000000
663 27 1.000000
663 28 1.000000
664 28 1.000000
665 28 1.000000
666 28 1.000000
667 29 1.000000
668 32 1.000000
668 31 1.000000
667 34 0.000000
660 27 1.000000
659 26 1.000000
659 25 1.000000
659 24 1.000000
658 25 1.000000
658 26 1.000000
657 26 1.000000
657 25 1.000000
657 24 1.000000
657 23 1.000000
656 23 1.000000
656 24 1.000000
655 24 1.000000
655 23 1.000000
655 22 1.000000
654 21 1.000000
653 21 1.000000
650 20 1.000000
651 20 1.000000
651 20 0.000000
650 21 1.000000
654 23 1.000000
651 20 1.000000
659 24 0.000000
677 33 0.000000
677 32 0.000000
616 10 1.000000
615 13 1.000000
615 12 1.000000
615 12 0.000000
609 11 1.000000
609 12 1.000000
600 16 1.000000
600 15 1.000000
600 15 0.000000
602 14 1.000000
601 15 1.000000
601 16 1.000000
601 16 0.000000
606 12 1.000000
607 11 1.000000
607 11 0.000000
606 13 1.000000
605 13 1.000000
605 14 1.000000
604 14 1.000000
604 14 0.000000
602 13 1.000000
603 14 1.000000
604 14 1.000000
603 13 1.000000
601 16 1.000000
602 15 1.000000
603 13 0.000000
602 13 0.000000
590 21 0.000000
589 22 0.000000
587 22 1.000000
587 21 1.000000
586 21 1.000000
586 20 1.000000
585 20 1.000000
584 23 1.000000
594 18 0.000000
626 7 0.000000
613 10 0.000000
612 10 0.000000
570 21 1.000000
562 20 0.000000
559 19 0.000000
556 18 0.000000
553 18 0.000000
552 18 0.000000
550 18 0.000000
550 17 0.000000
542 14 1.000000
539 15 1.000000
533 18 1.000000
533 17 1.000000
534 17 1.000000
535 17 1.000000
535 18 1.000000
534 19 1.000000
535 19 1.000000
534 18 1.000000
536 21 1.000000
537 21 1.000000
536 20 1.000000
537 20 1.000000
536 19 1.000000
537 19 1.000000
538 19 1.000000
537 18 1.000000
536 18 1.000000
536 17 1.000000
537 17 1.000000
537 16 1.000000
538 16 1.000000
526 17 1.000000
529 16 1.000000
531 16 1.000000
532 17 1.000000
541 14 0.000000
544 14 0.000000
564 21 1.000000
578 20 0.000000
573 21 0.000000
525 37 1.000000
530 34 1.000000
517 19 1.000000
517 18 1.000000
518 17 1.000000
494 35 1.000000
494 34 1.000000
494 33 1.000000
494 32 1.000000
494 31 1.000000
494 30 1.000000
494 29 1.000000
494 28 1.000000
494 27 1.000000
494 26 1.000000
494 25 1.000000
495 26 1.000000
495 27 1.000000
495 28 1.000000
495 29 1.000000
495 30 1.000000
495 31 1.000000
495 32 1.000000
495 34 1.000000
496 34 1.000000
495 33 1.000000
496 33 1.000000
497 34 1.000000
497 33 1.000000
497 32 1.000000
497 31 1.000000
497 30 1.000000
497 29 1.000000
496 28 1.000000
496 27 1.000000
496 29 1.000000
496 30 1.000000
496 31 1.000000
496 32 1.000000
498 33 1.000000
497 28 1.000000
498 32 1.000000
498 31 1.000000
498 30 1.000000
499 32 1.000000
499 31 1.000000
499 30 1.000000
500 30 1.000000
500 32 1.000000
500 31 1.000000
501 32 1.000000
501 31 1.000000
502 32 1.000000
502 32 0.000000
530 33 1.000000
512 26 1.000000
513 25 1.000000
512 25 1.000000
512 24 1.000000
511 24 1.000000
511 25 1.000000
511 26 1.000000
510 26 1.000000
510 25 1.000000
509 24 1.000000
508 24 1.000000
508 25 1.000000
508 26 1.000000
508 27 1.000000
509 26 1.000000
509 25 1.000000
506 26 1.000000
505 26 1.000000
505 27 1.000000
505 28 1.000000
505 29 1.000000
506 28 1.000000
507 28 1.000000
507 27 1.000000
506 27 1.000000
507 26 1.000000
504 28 1.000000
504 29 1.000000
503 31 1.000000
503 30 1.000000
503 29 1.000000
502 32 1.000000
502 31 1.000000
501 30 1.000000
502 30 1.000000
499 29 1.000000
500 29 1.000000
501 29 1.000000
502 29 1.000000
503 28 1.000000
492 34 1.000000
492 33 1.000000
492 32 1.000000
492 31 1.000000
492 30 1.000000
492 29 1.000000
492 28 1.000000
492 27 1.000000
492 26 1.000000
492 25 1.000000
492 24 1.000000
493 24 1.000000
493 25 1.000000
493 26 1.000000
493 27 1.000000
493 28 1.000000
493 29 1.000000
493 30 1.000000
493 31 1.000000
493 32 1.000000
493 33 1.000000
493 34 1.000000
491 33 1.000000
491 32 1.000000
490 31 1.000000
491 31 1.000000
490 30 1.000000
491 30 1.000000
490 29 1.000000
491 29 1.000000
490 28 1.000000
491 28 1.000000
490 27 1.000000
491 27 1.000000
490 26 1.000000
491 26 1.000000
490 25 1.000000
491 25 1.000000
491 24 1.000000
490 24 1.000000
489 27 1.000000
489 28 1.000000
489 29 1.000000
489 30 1.000000
488 30 1.000000
488 31 1.000000
487 32 1.000000
487 31 1.000000
486 31 1.000000
486 32 1.000000
486 33 1.000000
485 34 1.000000
485 33 1.000000
485 32 1.000000
485 31 1.000000
484 33 1.000000
484 34 1.000000
484 35 1.000000
483 36 1.000000
482 36 1.000000
482 35 1.000000
483 35 1.000000
483 34 1.000000
483 33 1.000000
482 33 1.000000
482 34 1.000000
481 34 1.000000
481 35 1.000000
481 36 1.000000
480 35 1.000000
480 34 1.000000
479 34 1.000000
479 35 1.000000
478 36 1.000000
463 41 1.000000
465 40 1.000000
468 40 1.000000
473 36 1.000000
473 35 1.000000
473 34 1.000000
474 34 1.000000
474 35 1.000000
478 35 1.000000
478 34 1.000000
477 34 1.000000
477 35 1.000000
477 36 1.000000
476 35 1.000000
476 34 1.000000
476 33 1.000000
475 33 1.000000
475 34 1.000000
472 34 1.000000
472 33 1.000000
471 33 1.000000
470 34 1.000000
471 34 1.000000
471 36 1.000000
471 35 1.000000
472 36 1.000000
472 35 1.000000
470 35 1.000000
470 36 1.000000
469 35 1.000000
469 36 1.000000
468 36 1.000000
467 36 1.000000
468 35 1.000000
465 38 1.000000
464 38 1.000000
463 39 1.000000
462 39 1.000000
461 40 1.000000
460 40 1.000000
459 40 1.000000
458 40 1.000000
449 46 1.000000
448 45 1.000000
445 46 1.000000
445 45 1.000000
446 45 1.000000
447 41 1.000000
444 40 1.000000
423 43 1.000000
424 43 0.000000
424 41 1.000000
437 38 1.000000
438 38 1.000000
434 39 0.000000
433 38 1.000000
432 37 1.000000
429 33 0.000000
424 43 1.000000
424 42 1.000000
418 34 1.000000
418 33 1.000000
418 32 1.000000
417 31 1.000000
417 30 1.000000
417 29 1.000000
418 29 1.000000
419 29 1.000000
420 29 1.000000
421 30 1.000000
421 31 1.000000
421 32 1.000000
421 33 1.000000
420 33 1.000000
420 32 1.000000
420 31 1.000000
420 30 1.000000
418 30 1.000000
418 31 1.000000
419 31 1.000000
419 30 1.000000
419 32 1.000000
419 33 1.000000
422 33 1.000000
422 32 1.000000
422 31 1.000000
423 31 1.000000
422 30 1.000000
421 29 1.000000
426 30 1.000000
425 30 1.000000
424 30 1.000000
423 30 1.000000
427 31 1.000000
413 37 1.000000
413 36 1.000000
413 35 1.000000
413 34 1.000000
413 33 1.000000
414 34 1.000000
414 35 1.000000
414 36 1.000000
414 37 1.000000
415 38 1.000000
416 38 1.000000
415 37 1.000000
416 37 1.000000
415 36 1.000000
417 36 1.000000
417 35 1.000000
416 35 1.000000
416 36 1.000000
415 35 1.000000
499 29 0.000000
430 34 0.000000
412 36 1.000000
412 35 1.000000
412 34 1.000000
396 30 1.000000
397 30 1.000000
398 31 1.000000
399 31 1.000000
399 32 1.000000
399 33 1.000000
400 34 1.000000
400 33 1.000000
400 32 1.000000
398 33 1.000000
398 32 1.000000
397 32 1.000000
397 31 1.000000
396 31 1.000000
402 35 1.000000
403 35 1.000000
404 35 1.000000
405 35 1.000000
406 35 1.000000
406 36 1.000000
405 36 1.000000
407 36 1.000000
408 36 1.000000
409 36 1.000000
410 36 1.000000
411 36 1.000000
413 33 0.000000
390 25 0.000000
385 20 0.000000
379 24 0.000000
365 25 1.000000
364 25 1.000000
359 27 1.000000
359 26 1.000000
435 157 0.000000
349 16 1.000000
386 20 0.000000
387 20 0.000000
269 62 0.000000
236 81 0.000000
246 93 0.000000
233 89 0.000000
222 63 1.000000
220 63 1.000000
208 70 1.000000
208 71 1.000000
208 72 1.000000
208 73 1.000000
205 105 1.000000
26 17 1.000000
24 16 1.000000
489 26 1.000000
489 25 1.000000
485 31 0.000000
647 19 1.000000
165 93 1.000000
165 93 0.000000
165 93 1.000000
173 106 0.000000
173 106 1.000000
173 106 0.000000
175 109 0.000000
175 109 1.000000
175 109 0.000000
171 103 0.000000
171 103 1.000000
171 103 0.000000
173 107 0.000000
173 107 1.000000
173 107 0.000000
173 107 1.000000
173 107 0.000000
173 107 1.000000
173 106 1.000000
173 106 0.000000
173 106 1.000000
171 103 1.000000
171 103 0.000000
171 103 1.000000
172 104 1.000000
172 104 0.000000
172 104 1.000000
175 109 1.000000
175 109 0.000000
175 109 1.000000
176 110 1.000000
176 110 0.000000
176 110 1.000000
174 107 1.000000
174 107 0.000000
174 107 1.000000
173 105 1.000000
173 105 0.000000
173 105 1.000000
171 102 1.000000
171 102 0.000000
171 102 1.000000
170 101 1.000000
170 101 0.000000
170 101 1.000000
169 99 1.000000
169 99 0.000000
169 99 1.000000
171 102 0.000000
171 102 1.000000
171 102 0.000000
174 106 1.000000
174 106 0.000000
174 106 1.000000
177 112 0.000000
177 112 1.000000
177 112 0.000000
176 110 0.000000
176 110 1.000000
176 110 0.000000
175 109 0.000000
175 109 1.000000
175 109 0.000000
176 111 0.000000
176 111 1.000000
176 111 0.000000
174 107 0.000000
174 107 1.000000
174 107 0.000000
173 106 0.000000
173 106 1.000000
173 106 0.000000
174 106 0.000000
174 106 1.000000
174 106 0.000000
173 105 0.000000
173 105 1.000000
173 105 0.000000
173 105 1.000000
173 105 0.000000
173 105 1.000000
173 105 0.000000
173 105 1.000000
173 105 0.000000
173 105 1.000000
173 105 0.000000
173 105 1.000000
168 98 0.000000
168 98 1.000000
168 98 0.000000
169 99 0.000000
169 99 1.000000
169 99 0.000000
170 101 0.000000
170 101 1.000000
170 101 0.000000
171 103 0.000000
171 103 1.000000
171 103 0.000000
172 104 0.000000
172 104 1.000000
172 104 0.000000
173 105 0.000000
173 105 1.000000
173 105 0.000000
172 105 0.000000
172 105 1.000000
172 105 0.000000
170 102 0.000000
170 102 1.000000
170 102 0.000000
169 100 0.000000
169 100 1.000000
169 100 0.000000
174 108 0.000000
174 108 1.000000
174 108 0.000000
93 65 0.000000
93 65 1.000000
93 65 0.000000
94 64 0.000000
94 64 1.000000
94 64 0.000000
95 63 0.000000
95 63 1.000000
95 63 0.000000
94 64 1.000000
94 64 0.000000
94 64 1.000000
94 63 0.000000
94 63 1.000000
94 63 0.000000
94 62 0.000000
94 62 1.000000
94 62 0.000000
94 61 0.000000
94 61 1.000000
94 61 0.000000
94 60 0.000000
94 60 1.000000
94 60 0.000000
95 60 0.000000
95 60 1.000000
95 60 0.000000
95 59 0.000000
95 59 1.000000
95 59 0.000000
95 59 1.000000
95 59 0.000000
95 59 1.000000
95 59 0.000000
95 59 1.000000
95 59 0.000000
86 61 0.000000
86 61 1.000000
86 61 0.000000
86 60 0.000000
86 60 1.000000
86 60 0.000000
86 60 1.000000
86 60 0.000000
86 60 1.000000
86 60 0.000000
86 60 1.000000
86 60 0.000000
86 60 1.000000
86 60 0.000000
86 60 1.000000
86 60 0.000000
86 60 1.000000
86 60 0.000000
87 61 0.000000
87 61 1.000000
87 61 0.000000
87 60 0.000000
87 60 1.000000
87 60 0.000000
87 59 0.000000
87 59 1.000000
87 59 0.000000
88 59 0.000000
88 59 1.000000
88 59 0.000000
88 60 0.000000
88 60 1.000000
88 60 0.000000
88 61 0.000000
88 61 1.000000
88 61 0.000000
89 62 0.000000
89 62 1.000000
89 62 0.000000
89 61 0.000000
89 61 1.000000
89 61 0.000000
89 60 0.000000
89 60 1.000000
89 60 0.000000
89 59 0.000000
89 59 1.000000
89 59 0.000000
90 59 0.000000
90 59 1.000000
90 59 0.000000
90 60 0.000000
90 60 1.000000
90 60 0.000000
90 61 0.000000
90 61 1.000000
90 61 0.000000
90 62 0.000000
90 62 1.000000
90 62 0.000000
91 62 0.000000
91 62 1.000000
91 62 0.000000
93 64 0.000000
93 64 1.000000
93 64 0.000000
93 63 0.000000
93 63 1.000000
93 63 0.000000
92 63 0.000000
92 63 1.000000
92 63 0.000000
92 63 1.000000
92 63 0.000000
92 63 1.000000
91 61 0.000000
91 61 1.000000
91 61 0.000000
92 61 0.000000
92 61 1.000000
92 61 0.000000
93 61 0.000000
93 61 1.000000
93 61 0.000000
93 59 0.000000
93 59 1.000000
93 59 0.000000
94 59 0.000000
94 59 1.000000
94 59 0.000000
93 58 0.000000
93 58 1.000000
93 58 0.000000
92 58 0.000000
92 58 1.000000
92 58 0.000000
91 58 0.000000
91 58 1.000000
91 58 0.000000
91 59 0.000000
91 59 1.000000
91 59 0.000000
91 60 0.000000
91 60 1.000000
91 60 0.000000
92 60 0.000000
92 60 1.000000
92 60 0.000000
92 59 0.000000
92 59 1.000000
92 59 0.000000
93 60 0.000000
93 60 1.000000
93 60 0.000000
93 62 0.000000
93 62 1.000000
93 62 0.000000
92 62 0.000000
92 62 1.000000
92 62 0.000000
92 63 0.000000
92 63 1.000000
92 63 0.000000
93 65 1.000000
93 65 0.000000
93 65 1.000000
189 124 0.000000
189 124 1.000000
189 124 0.000000
188 122 0.000000
188 122 1.000000
188 122 0.000000
188 123 0.000000
188 123 1.000000
188 123 0.000000
187 122 0.000000
187 122 1.000000
187 122 0.000000
186 121 0.000000
186 121 1.000000
186 121 0.000000
185 120 0.000000
185 120 1.000000
185 120 0.000000
192 121 0.000000
192 121 1.000000
192 121 0.000000
193 123 0.000000
193 123 1.000000
193 123 0.000000
194 122 0.000000
194 122 1.000000
194 122 0.000000
192 124 0.000000
192 124 1.000000
192 124 0.000000
90 70 0.000000
90 70 1.000000
90 70 0.000000
90 70 1.000000
90 70 0.000000
90 70 1.000000
88 69 0.000000
88 69 1.000000
88 69 0.000000
90 70 0.000000
90 70 1.000000
90 70 0.000000
89 70 0.000000
89 70 1.000000
89 70 0.000000
89 70 1.000000
89 70 0.000000
89 70 1.000000
88 69 1.000000
88 69 0.000000
88 69 1.000000
90 70 1.000000
90 70 0.000000
90 70 1.000000
93 68 0.000000
93 68 1.000000
93 68 0.000000
94 69 0.000000
94 69 1.000000
94 69 0.000000
94 70 0.000000
94 70 1.000000
94 70 0.000000
166 95 0.000000
166 95 1.000000
166 95 0.000000
165 93 0.000000
165 93 1.000000
165 93 0.000000
164 91 0.000000
164 91 1.000000
164 91 0.000000
163 89 0.000000
163 89 1.000000
163 89 0.000000
161 86 0.000000
161 86 1.000000
161 86 0.000000
435 157 1.000000
29 21 0.000000
30 21 0.000000
31 21 0.000000
31 20 0.000000
30 20 0.000000
29 20 0.000000
30 15 0.000000
31 15 0.000000
31 10 0.000000
31 11 0.000000
31 12 0.000000
32 12 0.000000
32 13 0.000000
33 13 0.000000
33 14 0.000000
33 15 0.000000
33 16 0.000000
32 19 0.000000
32 17 0.000000
32 16 0.000000
32 15 0.000000
32 14 0.000000
31 25 0.000000
30 24 0.000000
29 23 0.000000
28 22 0.000000
27 21 0.000000
18 12 0.000000
17 11 0.000000
15 10 0.000000
12 8 1.000000
7 6 1.000000
0 6 1.000000
0 6 0.000000
0 6 1.000000
3 5 1.000000
4 5 1.000000
10 7 0.000000
13 8 0.000000
27 21 1.000000
58 32 0.000000
59 32 0.000000
59 32 1.000000
59 32 0.000000
59 32 1.000000
59 32 0.000000
60 31 0.000000
58 31 0.000000
59 31 0.000000
60 32 0.000000
51 36 1.000000
48 35 1.000000
49 35 1.000000
46 35 0.000000
45 35 0.000000
43 34 0.000000
41 33 0.000000
40 33 0.000000
38 32 0.000000
35 29 0.000000
34 28 0.000000
44 31 0.000000
45 31 0.000000
46 31 0.000000
47 31 0.000000
48 31 1.000000
48 31 0.000000
48 30 0.000000
44 30 0.000000
45 30 0.000000
46 30 0.000000
47 30 0.000000
47 35 1.000000
112 44 0.000000
111 42 1.000000
110 41 1.000000
111 41 1.000000
110 40 1.000000
109 39 1.000000
108 39 1.000000
108 38 1.000000
109 38 1.000000
110 38 1.000000
110 37 1.000000
105 56 1.000000
101 55 1.000000
96 61 0.000000
97 61 0.000000
97 62 0.000000
94 61 0.000000
93 60 0.000000
94 58 0.000000
95 60 0.000000
104 52 0.000000
109 51 0.000000
119 47 0.000000
155 38 0.000000
154 38 0.000000
152 37 0.000000
150 36 0.000000
147 36 0.000000
145 36 0.000000
146 36 0.000000
135 32 1.000000
131 32 0.000000
132 32 0.000000
124 47 0.000000
125 46 0.000000
158 37 0.000000
159 37 0.000000
160 37 0.000000
137 29 0.000000
136 31 0.000000
130 33 1.000000
161 37 1.000000
148 36 0.000000
149 36 0.000000
173 31 1.000000
171 28 1.000000
170 26 1.000000
170 25 1.000000
170 23 1.000000
170 22 1.000000
171 22 1.000000
172 22 1.000000
174 21 1.000000
175 21 1.000000
173 34 1.000000
200 17 1.000000
199 16 1.000000
198 15 1.000000
197 15 1.000000
195 14 1.000000
194 14 1.000000
193 13 1.000000
186 14 1.000000
187 14 1.000000
178 20 1.000000
179 20 1.000000
180 20 1.000000
180 21 1.000000
184 19 1.000000
184 18 1.000000
184 17 1.000000
184 16 1.000000
184 15 1.000000
184 14 1.000000
183 15 1.000000
183 14 1.000000
182 13 1.000000
182 14 1.000000
183 13 1.000000
184 13 1.000000
185 13 1.000000
185 18 1.000000
257 13 1.000000
256 13 1.000000
255 13 1.000000
254 14 1.000000
253 14 1.000000
252 15 1.000000
251 15 1.000000
250 15 1.000000
250 16 1.000000
251 16 1.000000
223 23 1.000000
228 22 1.000000
224 21 0.000000
222 20 1.000000
222 20 0.000000
223 20 0.000000
234 20 1.000000
235 18 1.000000
236 18 1.000000
236 17 1.000000
237 17 1.000000
238 17 1.000000
239 18 1.000000
240 18 1.000000
241 18 1.000000
242 18 1.000000
243 17 1.000000
243 16 1.000000
242 17 1.000000
241 17 1.000000
245 15 1.000000
249 17 1.000000
249 15 1.000000
249 16 1.000000
248 17 1.000000
248 16 1.000000
248 15 1.000000
248 14 1.000000
247 14 1.000000
247 15 1.000000
247 16 1.000000
247 17 1.000000
246 17 1.000000
246 16 1.000000
246 15 1.000000
245 14 1.000000
246 14 1.000000
245 13 1.000000
246 13 1.000000
247 13 1.000000
207 19 1.000000
208 19 1.000000
210 17 1.000000
211 17 1.000000
211 16 1.000000
210 16 1.000000
207 18 1.000000
208 18 1.000000
201 18 1.000000
202 18 1.000000
203 18 1.000000
285 13 1.000000
274 14 1.000000
268 11 1.000000
269 11 1.000000
269 10 1.000000
269 10 0.000000
267 9 1.000000
268 9 1.000000
269 10 1.000000
274 8 0.000000
280 10 0.000000
290 10 0.000000
291 10 0.000000
296 11 0.000000
301 8 1.000000
303 7 1.000000
305 6 1.000000
307 6 0.000000
344 19 1.000000
342 18 1.000000
336 18 0.000000
334 16 0.000000
334 17 0.000000
337 16 0.000000
338 16 0.000000
339 16 0.000000
337 15 0.000000
331 15 1.000000
331 15 0.000000
327 11 1.000000
328 12 1.000000
329 13 1.000000
330 14 1.000000
331 15 1.000000
321 8 0.000000
320 6 0.000000
315 5 0.000000
47 35 0.000000
47 34 0.000000
47 33 0.000000
48 32 0.000000
48 33 0.000000
44 35 0.000000
44 35 1.000000
42 34 0.000000
44 35 0.000000
48 35 0.000000
48 34 0.000000
49 32 0.000000
49 33 0.000000
43 35 0.000000
342 18 0.000000
341 17 0.000000
343 19 0.000000
344 19 0.000000
339 17 0.000000
341 17 1.000000
340 17 0.000000
341 17 0.000000
97 60 0.000000
96 60 0.000000
95 59 0.000000
95 58 0.000000
96 57 0.000000
97 56 0.000000
98 56 0.000000
96 59 0.000000
96 58 0.000000
99 56 0.000000
101 55 0.000000
102 54 1.000000
102 54 0.000000
103 53 0.000000
255 13 0.000000
257 13 0.000000
256 13 0.000000
253 14 0.000000
251 15 0.000000
250 15 0.000000
249 15 0.000000
248 14 0.000000
247 13 0.000000
259 10 0.000000
260 9 0.000000
261 9 0.000000
111 103 0.000000
112 103 0.000000
113 103 0.000000
113 102 0.000000
111 102 0.000000
112 102 0.000000
114 101 0.000000
114 99 0.000000
114 98 0.000000
115 98 0.000000
115 97 0.000000
115 96 0.000000
115 95 0.000000
113 92 0.000000
113 93 0.000000
113 94 0.000000
114 94 0.000000
114 95 0.000000
114 96 0.000000
114 97 0.000000
113 97 0.000000
112 97 0.000000
126 113 0.000000
127 113 0.000000
128 113 0.000000
129 113 0.000000
129 113 1.000000
126 112 0.000000
127 112 0.000000
128 112 0.000000
129 112 0.000000
130 112 0.000000
129 113 0.000000
6 18 1.000000
8 18 1.000000
48 47 1.000000
47 46 1.000000
47 45 1.000000
47 44 1.000000
47 43 1.000000
46 42 0.000000
46 41 0.000000
45 39 0.000000
51 63 0.000000
52 63 0.000000
50 60 0.000000
50 59 0.000000
50 58 0.000000
49 57 0.000000
49 54 1.000000
48 54 1.000000
48 53 1.000000
48 52 1.000000
48 51 1.000000
49 50 1.000000
49 49 1.000000
49 48 1.000000
49 47 1.000000
49 58 0.000000
56 69 1.000000
55 68 0.000000
54 67 0.000000
53 66 0.000000
52 65 0.000000
57 68 1.000000
58 69 1.000000
58 68 1.000000
57 67 1.000000
56 68 1.000000
56 67 1.000000
56 66 1.000000
59 70 1.000000
59 69 1.000000
60 70 1.000000
82 88 1.000000
78 88 1.000000
76 90 1.000000
75 89 1.000000
73 88 1.000000
71 87 0.000000
70 86 0.000000
71 86 0.000000
70 85 0.000000
69 86 0.000000
69 86 1.000000
62 77 1.000000
63 77 1.000000
63 76 1.000000
63 75 1.000000
63 74 1.000000
63 73 1.000000
62 72 1.000000
62 73 1.000000
62 74 1.000000
61 74 1.000000
61 73 1.000000
61 72 1.000000
61 71 1.000000
61 70 1.000000
61 70 0.000000
58 71 1.000000
59 72 1.000000
60 71 1.000000
60 72 1.000000
60 73 1.000000
60 74 1.000000
65 82 0.000000
64 81 0.000000
63 80 0.000000
68 83 0.000000
67 82 0.000000
66 81 0.000000
65 80 0.000000
72 85 0.000000
71 85 0.000000
72 87 0.000000
73 87 0.000000
73 87 1.000000
69 86 0.000000
68 85 0.000000
67 84 0.000000
72 87 1.000000
70 87 0.000000
64 77 1.000000
64 76 1.000000
65 77 1.000000
65 76 1.000000
66 77 1.000000
66 77 0.000000
64 78 1.000000
65 78 1.000000
66 78 1.000000
66 77 1.000000
66 76 1.000000
64 79 1.000000
65 79 1.000000
66 79 1.000000
65 80 1.000000
66 80 1.000000
66 81 1.000000
67 81 1.000000
67 82 1.000000
68 82 1.000000
68 83 1.000000
69 83 1.000000
70 84 1.000000
71 84 1.000000
71 85 1.000000
72 85 1.000000
70 83 1.000000
69 82 1.000000
69 82 0.000000
69 82 1.000000
68 81 1.000000
67 80 1.000000
64 79 0.000000
66 81 0.000000
66 81 1.000000
65 83 0.000000
66 84 0.000000
67 85 0.000000
68 86 0.000000
69 84 1.000000
68 86 1.000000
67 85 1.000000
66 84 1.000000
65 83 1.000000
65 83 0.000000
65 83 1.000000
70 85 1.000000
71 86 1.000000
110 104 0.000000
111 103 0.000000
111 102 0.000000
112 102 0.000000
112 103 0.000000
113 103 0.000000
113 102 0.000000
113 102 1.000000
113 92 0.000000
113 93 0.000000
113 94 0.000000
114 94 0.000000
114 95 0.000000
115 95 0.000000
115 96 0.000000
114 96 0.000000
112 97 0.000000
113 97 0.000000
114 99 0.000000
114 98 0.000000
114 97 0.000000
115 97 0.000000
115 98 0.000000
113 102 0.000000
114 101 0.000000
72 93 0.000000
85 87 1.000000
86 87 1.000000
89 88 1.000000
93 89 1.000000
94 90 1.000000
97 92 0.000000
72 93 1.000000
140 114 0.000000
141 114 0.000000
142 114 0.000000
142 113 0.000000
141 113 0.000000
141 113 1.000000
141 113 0.000000
140 113 0.000000
126 113 0.000000
127 113 0.000000
128 113 0.000000
129 113 0.000000
130 112 0.000000
129 112 0.000000
128 112 0.000000
127 112 0.000000
126 112 0.000000
133 118 1.000000
131 117 1.000000
131 117 0.000000
131 117 1.000000
130 117 1.000000
129 117 1.000000
128 117 0.000000
127 117 0.000000
125 116 0.000000
123 115 0.000000
122 115 0.000000
120 114 0.000000
117 111 0.000000
116 110 0.000000
112 106 0.000000
111 105 0.000000
113 107 0.000000
161 123 0.000000
160 122 0.000000
194 126 0.000000
191 133 0.000000
186 134 0.000000
178 143 0.000000
178 143 1.000000
179 143 0.000000
178 143 0.000000
176 143 0.000000
175 142 0.000000
187 138 1.000000
176 140 0.000000
183 137 1.000000
193 124 1.000000
193 123 1.000000
192 123 1.000000
192 122 1.000000
192 122 0.000000
192 122 1.000000
190 121 1.000000
190 120 1.000000
191 121 1.000000
191 121 0.000000
192 119 1.000000
192 120 1.000000
191 120 1.000000
191 121 1.000000
187 117 1.000000
187 116 1.000000
212 115 1.000000
217 114 1.000000
219 111 0.000000
206 129 0.000000
207 128 0.000000
255 113 1.000000
254 113 1.000000
253 110 1.000000
252 108 1.000000
252 107 1.000000
252 105 1.000000
252 104 1.000000
253 104 1.000000
254 104 1.000000
255 103 1.000000
256 103 1.000000
257 103 1.000000
260 102 1.000000
261 102 1.000000
262 102 1.000000
262 103 1.000000
260 102 0.000000
255 116 1.000000
250 118 0.000000
243 119 1.000000
240 119 0.000000
241 119 0.000000
237 120 0.000000
236 120 0.000000
234 119 0.000000
232 118 0.000000
242 119 0.000000
260 102 1.000000
289 101 1.000000
290 101 1.000000
289 100 1.000000
290 100 1.000000
292 99 1.000000
293 99 1.000000
293 98 1.000000
292 98 1.000000
292 97 1.000000
291 97 1.000000
291 98 1.000000
283 100 1.000000
284 100 1.000000
285 100 1.000000
282 99 1.000000
281 98 1.000000
280 97 1.000000
279 97 1.000000
277 96 1.000000
276 96 1.000000
275 95 1.000000
275 94 1.000000
274 94 1.000000
270 95 1.000000
269 96 1.000000
268 96 1.000000
266 95 1.000000
266 96 1.000000
266 97 1.000000
265 97 1.000000
263 96 1.000000
264 96 1.000000
265 96 1.000000
265 95 1.000000
264 95 1.000000
263 95 1.000000
262 96 1.000000
262 95 1.000000
266 101 1.000000
266 100 1.000000
267 100 1.000000
266 99 1.000000
266 98 1.000000
291 98 0.000000
291 97 0.000000
292 97 0.000000
310 104 1.000000
305 102 0.000000
305 105 1.000000
306 103 0.000000
426 101 1.000000
424 100 1.000000
419 98 0.000000
419 98 1.000000
421 98 0.000000
420 98 0.000000
419 98 0.000000
419 98 1.000000
419 98 0.000000
419 97 0.000000
416 99 0.000000
416 98 0.000000
414 96 1.000000
413 97 1.000000
412 96 1.000000
411 95 1.000000
410 94 1.000000
409 93 1.000000
403 90 0.000000
418 100 0.000000
397 87 0.000000
397 87 1.000000
397 87 0.000000
387 88 1.000000
385 89 1.000000
383 90 1.000000
382 90 1.000000
373 92 0.000000
372 92 0.000000
367 95 1.000000
368 93 0.000000
369 93 0.000000
380 91 0.000000
389 88 0.000000
362 92 0.000000
356 96 1.000000
350 93 1.000000
351 93 1.000000
351 92 1.000000
349 92 0.000000
350 91 1.000000
350 92 0.000000
349 91 1.000000
349 92 1.000000
350 92 1.000000
339 95 1.000000
338 95 1.000000
338 95 0.000000
337 95 1.000000
338 95 1.000000
336 96 1.000000
335 96 1.000000
334 97 1.000000
333 97 1.000000
332 97 1.000000
331 97 1.000000
331 99 1.000000
331 98 1.000000
332 98 1.000000
333 98 1.000000
330 99 1.000000
330 98 1.000000
330 97 1.000000
330 96 1.000000
329 96 1.000000
329 95 1.000000
328 95 1.000000
327 95 1.000000
327 96 1.000000
327 97 1.000000
328 96 1.000000
328 97 1.000000
329 97 1.000000
329 98 1.000000
329 99 1.000000
328 99 1.000000
328 98 1.000000
325 98 1.000000
325 99 1.000000
324 99 1.000000
324 100 1.000000
323 100 1.000000
322 100 1.000000
321 100 1.000000
318 100 1.000000
317 100 1.000000
316 102 1.000000
41 37 1.000000
41 36 1.000000
40 36 1.000000
39 36 1.000000
39 37 1.000000
38 36 1.000000
37 36 1.000000
36 36 1.000000
35 36 1.000000
34 36 1.000000
31 37 1.000000
28 37 1.000000
27 37 1.000000
25 36 1.000000
23 36 1.000000
22 36 1.000000
21 36 1.000000
20 36 1.000000
19 36 1.000000
15 36 1.000000
13 35 1.000000
12 35 1.000000
11 35 1.000000
10 35 1.000000
9 35 1.000000
8 35 1.000000
7 35 1.000000
6 35 1.000000
4 35 1.000000
2 35 1.000000
0 35 1.000000
1 35 1.000000
3 35 1.000000
51 40 1.000000
49 39 1.000000
42 36 1.000000
33 36 1.000000
68 51 1.000000
66 49 1.000000
64 48 1.000000
59 45 1.000000
56 42 1.000000
54 41 1.000000
53 41 1.000000
99 111 1.000000
99 110 1.000000
99 109 1.000000
99 108 1.000000
99 107 1.000000
99 106 1.000000
98 106 1.000000
97 105 1.000000
97 106 1.000000
97 107 1.000000
98 109 1.000000
98 108 1.000000
96 108 1.000000
96 107 1.000000
96 106 1.000000
98 107 1.000000
95 104 1.000000
95 103 1.000000
95 102 1.000000
96 102 1.000000
95 101 1.000000
95 100 1.000000
95 99 1.000000
95 98 1.000000
97 100 1.000000
98 99 1.000000
98 98 1.000000
97 98 1.000000
97 97 1.000000
97 96 1.000000
98 95 1.000000
98 94 1.000000
97 93 1.000000
97 92 1.000000
96 92 1.000000
95 92 1.000000
95 91 1.000000
95 90 1.000000
95 89 1.000000
95 88 1.000000
95 87 1.000000
94 86 1.000000
94 85 1.000000
94 84 1.000000
93 85 1.000000
93 86 1.000000
93 87 1.000000
93 89 1.000000
93 90 1.000000
93 91 1.000000
95 96 1.000000
95 95 1.000000
97 95 1.000000
97 94 1.000000
96 94 1.000000
96 93 1.000000
95 94 1.000000
95 93 1.000000
94 94 1.000000
94 93 1.000000
94 92 1.000000
94 91 1.000000
94 90 1.000000
94 89 1.000000
94 88 1.000000
94 87 1.000000
92 83 0.000000
91 77 0.000000
105 130 0.000000
106 131 0.000000
104 129 0.000000
105 128 0.000000
105 127 0.000000
104 126 0.000000
104 125 0.000000
104 125 1.000000
102 126 0.000000
101 124 0.000000
104 125 0.000000
103 124 0.000000
98 112 0.000000
99 112 0.000000
99 112 1.000000
98 113 0.000000
99 113 0.000000
99 112 0.000000
99 112 1.000000
100 119 0.000000
100 118 0.000000
99 118 0.000000
99 117 0.000000
98 116 0.000000
98 115 0.000000
98 114 0.000000
99 114 0.000000
99 115 0.000000
100 115 0.000000
100 117 0.000000
100 116 0.000000
99 116 0.000000
99 112 0.000000
124 150 1.000000
125 149 1.000000
125 148 1.000000
125 147 1.000000
125 146 1.000000
125 145 1.000000
125 144 1.000000
125 144 0.000000
125 144 1.000000
124 143 1.000000
123 142 1.000000
123 141 1.000000
122 140 1.000000
121 139 1.000000
120 138 1.000000
119 138 1.000000
118 137 1.000000
117 136 1.000000
117 136 0.000000
111 137 1.000000
110 136 0.000000
109 134 0.000000
109 135 0.000000
109 135 1.000000
112 135 1.000000
111 134 1.000000
110 133 1.000000
109 132 1.000000
108 131 1.000000
107 130 1.000000
106 129 1.000000
105 128 1.000000
106 128 1.000000
107 127 1.000000
108 127 1.000000
109 127 1.000000
109 128 1.000000
109 129 1.000000
110 129 1.000000
111 130 1.000000
112 131 1.000000
113 132 1.000000
114 133 1.000000
115 134 1.000000
116 135 1.000000
117 136 1.000000
117 137 1.000000
117 140 1.000000
117 139 1.000000
117 138 1.000000
116 139 1.000000
116 138 1.000000
116 137 1.000000
116 136 1.000000
115 138 1.000000
115 137 1.000000
115 136 1.000000
115 135 1.000000
114 136 1.000000
114 135 1.000000
114 134 1.000000
112 137 1.000000
112 136 1.000000
112 134 1.000000
112 133 1.000000
112 132 1.000000
113 133 1.000000
113 134 1.000000
113 135 1.000000
111 136 1.000000
111 135 1.000000
109 135 0.000000
108 134 0.000000
111 133 1.000000
111 132 1.000000
111 131 1.000000
110 132 1.000000
110 131 1.000000
110 130 1.000000
109 131 1.000000
109 130 1.000000
108 130 1.000000
108 129 1.000000
107 129 1.000000
107 128 1.000000
108 128 1.000000
105 131 0.000000
106 132 0.000000
124 149 1.000000
125 150 1.000000
124 148 1.000000
124 147 1.000000
124 146 1.000000
124 145 1.000000
124 144 1.000000
123 143 1.000000
123 144 1.000000
123 145 1.000000
123 146 1.000000
123 147 1.000000
123 148 1.000000
122 149 1.000000
122 148 1.000000
122 147 1.000000
122 146 1.000000
122 145 1.000000
122 144 1.000000
122 143 1.000000
122 142 1.000000
122 141 1.000000
121 140 1.000000
121 141 1.000000
121 142 1.000000
121 143 1.000000
121 144 1.000000
121 145 1.000000
121 146 1.000000
121 147 1.000000
121 148 1.000000
120 148 1.000000
120 147 1.000000
120 146 1.000000
119 147 1.000000
120 145 1.000000
119 144 1.000000
120 144 1.000000
119 143 1.000000
120 143 1.000000
119 142 1.000000
120 142 1.000000
119 141 1.000000
119 140 1.000000
119 139 1.000000
120 139 1.000000
120 140 1.000000
120 141 1.000000
118 138 1.000000
118 139 1.000000
118 140 1.000000
118 141 1.000000
118 145 1.000000
118 144 1.000000
118 143 1.000000
116 143 1.000000
116 142 1.000000
115 141 1.000000
117 143 1.000000
118 142 1.000000
122 151 1.000000
122 151 0.000000
122 151 1.000000
122 151 0.000000
122 151 1.000000
125 151 1.000000
126 151 1.000000
124 151 1.000000
103 128 0.000000
105 127 1.000000
106 127 1.000000
104 130 0.000000
104 127 1.000000
143 174 0.000000
142 174 0.000000
141 173 0.000000
141 172 0.000000
140 172 0.000000
139 171 0.000000
138 171 0.000000
137 170 0.000000
139 169 1.000000
138 169 1.000000
138 168 1.000000
137 168 1.000000
135 169 0.000000
134 168 0.000000
133 167 0.000000
132 166 0.000000
134 166 0.000000
135 166 0.000000
136 167 0.000000
129 163 0.000000
130 163 0.000000
130 164 0.000000
131 165 0.000000
132 165 0.000000
134 165 0.000000
134 164 0.000000
133 164 0.000000
133 163 0.000000
133 164 1.000000
133 163 1.000000
133 162 1.000000
133 161 1.000000
133 160 1.000000
133 159 1.000000
133 158 1.000000
132 151 1.000000
132 152 1.000000
132 153 1.000000
132 154 1.000000
132 155 1.000000
132 156 1.000000
132 157 1.000000
132 158 1.000000
132 159 1.000000
132 160 1.000000
132 161 1.000000
131 161 1.000000
131 160 1.000000
131 159 1.000000
131 158 1.000000
131 157 1.000000
131 156 1.000000
131 155 1.000000
131 154 1.000000
131 153 1.000000
131 152 1.000000
130 152 1.000000
129 151 1.000000
128 151 1.000000
127 151 1.000000
127 152 1.000000
127 153 1.000000
127 154 1.000000
127 155 1.000000
127 156 1.000000
127 157 1.000000
127 158 1.000000
128 158 1.000000
128 159 1.000000
129 159 1.000000
129 158 1.000000
129 157 1.000000
129 156 1.000000
129 155 1.000000
129 154 1.000000
129 153 1.000000
129 152 1.000000
128 152 1.000000
128 153 1.000000
128 154 1.000000
128 155 1.000000
128 156 1.000000
128 157 1.000000
128 157 0.000000
122 152 1.000000
123 153 1.000000
123 152 1.000000
124 152 1.000000
124 155 1.000000
124 154 1.000000
124 153 1.000000
125 152 1.000000
126 152 1.000000
126 153 1.000000
126 154 1.000000
126 155 1.000000
128 157 1.000000
130 153 1.000000
130 154 1.000000
130 155 1.000000
130 156 1.000000
130 157 1.000000
130 158 1.000000
130 159 1.000000
130 160 1.000000
134 166 1.000000
134 166 0.000000
134 166 1.000000
135 167 1.000000
135 166 1.000000
135 165 1.000000
135 164 1.000000
135 163 1.000000
135 162 1.000000
135 161 1.000000
135 160 1.000000
134 159 1.000000
134 160 1.000000
134 161 1.000000
134 162 1.000000
134 163 1.000000
134 164 1.000000
134 165 1.000000
133 165 1.000000
136 167 1.000000
136 166 1.000000
136 165 1.000000
136 164 1.000000
136 163 1.000000
136 162 1.000000
136 161 1.000000
136 161 0.000000
143 168 1.000000
142 168 1.000000
142 167 1.000000
141 167 1.000000
141 166 1.000000
141 165 1.000000
140 165 1.000000
140 166 1.000000
140 167 1.000000
139 167 1.000000
139 166 1.000000
139 165 1.000000
139 164 1.000000
138 163 1.000000
138 162 1.000000
137 162 1.000000
137 163 1.000000
137 164 1.000000
138 164 1.000000
138 165 1.000000
138 166 1.000000
138 167 1.000000
137 167 1.000000
137 166 1.000000
137 165 1.000000
152 180 1.000000
152 179 1.000000
151 179 1.000000
151 178 1.000000
150 178 1.000000
150 177 1.000000
149 178 1.000000
149 177 1.000000
148 177 1.000000
147 176 1.000000
145 175 1.000000
144 174 1.000000
140 171 0.000000
139 172 0.000000
159 177 1.000000
153 179 1.000000
153 178 1.000000
154 177 1.000000
154 176 1.000000
155 176 1.000000
154 175 1.000000
155 175 1.000000
156 175 1.000000
156 174 1.000000
157 174 1.000000
158 173 1.000000
159 173 1.000000
159 172 1.000000
159 171 1.000000
160 176 1.000000
125 155 1.000000
125 155 0.000000
125 155 1.000000
125 155 0.000000
125 155 1.000000
126 156 1.000000
125 158 0.000000
126 159 0.000000
126 160 0.000000
127 161 0.000000
128 162 0.000000
136 161 1.000000
132 151 0.000000
131 151 1.000000
133 151 1.000000
132 151 1.000000
133 151 0.000000
192 182 0.000000
192 182 1.000000
196 185 0.000000
195 184 0.000000
194 184 0.000000
193 183 0.000000
192 182 0.000000
191 181 1.000000
191 180 1.000000
191 180 0.000000
163 175 1.000000
164 175 1.000000
165 175 1.000000
168 175 1.000000
168 175 0.000000
172 170 1.000000
170 170 1.000000
169 170 1.000000
168 175 1.000000
169 174 1.000000
170 174 1.000000
170 175 1.000000
171 175 1.000000
171 174 1.000000
172 174 1.000000
176 175 1.000000
174 174 1.000000
182 177 1.000000
182 176 1.000000
188 180 1.000000
189 180 1.000000
191 180 1.000000
334 219 1.000000
190 179 1.000000
188 178 1.000000
186 177 1.000000
153 178 0.000000
223 207 0.000000
224 207 0.000000
224 206 0.000000
224 205 0.000000
224 204 0.000000
220 203 0.000000
221 202 0.000000
221 203 0.000000
221 204 0.000000
222 203 0.000000
223 203 0.000000
223 204 0.000000
222 204 0.000000
222 205 0.000000
222 206 0.000000
223 206 0.000000
223 205 0.000000
225 206 0.000000
225 205 0.000000
225 204 0.000000
225 203 0.000000
226 205 0.000000
227 205 0.000000
226 204 0.000000
227 204 0.000000
227 203 0.000000
228 202 0.000000
228 201 0.000000
228 200 0.000000
228 199 0.000000
229 199 0.000000
228 198 0.000000
229 198 0.000000
228 197 0.000000
229 197 0.000000
228 196 0.000000
229 196 0.000000
228 195 0.000000
229 195 0.000000
228 194 0.000000
227 194 0.000000
227 193 0.000000
227 192 0.000000
226 193 0.000000
225 193 0.000000
224 193 0.000000
223 193 0.000000
222 191 0.000000
223 192 0.000000
224 192 0.000000
224 183 0.000000
224 185 0.000000
225 183 0.000000
226 183 0.000000
226 184 0.000000
225 184 0.000000
225 185 0.000000
226 185 0.000000
227 185 0.000000
227 186 0.000000
226 186 0.000000
225 186 0.000000
225 187 0.000000
226 187 0.000000
226 188 0.000000
227 189 0.000000
227 188 0.000000
227 187 0.000000
228 187 0.000000
228 188 0.000000
229 188 0.000000
229 189 0.000000
228 189 0.000000
228 190 0.000000
229 190 0.000000
229 191 0.000000
228 191 0.000000
228 192 0.000000
228 193 0.000000
229 194 0.000000
229 193 0.000000
229 192 0.000000
230 192 0.000000
230 193 0.000000
230 194 0.000000
230 195 0.000000
230 195 1.000000
230 195 0.000000
230 195 1.000000
230 195 0.000000
219 206 0.000000
218 205 0.000000
215 201 0.000000
231 194 0.000000
231 193 0.000000
227 215 0.000000
226 214 0.000000
225 213 0.000000
224 212 0.000000
258 227 0.000000
258 226 0.000000
258 225 0.000000
258 224 0.000000
258 223 0.000000
259 223 0.000000
259 224 0.000000
258 224 1.000000
257 222 0.000000
257 223 0.000000
257 224 0.000000
257 225 0.000000
257 226 0.000000
258 224 0.000000
256 222 0.000000
255 222 0.000000
255 223 0.000000
255 224 0.000000
255 225 0.000000
255 226 0.000000
256 226 0.000000
256 225 0.000000
256 224 0.000000
256 223 0.000000
253 223 0.000000
253 224 0.000000
253 225 0.000000
253 226 0.000000
254 226 0.000000
254 225 0.000000
254 224 0.000000
254 223 0.000000
252 223 0.000000
252 224 0.000000
252 225 0.000000
251 225 0.000000
251 224 0.000000
251 223 0.000000
250 224 0.000000
250 225 0.000000
239 227 0.000000
241 228 0.000000
243 229 0.000000
244 229 0.000000
246 230 0.000000
248 231 0.000000
249 231 0.000000
251 232 0.000000
252 232 0.000000
253 233 0.000000
253 232 0.000000
254 233 0.000000
255 233 0.000000
257 234 0.000000
257 233 0.000000
257 233 1.000000
259 234 1.000000
260 234 1.000000
262 234 1.000000
273 233 1.000000
268 236 1.000000
267 236 1.000000
266 236 1.000000
265 236 1.000000
264 235 1.000000
263 235 1.000000
263 234 1.000000
264 225 1.000000
262 226 1.000000
256 231 0.000000
256 233 0.000000
257 233 0.000000
258 234 1.000000
256 234 0.000000
256 232 0.000000
279 228 0.000000
280 228 0.000000
281 228 0.000000
282 227 0.000000
283 227 0.000000
284 227 0.000000
284 226 0.000000
285 226 0.000000
286 226 0.000000
287 226 0.000000
281 225 1.000000
281 227 0.000000
282 228 0.000000
269 224 1.000000
270 224 1.000000
272 224 1.000000
273 224 1.000000
276 224 1.000000
293 227 1.000000
298 228 0.000000
268 224 1.000000
331 260 1.000000
329 257 1.000000
328 255 1.000000
327 253 1.000000
326 252 1.000000
325 250 1.000000
318 242 1.000000
316 240 1.000000
311 236 1.000000
295 227 1.000000
333 264 1.000000
406 260 1.000000
405 260 1.000000
404 260 1.000000
403 260 1.000000
403 261 1.000000
404 261 1.000000
404 261 0.000000
404 261 1.000000
402 259 1.000000
402 258 1.000000
399 256 1.000000
397 253 0.000000
397 247 1.000000
396 247 1.000000
396 246 1.000000
395 246 1.000000
385 248 1.000000
385 247 1.000000
385 246 1.000000
385 245 1.000000
386 245 1.000000
384 247 1.000000
384 246 1.000000
384 245 1.000000
383 246 1.000000
383 245 1.000000
382 245 1.000000
382 244 1.000000
383 244 1.000000
382 243 1.000000
383 243 1.000000
385 241 1.000000
385 240 1.000000
385 239 1.000000
385 238 1.000000
384 237 1.000000
383 237 1.000000
383 238 1.000000
384 238 1.000000
384 239 1.000000
384 240 1.000000
384 241 1.000000
383 242 1.000000
382 242 1.000000
382 241 1.000000
382 240 1.000000
382 239 1.000000
382 238 1.000000
383 239 1.000000
383 240 1.000000
383 241 1.000000
380 243 1.000000
381 243 1.000000
380 242 1.000000
381 242 1.000000
379 242 1.000000
379 241 1.000000
380 241 1.000000
381 241 1.000000
381 240 1.000000
380 240 1.000000
373 241 0.000000
374 241 0.000000
372 240 1.000000
372 239 1.000000
372 238 1.000000
373 235 1.000000
373 234 1.000000
373 233 1.000000
373 232 1.000000
373 231 1.000000
374 232 1.000000
374 231 1.000000
375 231 1.000000
374 230 1.000000
375 230 1.000000
375 229 1.000000
374 228 1.000000
374 227 1.000000
375 227 1.000000
375 228 1.000000
374 226 1.000000
375 226 1.000000
379 227 1.000000
380 227 1.000000
381 227 1.000000
381 228 1.000000
384 229 1.000000
385 229 1.000000
384 228 1.000000
385 228 1.000000
384 227 1.000000
385 227 1.000000
386 228 1.000000
387 229 1.000000
388 230 1.000000
389 231 1.000000
389 232 1.000000
388 231 1.000000
387 230 1.000000
390 240 1.000000
386 230 1.000000
389 255 1.000000
389 254 1.000000
394 265 1.000000
386 229 1.000000
389 230 1.000000
389 236 1.000000
374 228 0.000000
350 284 0.000000
349 283 0.000000
348 283 0.000000
347 282 0.000000
346 281 0.000000
345 280 0.000000
344 279 0.000000
343 278 0.000000
342 277 0.000000
369 281 1.000000
370 281 1.000000
369 280 1.000000
370 280 1.000000
392 266 1.000000
391 267 1.000000
373 277 1.000000
373 276 1.000000
373 275 1.000000
363 274 1.000000
364 274 1.000000
365 274 1.000000
365 273 1.000000
366 273 1.000000
367 273 1.000000
367 272 1.000000
369 269 1.000000
370 269 0.000000
372 266 1.000000
371 266 1.000000
370 266 1.000000
370 267 1.000000
370 268 1.000000
370 269 1.000000
351 285 0.000000
351 282 1.000000
349 284 0.000000
386 264 0.000000
353 288 0.000000
354 288 0.000000
356 287 0.000000
356 286 0.000000
357 286 0.000000
358 285 0.000000
355 288 0.000000
355 286 0.000000
352 286 0.000000
351 283 0.000000
351 282 0.000000
410 258 1.000000
409 258 1.000000
409 259 1.000000
408 259 1.000000
408 258 1.000000
407 258 1.000000
407 259 1.000000
412 257 0.000000
412 256 0.000000
413 256 0.000000
416 254 1.000000
423 244 1.000000
423 245 1.000000
422 247 1.000000
390 255 0.000000
400 248 1.000000
400 247 1.000000
401 246 1.000000
401 245 1.000000
400 245 1.000000
400 246 1.000000
399 246 1.000000
399 247 1.000000
398 247 1.000000
390 255 1.000000
429 228 1.000000
430 228 1.000000
432 227 1.000000
433 227 1.000000
433 226 1.000000
446 233 0.000000
445 231 1.000000
445 230 1.000000
444 228 1.000000
444 227 1.000000
443 226 1.000000
422 238 1.000000
422 237 1.000000
422 242 1.000000
422 241 1.000000
421 235 1.000000
421 234 1.000000
421 233 1.000000
422 233 1.000000
422 232 1.000000
424 231 0.000000
423 230 1.000000
424 230 1.000000
424 231 1.000000
423 231 1.000000
423 229 1.000000
424 229 1.000000
424 228 1.000000
425 228 1.000000
424 227 1.000000
425 227 1.000000
422 236 1.000000
433 226 0.000000
485 238 1.000000
486 238 1.000000
486 237 1.000000
486 236 1.000000
487 236 1.000000
487 235 1.000000
487 234 1.000000
487 233 1.000000
486 233 1.000000
486 234 1.000000
485 234 1.000000
485 235 1.000000
486 235 1.000000
484 235 1.000000
484 236 1.000000
485 237 1.000000
485 236 1.000000
485 236 0.000000
456 235 0.000000
457 235 0.000000
451 235 1.000000
459 235 0.000000
463 235 0.000000
469 238 0.000000
468 237 0.000000
477 239 1.000000
479 238 0.000000
485 236 1.000000
488 236 1.000000
491 236 0.000000
492 236 0.000000
496 236 1.000000
497 236 1.000000
496 236 0.000000
500 235 0.000000
504 233 0.000000
510 230 1.000000
511 229 1.000000
511 228 1.000000
511 227 1.000000
510 226 1.000000
509 226 1.000000
508 226 1.000000
508 225 1.000000
509 225 1.000000
507 225 1.000000
507 224 1.000000
508 224 1.000000
507 223 1.000000
506 222 1.000000
505 220 1.000000
505 219 1.000000
505 218 1.000000
504 217 1.000000
504 216 1.000000
503 214 1.000000
502 214 1.000000
502 213 1.000000
503 213 1.000000
502 212 1.000000
503 212 1.000000
502 211 1.000000
503 211 1.000000
502 210 1.000000
503 210 1.000000
503 209 1.000000
503 208 1.000000
504 208 1.000000
504 207 1.000000
505 207 1.000000
506 207 1.000000
506 208 1.000000
507 208 1.000000
507 207 1.000000
508 207 1.000000
509 206 1.000000
509 207 1.000000
508 208 1.000000
510 205 1.000000
511 205 1.000000
512 205 1.000000
513 205 1.000000
514 205 1.000000
515 205 1.000000
516 205 1.000000
517 205 1.000000
518 205 1.000000
518 204 1.000000
518 203 1.000000
519 203 1.000000
520 203 1.000000
521 203 1.000000
522 203 1.000000
522 202 1.000000
523 202 1.000000
524 202 1.000000
525 202 1.000000
525 203 1.000000
524 203 1.000000
523 203 1.000000
523 204 1.000000
524 204 1.000000
523 205 1.000000
522 205 1.000000
522 204 1.000000
519 204 1.000000
519 205 1.000000
520 205 1.000000
520 204 1.000000
521 204 1.000000
521 205 1.000000
529 203 1.000000
528 203 1.000000
527 202 1.000000
527 203 1.000000
526 202 1.000000
564 198 1.000000
564 197 1.000000
564 196 1.000000
563 196 1.000000
563 195 1.000000
562 195 1.000000
561 194 1.000000
560 194 1.000000
559 194 1.000000
559 193 1.000000
558 193 1.000000
558 194 1.000000
559 195 1.000000
560 195 1.000000
561 195 1.000000
561 196 1.000000
562 196 1.000000
562 197 1.000000
563 197 1.000000
567 199 1.000000
566 199 1.000000
557 193 1.000000
556 193 1.000000
555 193 1.000000
554 192 1.000000
554 191 1.000000
554 190 1.000000
553 190 1.000000
552 190 1.000000
551 190 1.000000
550 190 1.000000
550 189 1.000000
551 191 1.000000
552 191 1.000000
553 191 1.000000
553 193 1.000000
554 193 1.000000
552 192 1.000000
553 192 1.000000
550 188 1.000000
550 187 1.000000
550 186 1.000000
550 185 1.000000
549 185 1.000000
549 186 1.000000
548 186 1.000000
548 187 1.000000
548 188 1.000000
549 188 1.000000
549 187 1.000000
547 187 1.000000
547 188 1.000000
546 188 1.000000
545 188 1.000000
544 188 1.000000
541 189 1.000000
540 189 1.000000
539 189 1.000000
540 190 1.000000
538 191 1.000000
538 190 1.000000
539 190 1.000000
537 191 1.000000
536 190 1.000000
537 190 1.000000
535 190 1.000000
535 191 1.000000
536 191 1.000000
534 191 1.000000
534 190 1.000000
533 190 1.000000
532 190 1.000000
531 189 1.000000
530 189 1.000000
530 190 1.000000
531 190 1.000000
527 189 1.000000
526 189 1.000000
525 189 1.000000
524 189 1.000000
524 190 1.000000
523 191 1.000000
523 190 1.000000
524 192 1.000000
524 191 1.000000
524 191 0.000000
526 193 1.000000
527 193 1.000000
527 192 1.000000
526 192 1.000000
525 192 1.000000
524 191 1.000000
525 191 1.000000
525 190 1.000000
526 190 1.000000
526 191 1.000000
527 191 1.000000
527 190 1.000000
528 190 1.000000
529 190 1.000000
528 193 1.000000
529 194 1.000000
529 193 1.000000
529 192 1.000000
529 191 1.000000
528 191 1.000000
528 192 1.000000
530 195 1.000000
530 194 1.000000
530 192 1.000000
530 193 1.000000
530 191 1.000000
531 191 1.000000
532 191 1.000000
533 191 1.000000
532 192 1.000000
531 192 1.000000
531 193 1.000000
531 194 1.000000
531 195 1.000000
531 196 1.000000
530 196 1.000000
530 197 1.000000
529 198 1.000000
529 197 1.000000
531 202 1.000000
531 201 1.000000
530 200 1.000000
530 199 1.000000
532 196 1.000000
532 197 1.000000
532 198 1.000000
532 199 1.000000
532 201 1.000000
532 200 1.000000
533 200 1.000000
533 199 1.000000
533 198 1.000000
533 197 1.000000
530 198 1.000000
530 198 0.000000
531 200 1.000000
531 199 1.000000
531 198 1.000000
530 198 1.000000
530 198 0.000000
530 198 1.000000
531 197 1.000000
598 203 0.000000
597 202 1.000000
596 201 1.000000
587 207 1.000000
588 206 1.000000
588 205 1.000000
575 200 1.000000
576 200 1.000000
576 199 1.000000
576 199 0.000000
577 197 1.000000
578 197 1.000000
578 198 1.000000
577 198 1.000000
576 198 1.000000
576 199 1.000000
577 199 1.000000
577 201 1.000000
578 201 1.000000
578 200 1.000000
579 199 1.000000
579 200 1.000000
579 201 1.000000
579 202 1.000000
580 202 1.000000
580 201 1.000000
580 200 1.000000
580 199 1.000000
581 199 1.000000
582 198 1.000000
581 200 1.000000
577 200 1.000000
578 199 1.000000
574 200 1.000000
571 200 1.000000
570 200 1.000000
569 200 1.000000
568 199 1.000000
569 199 1.000000
590 194 1.000000
589 194 1.000000
588 194 1.000000
587 194 1.000000
586 194 1.000000
585 193 1.000000
584 193 1.000000
583 193 1.000000
582 193 1.000000
581 193 1.000000
581 194 1.000000
582 195 1.000000
583 195 1.000000
582 196 1.000000
582 197 1.000000
583 197 1.000000
584 197 1.000000
585 197 1.000000
586 197 1.000000
586 196 1.000000
586 195 1.000000
587 195 1.000000
585 194 1.000000
585 195 1.000000
583 196 1.000000
584 196 1.000000
585 196 1.000000
585 196 0.000000
582 194 1.000000
583 194 1.000000
584 194 1.000000
584 195 1.000000
585 196 1.000000
591 195 1.000000
608 204 1.000000
611 205 1.000000
609 210 1.000000
609 209 1.000000
610 209 1.000000
612 209 1.000000
613 210 1.000000
623 204 1.000000
625 204 1.000000
625 204 0.000000
628 205 0.000000
629 204 1.000000
627 205 1.000000
628 205 1.000000
632 204 1.000000
624 204 1.000000
625 204 1.000000
626 203 1.000000
627 203 1.000000
628 202 1.000000
629 202 1.000000
631 200 1.000000
632 200 1.000000
633 200 1.000000
634 200 1.000000
633 199 1.000000
634 199 1.000000
634 198 1.000000
635 198 1.000000
635 197 1.000000
636 197 1.000000
636 198 1.000000
637 198 1.000000
637 199 1.000000
637 200 1.000000
636 200 1.000000
636 199 1.000000
635 199 1.000000
635 200 1.000000
638 198 1.000000
638 199 1.000000
639 197 1.000000
640 197 1.000000
640 198 1.000000
639 198 1.000000
641 198 1.000000
642 198 1.000000
642 199 1.000000
642 200 1.000000
641 200 1.000000
641 199 1.000000
640 199 1.000000
622 204 1.000000
603 203 1.000000
602 202 1.000000
601 202 1.000000
666 196 1.000000
666 195 1.000000
666 194 1.000000
666 193 1.000000
665 193 1.000000
665 194 1.000000
665 195 1.000000
665 196 1.000000
664 196 1.000000
664 195 1.000000
664 194 1.000000
664 193 1.000000
663 193 1.000000
663 194 1.000000
663 195 1.000000
663 196 1.000000
662 197 1.000000
662 196 1.000000
662 195 1.000000
662 194 1.000000
661 193 1.000000
661 193 0.000000
660 193 1.000000
660 192 1.000000
661 193 1.000000
661 194 1.000000
660 194 1.000000
660 195 1.000000
661 195 1.000000
661 196 1.000000
660 196 1.000000
660 197 1.000000
660 198 1.000000
661 198 1.000000
661 197 1.000000
658 199 1.000000
658 198 1.000000
659 198 1.000000
658 197 1.000000
659 197 1.000000
658 196 1.000000
659 195 1.000000
658 195 1.000000
659 194 1.000000
659 193 1.000000
659 192 1.000000
659 191 1.000000
659 190 1.000000
658 189 1.000000
658 190 1.000000
658 191 1.000000
658 192 1.000000
658 193 1.000000
658 194 1.000000
659 196 1.000000
654 188 1.000000
655 188 1.000000
656 188 1.000000
657 188 1.000000
657 189 1.000000
656 189 1.000000
655 189 1.000000
654 189 1.000000
653 189 1.000000
653 190 1.000000
653 191 1.000000
654 191 1.000000
655 191 1.000000
656 191 1.000000
657 191 1.000000
657 192 1.000000
656 192 1.000000
655 192 1.000000
654 192 1.000000
653 192 1.000000
653 193 1.000000
654 193 1.000000
655 193 1.000000
656 193 1.000000
657 193 1.000000
657 194 1.000000
656 194 1.000000
655 194 1.000000
653 194 1.000000
652 194 1.000000
652 195 1.000000
654 194 1.000000
654 195 1.000000
613 212 0.000000
655 211 0.000000
654 212 0.000000
655 211 1.000000
654 212 1.000000
613 212 1.000000
643 198 1.000000
644 198 1.000000
645 198 1.000000
646 197 1.000000
647 197 1.000000
647 198 1.000000
647 199 1.000000
647 200 1.000000
646 200 1.000000
646 199 1.000000
646 198 1.000000
645 200 1.000000
645 199 1.000000
644 199 1.000000
643 199 1.000000
648 199 1.000000
648 198 1.000000
648 197 1.000000
649 196 1.000000
650 196 1.000000
651 196 1.000000
650 197 1.000000
649 198 1.000000
649 197 1.000000
655 195 1.000000
655 196 1.000000
655 197 1.000000
656 198 1.000000
656 197 1.000000
656 196 1.000000
656 195 1.000000
657 195 1.000000
657 196 1.000000
657 197 1.000000
657 198 1.000000
654 190 1.000000
655 190 1.000000
656 190 1.000000
657 190 1.000000
677 189 1.000000
676 189 1.000000
676 188 1.000000
675 188 1.000000
675 189 1.000000
675 190 1.000000
676 190 1.000000
674 189 1.000000
673 189 1.000000
672 189 1.000000
672 190 1.000000
673 190 1.000000
674 190 1.000000
672 191 1.000000
671 192 1.000000
671 191 1.000000
671 190 1.000000
670 190 1.000000
669 190 1.000000
669 191 1.000000
669 192 1.000000
669 193 1.000000
670 192 1.000000
670 191 1.000000
668 192 1.000000
667 192 1.000000
667 193 1.000000
668 193 1.000000
667 194 1.000000
667 195 1.000000
661 193 0.000000
689 201 1.000000
690 181 1.000000
682 181 1.000000
681 182 1.000000
681 183 1.000000
661 193 1.000000
663 193 0.000000
700 185 1.000000
701 185 1.000000
701 184 1.000000
702 183 1.000000
704 178 1.000000
703 179 1.000000
702 180 1.000000
701 180 1.000000
701 181 1.000000
700 181 1.000000
700 182 1.000000
700 183 1.000000
700 184 1.000000
701 183 1.000000
717 182 0.000000
716 182 0.000000
720 182 0.000000
708 178 0.000000
706 178 1.000000
693 180 1.000000
695 180 1.000000
695 180 0.000000
695 180 1.000000
697 181 1.000000
698 181 1.000000
699 181 1.000000
701 182 1.000000
699 183 1.000000
699 182 1.000000
698 183 1.000000
698 182 1.000000
697 182 1.000000
697 181 0.000000
678 189 0.000000
679 189 0.000000
694 198 1.000000
694 198 0.000000
694 198 1.000000
694 197 1.000000
742 184 0.000000
737 185 0.000000
734 185 1.000000
731 185 0.000000
732 185 0.000000
728 185 1.000000
726 184 0.000000
723 183 0.000000
854 200 0.000000
851 201 1.000000
850 201 1.000000
851 203 1.000000
851 202 1.000000
853 200 1.000000
854 200 1.000000
849 200 1.000000
848 200 1.000000
837 201 1.000000
837 200 1.000000
838 200 1.000000
838 199 0.000000
839 198 0.000000
838 197 0.000000
839 197 0.000000
838 196 0.000000
839 196 0.000000
840 196 0.000000
840 195 0.000000
839 194 0.000000
841 197 0.000000
837 195 0.000000
837 194 0.000000
838 194 0.000000
838 195 0.000000
839 195 0.000000
847 198 0.000000
847 198 1.000000
855 199 0.000000
856 199 0.000000
857 199 0.000000
831 197 0.000000
831 197 1.000000
832 198 0.000000
831 198 0.000000
831 197 0.000000
831 196 1.000000
831 195 0.000000
832 196 1.000000
832 195 1.000000
831 195 1.000000
831 193 1.000000
830 192 1.000000
829 192 1.000000
828 192 1.000000
827 192 1.000000
827 191 1.000000
826 191 1.000000
825 192 1.000000
825 193 1.000000
826 194 1.000000
826 190 1.000000
824 191 1.000000
823 190 1.000000
823 189 1.000000
822 189 1.000000
822 190 1.000000
821 190 1.000000
821 189 1.000000
821 188 1.000000
821 187 1.000000
820 187 1.000000
819 186 1.000000
819 186 0.000000
819 186 1.000000
820 188 1.000000
819 188 1.000000
819 188 0.000000
819 188 1.000000
819 187 1.000000
818 187 1.000000
817 185 1.000000
814 185 1.000000
814 184 1.000000
815 184 1.000000
811 183 1.000000
807 182 0.000000
807 181 1.000000
807 182 1.000000
826 190 0.000000
825 190 0.000000
800 173 1.000000
799 173 1.000000
791 171 1.000000
779 177 1.000000
779 176 1.000000
780 174 1.000000
773 176 1.000000
773 175 1.000000
770 177 1.000000
769 178 1.000000
768 178 1.000000
767 178 1.000000
766 178 1.000000
766 179 1.000000
764 179 1.000000
765 179 1.000000
765 180 1.000000
764 180 1.000000
770 176 1.000000
777 174 0.000000
776 174 0.000000
779 176 0.000000
753 186 0.000000
754 185 0.000000
756 184 1.000000
751 186 1.000000
751 185 1.000000
750 185 1.000000
750 184 1.000000
749 184 1.000000
748 187 1.000000
738 185 0.000000
758 182 0.000000
650 195 1.000000
651 195 1.000000
648 196 1.000000
664 193 0.000000
283 228 0.000000
283 226 0.000000
106 126 1.000000
104 126 1.000000
104 127 0.000000
105 126 1.000000
105 126 0.000000
104 125 1.000000
105 125 1.000000
105 126 1.000000
103 124 1.000000
104 124 1.000000
103 123 1.000000
102 123 1.000000
103 125 1.000000
102 123 0.000000
103 123 0.000000
103 124 0.000000
103 124 1.000000
103 124 0.000000
104 126 0.000000
104 125 0.000000
105 125 0.000000
103 125 0.000000
104 124 0.000000
334 219 0.000000
