   3.4669971e+05  -1.7094600e+06
   3.4570360e+05  -1.7093719e+06
   3.4470749e+05  -1.7092838e+06
   3.4371138e+05  -1.7091957e+06
   3.4271526e+05  -1.7091076e+06
   3.4171915e+05  -1.7090195e+06
   3.4072304e+05  -1.7089314e+06
   3.3972693e+05  -1.7088433e+06
   3.3873081e+05  -1.7087553e+06
   3.3773470e+05  -1.7086672e+06
   3.3673859e+05  -1.7085791e+06
   3.3574248e+05  -1.7084910e+06
   3.3474637e+05  -1.7084029e+06
   3.3375025e+05  -1.7083148e+06
   3.3275414e+05  -1.7082267e+06
   3.3175803e+05  -1.7081386e+06
   3.3076192e+05  -1.7080505e+06
   3.2976580e+05  -1.7079624e+06
   3.2876969e+05  -1.7078743e+06
   3.2777358e+05  -1.7077862e+06
   3.2677747e+05  -1.7076981e+06
   3.2578135e+05  -1.7076101e+06
   3.2478524e+05  -1.7075220e+06
   3.2378913e+05  -1.7074339e+06
   3.2279302e+05  -1.7073458e+06
   3.2179690e+05  -1.7072577e+06
   3.2080079e+05  -1.7071696e+06
   3.1980468e+05  -1.7070815e+06
   3.1880857e+05  -1.7069934e+06
   3.1781246e+05  -1.7069053e+06
   3.1681634e+05  -1.7068172e+06
   3.1582023e+05  -1.7067291e+06
   3.1482412e+05  -1.7066410e+06
   3.1382801e+05  -1.7065530e+06
   3.1283189e+05  -1.7064649e+06
   3.1183578e+05  -1.7063768e+06
   3.1083967e+05  -1.7062887e+06
   3.0984356e+05  -1.7062006e+06
   3.0884744e+05  -1.7061125e+06
   3.0785133e+05  -1.7060244e+06
   3.0685522e+05  -1.7059363e+06
   3.0585911e+05  -1.7058482e+06
   3.0486299e+05  -1.7057601e+06
   3.0386688e+05  -1.7056720e+06
   3.0287077e+05  -1.7055839e+06
   3.0187466e+05  -1.7054958e+06
   3.0087855e+05  -1.7054078e+06
   2.9988243e+05  -1.7053197e+06
   2.9888632e+05  -1.7052316e+06
   2.9789021e+05  -1.7051435e+06
   2.9689410e+05  -1.7050554e+06
   2.9589798e+05  -1.7049673e+06
   2.9490187e+05  -1.7048792e+06
   2.9390576e+05  -1.7047911e+06
   2.9290965e+05  -1.7047030e+06
   2.9191353e+05  -1.7046149e+06
   2.9091742e+05  -1.7045268e+06
   2.8992131e+05  -1.7044387e+06
   2.8892520e+05  -1.7043507e+06
   2.8792909e+05  -1.7042626e+06
   2.8693297e+05  -1.7041745e+06
   2.8593686e+05  -1.7040864e+06
   2.8494075e+05  -1.7039983e+06
   2.8394464e+05  -1.7039102e+06
   2.8294852e+05  -1.7038221e+06
   2.8195241e+05  -1.7037340e+06
   2.8095630e+05  -1.7036459e+06
   2.7996019e+05  -1.7035578e+06
   2.7896407e+05  -1.7034697e+06
   2.7796796e+05  -1.7033816e+06
   2.7697185e+05  -1.7032935e+06
   2.7597574e+05  -1.7032055e+06
   2.7497962e+05  -1.7031174e+06
   2.7398351e+05  -1.7030293e+06
   2.7298740e+05  -1.7029412e+06
   2.7199129e+05  -1.7028531e+06
   2.7099518e+05  -1.7027650e+06
   2.6999906e+05  -1.7026769e+06
   2.6900295e+05  -1.7025888e+06
   2.6800684e+05  -1.7025007e+06
   2.6701073e+05  -1.7024126e+06
   2.6601461e+05  -1.7023245e+06
   2.6501850e+05  -1.7022364e+06
   2.6402239e+05  -1.7021484e+06
   2.6302628e+05  -1.7020603e+06
   2.6203016e+05  -1.7019722e+06
   2.6103405e+05  -1.7018841e+06
   2.6003794e+05  -1.7017960e+06
   2.5904183e+05  -1.7017079e+06
   2.5804571e+05  -1.7016198e+06
   2.5704960e+05  -1.7015317e+06
   2.5605349e+05  -1.7014436e+06
   2.5505738e+05  -1.7013555e+06
   2.5406127e+05  -1.7012674e+06
   2.5306515e+05  -1.7011793e+06
   2.5206904e+05  -1.7010912e+06
   2.5107293e+05  -1.7010032e+06
   2.5007682e+05  -1.7009151e+06
   2.4908070e+05  -1.7008270e+06
   2.4808459e+05  -1.7007389e+06
   2.4708848e+05  -1.7006508e+06
   2.4609237e+05  -1.7005627e+06
   2.4509625e+05  -1.7004746e+06
   2.4410014e+05  -1.7003865e+06
   2.4310403e+05  -1.7002984e+06
   2.4210792e+05  -1.7002103e+06
   2.4111180e+05  -1.7001222e+06
   2.4011569e+05  -1.7000341e+06
   2.3911958e+05  -1.6999461e+06
   2.3812347e+05  -1.6998580e+06
   2.3712736e+05  -1.6997699e+06
   2.3613124e+05  -1.6996818e+06
   2.3513513e+05  -1.6995937e+06
   2.3413902e+05  -1.6995056e+06
   2.3314291e+05  -1.6994175e+06
   2.3214679e+05  -1.6993294e+06
   2.3115068e+05  -1.6992413e+06
   2.3015457e+05  -1.6991532e+06
   2.2915846e+05  -1.6990651e+06
   2.2816234e+05  -1.6989770e+06
   2.2716623e+05  -1.6988889e+06
   2.2617012e+05  -1.6988009e+06
   2.2517401e+05  -1.6987128e+06
   2.2417789e+05  -1.6986247e+06
   2.2318178e+05  -1.6985366e+06
   2.2218567e+05  -1.6984485e+06
   2.2118956e+05  -1.6983604e+06
   2.2019345e+05  -1.6982723e+06
   2.1919733e+05  -1.6981842e+06
   2.1820122e+05  -1.6980961e+06
   2.1720511e+05  -1.6980080e+06
   2.1620900e+05  -1.6979199e+06
   2.1521288e+05  -1.6978318e+06
   2.1421677e+05  -1.6977438e+06
   2.1322066e+05  -1.6976557e+06
   2.1222455e+05  -1.6975676e+06
   2.1122843e+05  -1.6974795e+06
   2.1023232e+05  -1.6973914e+06
   2.0923621e+05  -1.6973033e+06
   2.0824010e+05  -1.6972152e+06
   2.0724399e+05  -1.6971271e+06
   2.0624787e+05  -1.6970390e+06
   2.0525176e+05  -1.6969509e+06
   2.0425565e+05  -1.6968628e+06
   2.0325954e+05  -1.6967747e+06
   2.0226342e+05  -1.6966867e+06
   2.0126731e+05  -1.6965986e+06
   2.0027120e+05  -1.6965105e+06
   1.9927509e+05  -1.6964224e+06
   1.9827897e+05  -1.6963343e+06
   1.9728286e+05  -1.6962462e+06
   1.9628675e+05  -1.6961581e+06
   1.9529064e+05  -1.6960700e+06
   1.9429452e+05  -1.6959819e+06
   1.9329841e+05  -1.6958938e+06
   1.9230230e+05  -1.6958057e+06
   1.9130619e+05  -1.6957176e+06
   1.9031008e+05  -1.6956295e+06
   1.8931396e+05  -1.6955415e+06
   1.8831785e+05  -1.6954534e+06
   1.8732174e+05  -1.6953653e+06
   1.8632563e+05  -1.6952772e+06
   1.8532951e+05  -1.6951891e+06
   1.8433340e+05  -1.6951010e+06
   1.8333729e+05  -1.6950129e+06
   1.8234118e+05  -1.6949248e+06
   1.8134506e+05  -1.6948367e+06
   1.8034895e+05  -1.6947486e+06
   1.7935284e+05  -1.6946605e+06
   1.7835673e+05  -1.6945724e+06
   1.7736061e+05  -1.6944844e+06
   1.7636450e+05  -1.6943963e+06
   1.7536839e+05  -1.6943082e+06
   1.7437228e+05  -1.6942201e+06
   1.7337617e+05  -1.6941320e+06
   1.7238005e+05  -1.6940439e+06
   1.7138394e+05  -1.6939558e+06
   1.7038783e+05  -1.6938677e+06
   1.6939172e+05  -1.6937796e+06
   1.6839560e+05  -1.6936915e+06
   1.6739949e+05  -1.6936034e+06
   1.6640338e+05  -1.6935153e+06
   1.6540727e+05  -1.6934272e+06
   1.6441115e+05  -1.6933392e+06
   1.6341504e+05  -1.6932511e+06
   1.6241893e+05  -1.6931630e+06
   1.6142282e+05  -1.6930749e+06
   1.6042670e+05  -1.6929868e+06
   1.5943059e+05  -1.6928987e+06
   1.5843448e+05  -1.6928106e+06
   1.5743837e+05  -1.6927225e+06
   1.5644226e+05  -1.6926344e+06
   1.5544614e+05  -1.6925463e+06
   1.5445003e+05  -1.6924582e+06
   1.5345392e+05  -1.6923701e+06
   1.5245781e+05  -1.6922821e+06
   1.5146169e+05  -1.6921940e+06
   1.5046558e+05  -1.6921059e+06
   1.4946947e+05  -1.6920178e+06
   1.4847336e+05  -1.6919297e+06
   1.4747724e+05  -1.6918416e+06
   1.4648113e+05  -1.6917535e+06
   1.4548502e+05  -1.6916654e+06
   1.4448891e+05  -1.6915773e+06
   1.4349280e+05  -1.6914892e+06
   1.4249668e+05  -1.6914011e+06
   1.4150057e+05  -1.6913130e+06
   1.4050446e+05  -1.6912249e+06
   1.3950835e+05  -1.6911369e+06
   1.3851223e+05  -1.6910488e+06
   1.3751612e+05  -1.6909607e+06
   1.3652001e+05  -1.6908726e+06
   1.3552390e+05  -1.6907845e+06
   1.3452778e+05  -1.6906964e+06
   1.3353167e+05  -1.6906083e+06
   1.3253556e+05  -1.6905202e+06
   1.3153945e+05  -1.6904321e+06
   1.3054333e+05  -1.6903440e+06
   1.2954722e+05  -1.6902559e+06
   1.2855111e+05  -1.6901678e+06
   1.2755500e+05  -1.6900798e+06
   1.2655889e+05  -1.6899917e+06
   1.2556277e+05  -1.6899036e+06
   1.2456666e+05  -1.6898155e+06
   1.2357055e+05  -1.6897274e+06
   1.2257444e+05  -1.6896393e+06
   1.2157832e+05  -1.6895512e+06
   1.2058221e+05  -1.6894631e+06
   1.1958610e+05  -1.6893750e+06
   1.1858999e+05  -1.6892869e+06
   1.1759387e+05  -1.6891988e+06
   1.1659776e+05  -1.6891107e+06
   1.1560165e+05  -1.6890226e+06
   1.1460554e+05  -1.6889346e+06
   1.1360942e+05  -1.6888465e+06
   1.1261331e+05  -1.6887584e+06
   1.1161720e+05  -1.6886703e+06
   1.1062109e+05  -1.6885822e+06
   1.0962498e+05  -1.6884941e+06
   1.0862886e+05  -1.6884060e+06
   1.0763275e+05  -1.6883179e+06
   1.0663664e+05  -1.6882298e+06
   1.0564053e+05  -1.6881417e+06
   1.0464441e+05  -1.6880536e+06
   1.0364830e+05  -1.6879655e+06
   1.0265219e+05  -1.6878775e+06
   1.0165608e+05  -1.6877894e+06
   1.0065996e+05  -1.6877013e+06
   9.9663852e+04  -1.6876132e+06
   9.8667740e+04  -1.6875251e+06
   9.7671627e+04  -1.6874370e+06
   9.6675515e+04  -1.6873489e+06
   9.5679402e+04  -1.6872608e+06
   9.4683290e+04  -1.6871727e+06
   9.3687178e+04  -1.6870846e+06
   9.2691065e+04  -1.6869965e+06
   9.1694953e+04  -1.6869084e+06
   9.0698841e+04  -1.6868203e+06
   8.9702728e+04  -1.6867323e+06
   8.8706616e+04  -1.6866442e+06
   8.7710504e+04  -1.6865561e+06
   8.6714391e+04  -1.6864680e+06
   8.5718279e+04  -1.6863799e+06
   8.4722167e+04  -1.6862918e+06
   8.3726054e+04  -1.6862037e+06
   8.2729942e+04  -1.6861156e+06
   8.1733830e+04  -1.6860275e+06
   8.0737717e+04  -1.6859394e+06
   7.9741605e+04  -1.6858513e+06
   7.8745493e+04  -1.6857632e+06
   7.7749380e+04  -1.6856752e+06
   7.6753268e+04  -1.6855871e+06
   7.5757156e+04  -1.6854990e+06
   7.4761043e+04  -1.6854109e+06
   7.3764931e+04  -1.6853228e+06
   7.2768819e+04  -1.6852347e+06
   7.1772706e+04  -1.6851466e+06
   7.0776594e+04  -1.6850585e+06
   6.9780482e+04  -1.6849704e+06
   6.8784369e+04  -1.6848823e+06
   6.7788257e+04  -1.6847942e+06
   6.6792144e+04  -1.6847061e+06
   6.5796032e+04  -1.6846180e+06
   6.4799920e+04  -1.6845300e+06
   6.3803807e+04  -1.6844419e+06
   6.2807695e+04  -1.6843538e+06
   6.1811583e+04  -1.6842657e+06
   6.0815470e+04  -1.6841776e+06
   5.9819358e+04  -1.6840895e+06
   5.8823246e+04  -1.6840014e+06
   5.7827133e+04  -1.6839133e+06
   5.6831021e+04  -1.6838252e+06
   5.5834909e+04  -1.6837371e+06
   5.4838796e+04  -1.6836490e+06
   5.3842684e+04  -1.6835609e+06
   5.2846572e+04  -1.6834729e+06
   5.1850459e+04  -1.6833848e+06
   5.0854347e+04  -1.6832967e+06
   4.9858235e+04  -1.6832086e+06
   4.8862122e+04  -1.6831205e+06
   4.7866010e+04  -1.6830324e+06
   4.6869898e+04  -1.6829443e+06
   4.5873785e+04  -1.6828562e+06
   4.4877673e+04  -1.6827681e+06
   4.3881561e+04  -1.6826800e+06
   4.2885448e+04  -1.6825919e+06
   4.1889336e+04  -1.6825038e+06
   4.0893224e+04  -1.6824158e+06
   3.9897111e+04  -1.6823277e+06
   3.8900999e+04  -1.6822396e+06
   3.7904886e+04  -1.6821515e+06
   3.6908774e+04  -1.6820634e+06
   3.5912662e+04  -1.6819753e+06
   3.4916549e+04  -1.6818872e+06
   3.3920437e+04  -1.6817991e+06
   3.2924325e+04  -1.6817110e+06
   3.1928212e+04  -1.6816229e+06
   3.0932100e+04  -1.6815348e+06
   2.9935988e+04  -1.6814467e+06
   2.8939875e+04  -1.6813586e+06
   2.7943763e+04  -1.6812706e+06
   2.6947651e+04  -1.6811825e+06
   2.5951538e+04  -1.6810944e+06
   2.4955426e+04  -1.6810063e+06
   2.3959314e+04  -1.6809182e+06
   2.2963201e+04  -1.6808301e+06
   2.1967089e+04  -1.6807420e+06
   2.0970977e+04  -1.6806539e+06
   1.9974864e+04  -1.6805658e+06
   1.8978752e+04  -1.6804777e+06
   1.7982640e+04  -1.6803896e+06
   1.6986527e+04  -1.6803015e+06
   1.5990415e+04  -1.6802135e+06
   1.4994303e+04  -1.6801254e+06
   1.3998190e+04  -1.6800373e+06
   1.3002078e+04  -1.6799492e+06
   1.2005966e+04  -1.6798611e+06
   1.1009853e+04  -1.6797730e+06
   1.0013741e+04  -1.6796849e+06
   9.0176285e+03  -1.6795968e+06
   8.0215161e+03  -1.6795087e+06
   7.0254038e+03  -1.6794206e+06
   6.0292914e+03  -1.6793325e+06
   5.0331791e+03  -1.6792444e+06
   4.0370667e+03  -1.6791563e+06
   3.0409544e+03  -1.6790683e+06
   2.0448421e+03  -1.6789802e+06
   1.0487297e+03  -1.6788921e+06
   5.2617364e+01  -1.6788040e+06
  -9.4349498e+02  -1.6787159e+06
  -1.9396073e+03  -1.6786278e+06
  -2.9357197e+03  -1.6785397e+06
  -3.9318320e+03  -1.6784516e+06
  -4.9279444e+03  -1.6783635e+06
  -5.9240567e+03  -1.6782754e+06
  -6.9201691e+03  -1.6781873e+06
  -7.9162814e+03  -1.6780992e+06
  -8.9123937e+03  -1.6780112e+06
  -9.9085061e+03  -1.6779231e+06
  -1.0904618e+04  -1.6778350e+06
  -1.1900731e+04  -1.6777469e+06
  -1.2896843e+04  -1.6776588e+06
  -1.3892955e+04  -1.6775707e+06
  -1.4889068e+04  -1.6774826e+06
  -1.5885180e+04  -1.6773945e+06
  -1.6881293e+04  -1.6773064e+06
  -1.7877405e+04  -1.6772183e+06
  -1.8873517e+04  -1.6771302e+06
  -1.9869630e+04  -1.6770421e+06
  -2.0865742e+04  -1.6769540e+06
  -2.1861854e+04  -1.6768660e+06
  -2.2857967e+04  -1.6767779e+06
  -2.3854079e+04  -1.6766898e+06
  -2.4850191e+04  -1.6766017e+06
  -2.5846304e+04  -1.6765136e+06
  -2.6842416e+04  -1.6764255e+06
  -2.7838528e+04  -1.6763374e+06
  -2.8834641e+04  -1.6762493e+06
  -2.9830753e+04  -1.6761612e+06
  -3.0826865e+04  -1.6760731e+06
  -3.1822978e+04  -1.6759850e+06
  -3.2819090e+04  -1.6758969e+06
  -3.3815202e+04  -1.6758089e+06
  -3.4811315e+04  -1.6757208e+06
  -3.5807427e+04  -1.6756327e+06
  -3.6803539e+04  -1.6755446e+06
  -3.7799652e+04  -1.6754565e+06
  -3.8795764e+04  -1.6753684e+06
  -3.9791876e+04  -1.6752803e+06
  -4.0787989e+04  -1.6751922e+06
  -4.1784101e+04  -1.6751041e+06
  -4.2780213e+04  -1.6750160e+06
  -4.3776326e+04  -1.6749279e+06
  -4.4772438e+04  -1.6748398e+06
  -4.5768551e+04  -1.6747517e+06
  -4.6764663e+04  -1.6746637e+06
  -4.7760775e+04  -1.6745756e+06
  -4.8756888e+04  -1.6744875e+06
  -4.9753000e+04  -1.6743994e+06
  -5.0749112e+04  -1.6743113e+06
  -5.1745225e+04  -1.6742232e+06
  -5.2741337e+04  -1.6741351e+06
  -5.3737449e+04  -1.6740470e+06
  -5.4733562e+04  -1.6739589e+06
  -5.5729674e+04  -1.6738708e+06
  -5.6725786e+04  -1.6737827e+06
  -5.7721899e+04  -1.6736946e+06
  -5.8718011e+04  -1.6736066e+06
  -5.9714123e+04  -1.6735185e+06
  -6.0710236e+04  -1.6734304e+06
  -6.1706348e+04  -1.6733423e+06
  -6.2702460e+04  -1.6732542e+06
  -6.3698573e+04  -1.6731661e+06
  -6.4694685e+04  -1.6730780e+06
  -6.5690797e+04  -1.6729899e+06
  -6.6686910e+04  -1.6729018e+06
  -6.7683022e+04  -1.6728137e+06
  -6.8679134e+04  -1.6727256e+06
  -6.9675247e+04  -1.6726375e+06
  -7.0671359e+04  -1.6725494e+06
  -7.1667471e+04  -1.6724614e+06
  -7.2663584e+04  -1.6723733e+06
  -7.3659696e+04  -1.6722852e+06
  -7.4655809e+04  -1.6721971e+06
  -7.5651921e+04  -1.6721090e+06
  -7.6648033e+04  -1.6720209e+06
  -7.7644146e+04  -1.6719328e+06
  -7.8640258e+04  -1.6718447e+06
  -7.9636370e+04  -1.6717566e+06
  -8.0632483e+04  -1.6716685e+06
  -8.1628595e+04  -1.6715804e+06
  -8.2624707e+04  -1.6714923e+06
  -8.3620820e+04  -1.6714043e+06
  -8.4616932e+04  -1.6713162e+06
  -8.5613044e+04  -1.6712281e+06
  -8.6609157e+04  -1.6711400e+06
  -8.7605269e+04  -1.6710519e+06
  -8.8601381e+04  -1.6709638e+06
  -8.9597494e+04  -1.6708757e+06
  -9.0593606e+04  -1.6707876e+06
  -9.1589718e+04  -1.6706995e+06
  -9.2585831e+04  -1.6706114e+06
  -9.3581943e+04  -1.6705233e+06
  -9.4578055e+04  -1.6704352e+06
  -9.5574168e+04  -1.6703471e+06
  -9.6570280e+04  -1.6702591e+06
  -9.7566392e+04  -1.6701710e+06
  -9.8562505e+04  -1.6700829e+06
  -9.9558617e+04  -1.6699948e+06
  -1.0055473e+05  -1.6699067e+06
  -1.0155084e+05  -1.6698186e+06
  -1.0254695e+05  -1.6697305e+06
  -1.0354307e+05  -1.6696424e+06
  -1.0453918e+05  -1.6695543e+06
  -1.0553529e+05  -1.6694662e+06
  -1.0653140e+05  -1.6693781e+06
  -1.0752752e+05  -1.6692900e+06
  -1.0852363e+05  -1.6692020e+06
  -1.0951974e+05  -1.6691139e+06
  -1.1051585e+05  -1.6690258e+06
  -1.1151197e+05  -1.6689377e+06
  -1.1250808e+05  -1.6688496e+06
  -1.1350419e+05  -1.6687615e+06
  -1.1450030e+05  -1.6686734e+06
  -1.1549641e+05  -1.6685853e+06
  -1.1649253e+05  -1.6684972e+06
  -1.1748864e+05  -1.6684091e+06
  -1.1848475e+05  -1.6683210e+06
  -1.1948086e+05  -1.6682329e+06
  -1.2047698e+05  -1.6681449e+06
  -1.2147309e+05  -1.6680568e+06
  -1.2246920e+05  -1.6679687e+06
  -1.2346531e+05  -1.6678806e+06
  -1.2446143e+05  -1.6677925e+06
  -1.2545754e+05  -1.6677044e+06
  -1.2645365e+05  -1.6676163e+06
  -1.2744976e+05  -1.6675282e+06
  -1.2844588e+05  -1.6674401e+06
  -1.2944199e+05  -1.6673520e+06
  -1.3043810e+05  -1.6672639e+06
  -1.3143421e+05  -1.6671758e+06
  -1.3243032e+05  -1.6670877e+06
  -1.3342644e+05  -1.6669997e+06
  -1.3442255e+05  -1.6669116e+06
  -1.3541866e+05  -1.6668235e+06
  -1.3641477e+05  -1.6667354e+06
  -1.3741089e+05  -1.6666473e+06
  -1.3840700e+05  -1.6665592e+06
  -1.3940311e+05  -1.6664711e+06
  -1.4039922e+05  -1.6663830e+06
  -1.4139534e+05  -1.6662949e+06
  -1.4239145e+05  -1.6662068e+06
  -1.4338756e+05  -1.6661187e+06
  -1.4438367e+05  -1.6660306e+06
  -1.4537979e+05  -1.6659426e+06
  -1.4637590e+05  -1.6658545e+06
  -1.4737201e+05  -1.6657664e+06
  -1.4836812e+05  -1.6656783e+06
  -1.4936423e+05  -1.6655902e+06
  -1.5036035e+05  -1.6655021e+06
  -1.5135646e+05  -1.6654140e+06
  -1.5235257e+05  -1.6653259e+06
  -1.5334868e+05  -1.6652378e+06
  -1.5434480e+05  -1.6651497e+06
  -1.5534091e+05  -1.6650616e+06
  -1.5633702e+05  -1.6649735e+06
  -1.5733313e+05  -1.6648854e+06
  -1.5832925e+05  -1.6647974e+06
  -1.5932536e+05  -1.6647093e+06
  -1.6032147e+05  -1.6646212e+06
  -1.6131758e+05  -1.6645331e+06
  -1.6231369e+05  -1.6644450e+06
  -1.6330981e+05  -1.6643569e+06
  -1.6430592e+05  -1.6642688e+06
  -1.6530203e+05  -1.6641807e+06
  -1.6629814e+05  -1.6640926e+06
  -1.6729426e+05  -1.6640045e+06
  -1.6829037e+05  -1.6639164e+06
  -1.6928648e+05  -1.6638283e+06
  -1.7028259e+05  -1.6637403e+06
  -1.7127871e+05  -1.6636522e+06
  -1.7227482e+05  -1.6635641e+06
  -1.7327093e+05  -1.6634760e+06
  -1.7426704e+05  -1.6633879e+06
  -1.7526316e+05  -1.6632998e+06
  -1.7625927e+05  -1.6632117e+06
  -1.7725538e+05  -1.6631236e+06
  -1.7825149e+05  -1.6630355e+06
  -1.7924760e+05  -1.6629474e+06
  -1.8024372e+05  -1.6628593e+06
  -1.8123983e+05  -1.6627712e+06
  -1.8223594e+05  -1.6626831e+06
  -1.8323205e+05  -1.6625951e+06
  -1.8422817e+05  -1.6625070e+06
  -1.8522428e+05  -1.6624189e+06
  -1.8622039e+05  -1.6623308e+06
  -1.8721650e+05  -1.6622427e+06
  -1.8821262e+05  -1.6621546e+06
  -1.8920873e+05  -1.6620665e+06
  -1.9020484e+05  -1.6619784e+06
  -1.9120095e+05  -1.6618903e+06
  -1.9219707e+05  -1.6618022e+06
  -1.9319318e+05  -1.6617141e+06
  -1.9418929e+05  -1.6616260e+06
  -1.9518540e+05  -1.6615380e+06
  -1.9618151e+05  -1.6614499e+06
  -1.9717763e+05  -1.6613618e+06
  -1.9817374e+05  -1.6612737e+06
  -1.9916985e+05  -1.6611856e+06
  -2.0016596e+05  -1.6610975e+06
  -2.0116208e+05  -1.6610094e+06
  -2.0215819e+05  -1.6609213e+06
  -2.0315430e+05  -1.6608332e+06
  -2.0415041e+05  -1.6607451e+06
  -2.0514653e+05  -1.6606570e+06
  -2.0614264e+05  -1.6605689e+06
  -2.0713875e+05  -1.6604808e+06
  -2.0813486e+05  -1.6603928e+06
  -2.0913098e+05  -1.6603047e+06
  -2.1012709e+05  -1.6602166e+06
  -2.1112320e+05  -1.6601285e+06
  -2.1211931e+05  -1.6600404e+06
  -2.1311542e+05  -1.6599523e+06
  -2.1411154e+05  -1.6598642e+06
  -2.1510765e+05  -1.6597761e+06
  -2.1610376e+05  -1.6596880e+06
  -2.1709987e+05  -1.6595999e+06
  -2.1809599e+05  -1.6595118e+06
  -2.1909210e+05  -1.6594237e+06
  -2.2008821e+05  -1.6593357e+06
  -2.2108432e+05  -1.6592476e+06
  -2.2208044e+05  -1.6591595e+06
  -2.2307655e+05  -1.6590714e+06
  -2.2407266e+05  -1.6589833e+06
  -2.2506877e+05  -1.6588952e+06
  -2.2606488e+05  -1.6588071e+06
  -2.2706100e+05  -1.6587190e+06
  -2.2805711e+05  -1.6586309e+06
  -2.2905322e+05  -1.6585428e+06
  -2.3004933e+05  -1.6584547e+06
  -2.3104545e+05  -1.6583666e+06
  -2.3204156e+05  -1.6582785e+06
  -2.3303767e+05  -1.6581905e+06
  -2.3403378e+05  -1.6581024e+06
  -2.3502990e+05  -1.6580143e+06
  -2.3602601e+05  -1.6579262e+06
  -2.3702212e+05  -1.6578381e+06
  -2.3801823e+05  -1.6577500e+06
  -2.3901435e+05  -1.6576619e+06
  -2.4001046e+05  -1.6575738e+06
  -2.4100657e+05  -1.6574857e+06
  -2.4200268e+05  -1.6573976e+06
  -2.4299879e+05  -1.6573095e+06
  -2.4399491e+05  -1.6572214e+06
  -2.4499102e+05  -1.6571334e+06
  -2.4598713e+05  -1.6570453e+06
  -2.4698324e+05  -1.6569572e+06
  -2.4797936e+05  -1.6568691e+06
  -2.4897547e+05  -1.6567810e+06
  -2.4997158e+05  -1.6566929e+06
  -2.5096769e+05  -1.6566048e+06
  -2.5196381e+05  -1.6565167e+06
  -2.5295992e+05  -1.6564286e+06
  -2.5395603e+05  -1.6563405e+06
  -2.5495214e+05  -1.6562524e+06
  -2.5594826e+05  -1.6561643e+06
  -2.5694437e+05  -1.6560762e+06
  -2.5794048e+05  -1.6559882e+06
  -2.5893659e+05  -1.6559001e+06
  -2.5993270e+05  -1.6558120e+06
  -2.6092882e+05  -1.6557239e+06
  -2.6192493e+05  -1.6556358e+06
  -2.6292104e+05  -1.6555477e+06
  -2.6391715e+05  -1.6554596e+06
  -2.6491327e+05  -1.6553715e+06
  -2.6590938e+05  -1.6552834e+06
  -2.6690549e+05  -1.6551953e+06
  -2.6790160e+05  -1.6551072e+06
  -2.6889772e+05  -1.6550191e+06
  -2.6989383e+05  -1.6549311e+06
  -2.7088994e+05  -1.6548430e+06
  -2.7188605e+05  -1.6547549e+06
  -2.7288217e+05  -1.6546668e+06
  -2.7387828e+05  -1.6545787e+06
  -2.7487439e+05  -1.6544906e+06
  -2.7587050e+05  -1.6544025e+06
  -2.7686661e+05  -1.6543144e+06
  -2.7786273e+05  -1.6542263e+06
  -2.7885884e+05  -1.6541382e+06
  -2.7985495e+05  -1.6540501e+06
  -2.8085106e+05  -1.6539620e+06
  -2.8184718e+05  -1.6538740e+06
  -2.8284329e+05  -1.6537859e+06
  -2.8383940e+05  -1.6536978e+06
  -2.8483551e+05  -1.6536097e+06
  -2.8583163e+05  -1.6535216e+06
  -2.8682774e+05  -1.6534335e+06
  -2.8782385e+05  -1.6533454e+06
  -2.8881996e+05  -1.6532573e+06
  -2.8981608e+05  -1.6531692e+06
  -2.9081219e+05  -1.6530811e+06
  -2.9180830e+05  -1.6529930e+06
  -2.9280441e+05  -1.6529049e+06
  -2.9380052e+05  -1.6528168e+06
  -2.9479664e+05  -1.6527288e+06
  -2.9579275e+05  -1.6526407e+06
  -2.9678886e+05  -1.6525526e+06
  -2.9778497e+05  -1.6524645e+06
  -2.9878109e+05  -1.6523764e+06
  -2.9977720e+05  -1.6522883e+06
  -3.0077331e+05  -1.6522002e+06
  -3.0176942e+05  -1.6521121e+06
  -3.0276554e+05  -1.6520240e+06
  -3.0376165e+05  -1.6519359e+06
  -3.0475776e+05  -1.6518478e+06
  -3.0575387e+05  -1.6517597e+06
  -3.0674998e+05  -1.6516717e+06
  -3.0774610e+05  -1.6515836e+06
  -3.0874221e+05  -1.6514955e+06
  -3.0973832e+05  -1.6514074e+06
  -3.1073443e+05  -1.6513193e+06
  -3.1173055e+05  -1.6512312e+06
  -3.1272666e+05  -1.6511431e+06
  -3.1372277e+05  -1.6510550e+06
  -3.1471888e+05  -1.6509669e+06
  -3.1571500e+05  -1.6508788e+06
  -3.1671111e+05  -1.6507907e+06
  -3.1770722e+05  -1.6507026e+06
  -3.1870333e+05  -1.6506145e+06
  -3.1969945e+05  -1.6505265e+06
  -3.2069556e+05  -1.6504384e+06
  -3.2169167e+05  -1.6503503e+06
  -3.2268778e+05  -1.6502622e+06
  -3.2368389e+05  -1.6501741e+06
  -3.2468001e+05  -1.6500860e+06
  -3.2567612e+05  -1.6499979e+06
  -3.2667223e+05  -1.6499098e+06
  -3.2766834e+05  -1.6498217e+06
  -3.2866446e+05  -1.6497336e+06
  -3.2966057e+05  -1.6496455e+06
  -3.3065668e+05  -1.6495574e+06
  -3.3165279e+05  -1.6494694e+06
  -3.3264891e+05  -1.6493813e+06
  -3.3364502e+05  -1.6492932e+06
  -3.3464113e+05  -1.6492051e+06
  -3.3563724e+05  -1.6491170e+06
  -3.3663336e+05  -1.6490289e+06
  -3.3762947e+05  -1.6489408e+06
  -3.3862558e+05  -1.6488527e+06
  -3.3962169e+05  -1.6487646e+06
  -3.4061780e+05  -1.6486765e+06
  -3.4161392e+05  -1.6485884e+06
  -3.4261003e+05  -1.6485003e+06
  -3.4360614e+05  -1.6484122e+06
  -3.4460225e+05  -1.6483242e+06
  -3.4559837e+05  -1.6482361e+06
  -3.4659448e+05  -1.6481480e+06
  -3.4759059e+05  -1.6480599e+06
  -3.4858670e+05  -1.6479718e+06
  -3.4958282e+05  -1.6478837e+06
  -3.5057893e+05  -1.6477956e+06
  -3.5157504e+05  -1.6477075e+06
  -3.5257115e+05  -1.6476194e+06
  -3.5356727e+05  -1.6475313e+06
  -3.5456338e+05  -1.6474432e+06
  -3.5555949e+05  -1.6473551e+06
  -3.5655560e+05  -1.6472671e+06
  -3.5755171e+05  -1.6471790e+06
  -3.5854783e+05  -1.6470909e+06
  -3.5954394e+05  -1.6470028e+06
  -3.6054005e+05  -1.6469147e+06
  -3.6153616e+05  -1.6468266e+06
  -3.6253228e+05  -1.6467385e+06
  -3.6352839e+05  -1.6466504e+06
  -3.6452450e+05  -1.6465623e+06
  -3.6552061e+05  -1.6464742e+06
  -3.6651673e+05  -1.6463861e+06
  -3.6751284e+05  -1.6462980e+06
  -3.6850895e+05  -1.6462099e+06
  -3.6950506e+05  -1.6461219e+06
  -3.7050117e+05  -1.6460338e+06
  -3.7149729e+05  -1.6459457e+06
  -3.7249340e+05  -1.6458576e+06
  -3.7348951e+05  -1.6457695e+06
  -3.7448562e+05  -1.6456814e+06
  -3.7548174e+05  -1.6455933e+06
  -3.7647785e+05  -1.6455052e+06
  -3.7747396e+05  -1.6454171e+06
  -3.7847007e+05  -1.6453290e+06
  -3.7946619e+05  -1.6452409e+06
  -3.8046230e+05  -1.6451528e+06
  -3.8145841e+05  -1.6450648e+06
  -3.8245452e+05  -1.6449767e+06
  -3.8345064e+05  -1.6448886e+06
  -3.8444675e+05  -1.6448005e+06
  -3.8544286e+05  -1.6447124e+06
  -3.8643897e+05  -1.6446243e+06
  -3.8743508e+05  -1.6445362e+06
  -3.8843120e+05  -1.6444481e+06
  -3.8942731e+05  -1.6443600e+06
  -3.9042342e+05  -1.6442719e+06
  -3.9141953e+05  -1.6441838e+06
  -3.9241565e+05  -1.6440957e+06
  -3.9341176e+05  -1.6440076e+06
  -3.9440787e+05  -1.6439196e+06
  -3.9540398e+05  -1.6438315e+06
  -3.9640010e+05  -1.6437434e+06
  -3.9739621e+05  -1.6436553e+06
  -3.9839232e+05  -1.6435672e+06
  -3.9938843e+05  -1.6434791e+06
  -4.0038455e+05  -1.6433910e+06
  -4.0138066e+05  -1.6433029e+06
  -4.0237677e+05  -1.6432148e+06
  -4.0337288e+05  -1.6431267e+06
  -4.0436899e+05  -1.6430386e+06
  -4.0536511e+05  -1.6429505e+06
  -4.0636122e+05  -1.6428625e+06
  -4.0735733e+05  -1.6427744e+06
  -4.0835344e+05  -1.6426863e+06
  -4.0934956e+05  -1.6425982e+06
  -4.1034567e+05  -1.6425101e+06
  -4.1134178e+05  -1.6424220e+06
  -4.1233789e+05  -1.6423339e+06
  -4.1333401e+05  -1.6422458e+06
  -4.1433012e+05  -1.6421577e+06
  -4.1532623e+05  -1.6420696e+06
  -4.1632234e+05  -1.6419815e+06
  -4.1731846e+05  -1.6418934e+06
  -4.1831457e+05  -1.6418053e+06
  -4.1931068e+05  -1.6417173e+06
  -4.2030679e+05  -1.6416292e+06
  -4.2130290e+05  -1.6415411e+06
  -4.2229902e+05  -1.6414530e+06
  -4.2329513e+05  -1.6413649e+06
  -4.2429124e+05  -1.6412768e+06
  -4.2528735e+05  -1.6411887e+06
  -4.2628347e+05  -1.6411006e+06
  -4.2727958e+05  -1.6410125e+06
  -4.2827569e+05  -1.6409244e+06
  -4.2927180e+05  -1.6408363e+06
  -4.3026792e+05  -1.6407482e+06
  -4.3126403e+05  -1.6406602e+06
  -4.3226014e+05  -1.6405721e+06
  -4.3325625e+05  -1.6404840e+06
  -4.3425237e+05  -1.6403959e+06
  -4.3524848e+05  -1.6403078e+06
  -4.3624459e+05  -1.6402197e+06
  -4.3724070e+05  -1.6401316e+06
  -4.3823681e+05  -1.6400435e+06
  -4.3923293e+05  -1.6399554e+06
  -4.4022904e+05  -1.6398673e+06
  -4.4122515e+05  -1.6397792e+06
  -4.4222126e+05  -1.6396911e+06
  -4.4321738e+05  -1.6396031e+06
  -4.4421349e+05  -1.6395150e+06
  -4.4520960e+05  -1.6394269e+06
  -4.4620571e+05  -1.6393388e+06
  -4.4720183e+05  -1.6392507e+06
  -4.4819794e+05  -1.6391626e+06
  -4.4919405e+05  -1.6390745e+06
  -4.5019016e+05  -1.6389864e+06
  -4.5118627e+05  -1.6388983e+06
  -4.5218239e+05  -1.6388102e+06
  -4.5317850e+05  -1.6387221e+06
  -4.5417461e+05  -1.6386340e+06
  -4.5517072e+05  -1.6385459e+06
  -4.5616684e+05  -1.6384579e+06
  -4.5716295e+05  -1.6383698e+06
  -4.5815906e+05  -1.6382817e+06
  -4.5915517e+05  -1.6381936e+06
  -4.6015129e+05  -1.6381055e+06
  -4.6114740e+05  -1.6380174e+06
  -4.6214351e+05  -1.6379293e+06
  -4.6313962e+05  -1.6378412e+06
  -4.6413574e+05  -1.6377531e+06
  -4.6513185e+05  -1.6376650e+06
  -4.6612796e+05  -1.6375769e+06
  -4.6712407e+05  -1.6374888e+06
  -4.6812018e+05  -1.6374008e+06
  -4.6911630e+05  -1.6373127e+06
  -4.7011241e+05  -1.6372246e+06
  -4.7110852e+05  -1.6371365e+06
  -4.7210463e+05  -1.6370484e+06
  -4.7310075e+05  -1.6369603e+06
  -4.7409686e+05  -1.6368722e+06
  -4.7509297e+05  -1.6367841e+06
  -4.7608908e+05  -1.6366960e+06
  -4.7708520e+05  -1.6366079e+06
  -4.7808131e+05  -1.6365198e+06
  -4.7907742e+05  -1.6364317e+06
  -4.8007353e+05  -1.6363436e+06
  -4.8106965e+05  -1.6362556e+06
  -4.8206576e+05  -1.6361675e+06
  -4.8306187e+05  -1.6360794e+06
  -4.8405798e+05  -1.6359913e+06
  -4.8505409e+05  -1.6359032e+06
  -4.8605021e+05  -1.6358151e+06
  -4.8704632e+05  -1.6357270e+06
  -4.8804243e+05  -1.6356389e+06
  -4.8903854e+05  -1.6355508e+06
  -4.9003466e+05  -1.6354627e+06
  -4.9103077e+05  -1.6353746e+06
  -4.9202688e+05  -1.6352865e+06
  -4.9302299e+05  -1.6351985e+06
  -4.9401911e+05  -1.6351104e+06
  -4.9501522e+05  -1.6350223e+06
  -4.9601133e+05  -1.6349342e+06
  -4.9700744e+05  -1.6348461e+06
  -4.9800356e+05  -1.6347580e+06
  -4.9899967e+05  -1.6346699e+06
  -4.9999578e+05  -1.6345818e+06
  -5.0099189e+05  -1.6344937e+06
  -5.0198800e+05  -1.6344056e+06
  -5.0298412e+05  -1.6343175e+06
  -5.0398023e+05  -1.6342294e+06
  -5.0497634e+05  -1.6341413e+06
  -5.0597245e+05  -1.6340533e+06
