  -5.7151288e+05  -2.3751608e+06
  -5.7051677e+05  -2.3752489e+06
  -5.6952066e+05  -2.3753370e+06
  -5.6852455e+05  -2.3754251e+06
  -5.6752843e+05  -2.3755132e+06
  -5.6653232e+05  -2.3756013e+06
  -5.6553621e+05  -2.3756894e+06
  -5.6454010e+05  -2.3757775e+06
  -5.6354398e+05  -2.3758656e+06
  -5.6254787e+05  -2.3759537e+06
  -5.6155176e+05  -2.3760418e+06
  -5.6055565e+05  -2.3761299e+06
  -5.5955954e+05  -2.3762179e+06
  -5.5856342e+05  -2.3763060e+06
  -5.5756731e+05  -2.3763941e+06
  -5.5657120e+05  -2.3764822e+06
  -5.5557509e+05  -2.3765703e+06
  -5.5457897e+05  -2.3766584e+06
  -5.5358286e+05  -2.3767465e+06
  -5.5258675e+05  -2.3768346e+06
  -5.5159064e+05  -2.3769227e+06
  -5.5059452e+05  -2.3770108e+06
  -5.4959841e+05  -2.3770989e+06
  -5.4860230e+05  -2.3771870e+06
  -5.4760619e+05  -2.3772750e+06
  -5.4661007e+05  -2.3773631e+06
  -5.4561396e+05  -2.3774512e+06
  -5.4461785e+05  -2.3775393e+06
  -5.4362174e+05  -2.3776274e+06
  -5.4262563e+05  -2.3777155e+06
  -5.4162951e+05  -2.3778036e+06
  -5.4063340e+05  -2.3778917e+06
  -5.3963729e+05  -2.3779798e+06
  -5.3864118e+05  -2.3780679e+06
  -5.3764506e+05  -2.3781560e+06
  -5.3664895e+05  -2.3782441e+06
  -5.3565284e+05  -2.3783322e+06
  -5.3465673e+05  -2.3784202e+06
  -5.3366061e+05  -2.3785083e+06
  -5.3266450e+05  -2.3785964e+06
  -5.3166839e+05  -2.3786845e+06
  -5.3067228e+05  -2.3787726e+06
  -5.2967617e+05  -2.3788607e+06
  -5.2868005e+05  -2.3789488e+06
  -5.2768394e+05  -2.3790369e+06
  -5.2668783e+05  -2.3791250e+06
  -5.2569172e+05  -2.3792131e+06
  -5.2469560e+05  -2.3793012e+06
  -5.2369949e+05  -2.3793893e+06
  -5.2270338e+05  -2.3794773e+06
  -5.2170727e+05  -2.3795654e+06
  -5.2071115e+05  -2.3796535e+06
  -5.1971504e+05  -2.3797416e+06
  -5.1871893e+05  -2.3798297e+06
  -5.1772282e+05  -2.3799178e+06
  -5.1672670e+05  -2.3800059e+06
  -5.1573059e+05  -2.3800940e+06
  -5.1473448e+05  -2.3801821e+06
  -5.1373837e+05  -2.3802702e+06
  -5.1274226e+05  -2.3803583e+06
  -5.1174614e+05  -2.3804464e+06
  -5.1075003e+05  -2.3805345e+06
  -5.0975392e+05  -2.3806225e+06
  -5.0875781e+05  -2.3807106e+06
  -5.0776169e+05  -2.3807987e+06
  -5.0676558e+05  -2.3808868e+06
  -5.0576947e+05  -2.3809749e+06
  -5.0477336e+05  -2.3810630e+06
  -5.0377724e+05  -2.3811511e+06
  -5.0278113e+05  -2.3812392e+06
  -5.0178502e+05  -2.3813273e+06
  -5.0078891e+05  -2.3814154e+06
  -4.9979279e+05  -2.3815035e+06
  -4.9879668e+05  -2.3815916e+06
  -4.9780057e+05  -2.3816796e+06
  -4.9680446e+05  -2.3817677e+06
  -4.9580835e+05  -2.3818558e+06
  -4.9481223e+05  -2.3819439e+06
  -4.9381612e+05  -2.3820320e+06
  -4.9282001e+05  -2.3821201e+06
  -4.9182390e+05  -2.3822082e+06
  -4.9082778e+05  -2.3822963e+06
  -4.8983167e+05  -2.3823844e+06
  -4.8883556e+05  -2.3824725e+06
  -4.8783945e+05  -2.3825606e+06
  -4.8684333e+05  -2.3826487e+06
  -4.8584722e+05  -2.3827368e+06
  -4.8485111e+05  -2.3828248e+06
  -4.8385500e+05  -2.3829129e+06
  -4.8285888e+05  -2.3830010e+06
  -4.8186277e+05  -2.3830891e+06
  -4.8086666e+05  -2.3831772e+06
  -4.7987055e+05  -2.3832653e+06
  -4.7887444e+05  -2.3833534e+06
  -4.7787832e+05  -2.3834415e+06
  -4.7688221e+05  -2.3835296e+06
  -4.7588610e+05  -2.3836177e+06
  -4.7488999e+05  -2.3837058e+06
  -4.7389387e+05  -2.3837939e+06
  -4.7289776e+05  -2.3838819e+06
  -4.7190165e+05  -2.3839700e+06
  -4.7090554e+05  -2.3840581e+06
  -4.6990942e+05  -2.3841462e+06
  -4.6891331e+05  -2.3842343e+06
  -4.6791720e+05  -2.3843224e+06
  -4.6692109e+05  -2.3844105e+06
  -4.6592497e+05  -2.3844986e+06
  -4.6492886e+05  -2.3845867e+06
  -4.6393275e+05  -2.3846748e+06
  -4.6293664e+05  -2.3847629e+06
  -4.6194053e+05  -2.3848510e+06
  -4.6094441e+05  -2.3849390e+06
  -4.5994830e+05  -2.3850271e+06
  -4.5895219e+05  -2.3851152e+06
  -4.5795608e+05  -2.3852033e+06
  -4.5695996e+05  -2.3852914e+06
  -4.5596385e+05  -2.3853795e+06
  -4.5496774e+05  -2.3854676e+06
  -4.5397163e+05  -2.3855557e+06
  -4.5297551e+05  -2.3856438e+06
  -4.5197940e+05  -2.3857319e+06
  -4.5098329e+05  -2.3858200e+06
  -4.4998718e+05  -2.3859081e+06
  -4.4899107e+05  -2.3859962e+06
  -4.4799495e+05  -2.3860842e+06
  -4.4699884e+05  -2.3861723e+06
  -4.4600273e+05  -2.3862604e+06
  -4.4500662e+05  -2.3863485e+06
  -4.4401050e+05  -2.3864366e+06
  -4.4301439e+05  -2.3865247e+06
  -4.4201828e+05  -2.3866128e+06
  -4.4102217e+05  -2.3867009e+06
  -4.4002605e+05  -2.3867890e+06
  -4.3902994e+05  -2.3868771e+06
  -4.3803383e+05  -2.3869652e+06
  -4.3703772e+05  -2.3870533e+06
  -4.3604160e+05  -2.3871413e+06
  -4.3504549e+05  -2.3872294e+06
  -4.3404938e+05  -2.3873175e+06
  -4.3305327e+05  -2.3874056e+06
  -4.3205716e+05  -2.3874937e+06
  -4.3106104e+05  -2.3875818e+06
  -4.3006493e+05  -2.3876699e+06
  -4.2906882e+05  -2.3877580e+06
  -4.2807271e+05  -2.3878461e+06
  -4.2707659e+05  -2.3879342e+06
  -4.2608048e+05  -2.3880223e+06
  -4.2508437e+05  -2.3881104e+06
  -4.2408826e+05  -2.3881985e+06
  -4.2309214e+05  -2.3882865e+06
  -4.2209603e+05  -2.3883746e+06
  -4.2109992e+05  -2.3884627e+06
  -4.2010381e+05  -2.3885508e+06
  -4.1910769e+05  -2.3886389e+06
  -4.1811158e+05  -2.3887270e+06
  -4.1711547e+05  -2.3888151e+06
  -4.1611936e+05  -2.3889032e+06
  -4.1512325e+05  -2.3889913e+06
  -4.1412713e+05  -2.3890794e+06
  -4.1313102e+05  -2.3891675e+06
  -4.1213491e+05  -2.3892556e+06
  -4.1113880e+05  -2.3893436e+06
  -4.1014268e+05  -2.3894317e+06
  -4.0914657e+05  -2.3895198e+06
  -4.0815046e+05  -2.3896079e+06
  -4.0715435e+05  -2.3896960e+06
  -4.0615823e+05  -2.3897841e+06
  -4.0516212e+05  -2.3898722e+06
  -4.0416601e+05  -2.3899603e+06
  -4.0316990e+05  -2.3900484e+06
  -4.0217378e+05  -2.3901365e+06
  -4.0117767e+05  -2.3902246e+06
  -4.0018156e+05  -2.3903127e+06
  -3.9918545e+05  -2.3904008e+06
  -3.9818934e+05  -2.3904888e+06
  -3.9719322e+05  -2.3905769e+06
  -3.9619711e+05  -2.3906650e+06
  -3.9520100e+05  -2.3907531e+06
  -3.9420489e+05  -2.3908412e+06
  -3.9320877e+05  -2.3909293e+06
  -3.9221266e+05  -2.3910174e+06
  -3.9121655e+05  -2.3911055e+06
  -3.9022044e+05  -2.3911936e+06
  -3.8922432e+05  -2.3912817e+06
  -3.8822821e+05  -2.3913698e+06
  -3.8723210e+05  -2.3914579e+06
  -3.8623599e+05  -2.3915459e+06
  -3.8523988e+05  -2.3916340e+06
  -3.8424376e+05  -2.3917221e+06
  -3.8324765e+05  -2.3918102e+06
  -3.8225154e+05  -2.3918983e+06
  -3.8125543e+05  -2.3919864e+06
  -3.8025931e+05  -2.3920745e+06
  -3.7926320e+05  -2.3921626e+06
  -3.7826709e+05  -2.3922507e+06
  -3.7727098e+05  -2.3923388e+06
  -3.7627486e+05  -2.3924269e+06
  -3.7527875e+05  -2.3925150e+06
  -3.7428264e+05  -2.3926031e+06
  -3.7328653e+05  -2.3926911e+06
  -3.7229041e+05  -2.3927792e+06
  -3.7129430e+05  -2.3928673e+06
  -3.7029819e+05  -2.3929554e+06
  -3.6930208e+05  -2.3930435e+06
  -3.6830597e+05  -2.3931316e+06
  -3.6730985e+05  -2.3932197e+06
  -3.6631374e+05  -2.3933078e+06
  -3.6531763e+05  -2.3933959e+06
  -3.6432152e+05  -2.3934840e+06
  -3.6332540e+05  -2.3935721e+06
  -3.6232929e+05  -2.3936602e+06
  -3.6133318e+05  -2.3937482e+06
  -3.6033707e+05  -2.3938363e+06
  -3.5934095e+05  -2.3939244e+06
  -3.5834484e+05  -2.3940125e+06
  -3.5734873e+05  -2.3941006e+06
  -3.5635262e+05  -2.3941887e+06
  -3.5535650e+05  -2.3942768e+06
  -3.5436039e+05  -2.3943649e+06
  -3.5336428e+05  -2.3944530e+06
  -3.5236817e+05  -2.3945411e+06
  -3.5137206e+05  -2.3946292e+06
  -3.5037594e+05  -2.3947173e+06
  -3.4937983e+05  -2.3948054e+06
  -3.4838372e+05  -2.3948934e+06
  -3.4738761e+05  -2.3949815e+06
  -3.4639149e+05  -2.3950696e+06
  -3.4539538e+05  -2.3951577e+06
  -3.4439927e+05  -2.3952458e+06
  -3.4340316e+05  -2.3953339e+06
  -3.4240704e+05  -2.3954220e+06
  -3.4141093e+05  -2.3955101e+06
  -3.4041482e+05  -2.3955982e+06
  -3.3941871e+05  -2.3956863e+06
  -3.3842259e+05  -2.3957744e+06
  -3.3742648e+05  -2.3958625e+06
  -3.3643037e+05  -2.3959505e+06
  -3.3543426e+05  -2.3960386e+06
  -3.3443815e+05  -2.3961267e+06
  -3.3344203e+05  -2.3962148e+06
  -3.3244592e+05  -2.3963029e+06
  -3.3144981e+05  -2.3963910e+06
  -3.3045370e+05  -2.3964791e+06
  -3.2945758e+05  -2.3965672e+06
  -3.2846147e+05  -2.3966553e+06
  -3.2746536e+05  -2.3967434e+06
  -3.2646925e+05  -2.3968315e+06
  -3.2547313e+05  -2.3969196e+06
  -3.2447702e+05  -2.3970077e+06
  -3.2348091e+05  -2.3970957e+06
  -3.2248480e+05  -2.3971838e+06
  -3.2148868e+05  -2.3972719e+06
  -3.2049257e+05  -2.3973600e+06
  -3.1949646e+05  -2.3974481e+06
  -3.1850035e+05  -2.3975362e+06
  -3.1750424e+05  -2.3976243e+06
  -3.1650812e+05  -2.3977124e+06
  -3.1551201e+05  -2.3978005e+06
  -3.1451590e+05  -2.3978886e+06
  -3.1351979e+05  -2.3979767e+06
  -3.1252367e+05  -2.3980648e+06
  -3.1152756e+05  -2.3981528e+06
  -3.1053145e+05  -2.3982409e+06
  -3.0953534e+05  -2.3983290e+06
  -3.0853922e+05  -2.3984171e+06
  -3.0754311e+05  -2.3985052e+06
  -3.0654700e+05  -2.3985933e+06
  -3.0555089e+05  -2.3986814e+06
  -3.0455478e+05  -2.3987695e+06
  -3.0355866e+05  -2.3988576e+06
  -3.0256255e+05  -2.3989457e+06
  -3.0156644e+05  -2.3990338e+06
  -3.0057033e+05  -2.3991219e+06
  -2.9957421e+05  -2.3992099e+06
  -2.9857810e+05  -2.3992980e+06
  -2.9758199e+05  -2.3993861e+06
  -2.9658588e+05  -2.3994742e+06
  -2.9558976e+05  -2.3995623e+06
  -2.9459365e+05  -2.3996504e+06
  -2.9359754e+05  -2.3997385e+06
  -2.9260143e+05  -2.3998266e+06
  -2.9160531e+05  -2.3999147e+06
  -2.9060920e+05  -2.4000028e+06
  -2.8961309e+05  -2.4000909e+06
  -2.8861698e+05  -2.4001790e+06
  -2.8762087e+05  -2.4002671e+06
  -2.8662475e+05  -2.4003551e+06
  -2.8562864e+05  -2.4004432e+06
  -2.8463253e+05  -2.4005313e+06
  -2.8363642e+05  -2.4006194e+06
  -2.8264030e+05  -2.4007075e+06
  -2.8164419e+05  -2.4007956e+06
  -2.8064808e+05  -2.4008837e+06
  -2.7965197e+05  -2.4009718e+06
  -2.7865585e+05  -2.4010599e+06
  -2.7765974e+05  -2.4011480e+06
  -2.7666363e+05  -2.4012361e+06
  -2.7566752e+05  -2.4013242e+06
  -2.7467140e+05  -2.4014122e+06
  -2.7367529e+05  -2.4015003e+06
  -2.7267918e+05  -2.4015884e+06
  -2.7168307e+05  -2.4016765e+06
  -2.7068696e+05  -2.4017646e+06
  -2.6969084e+05  -2.4018527e+06
  -2.6869473e+05  -2.4019408e+06
  -2.6769862e+05  -2.4020289e+06
  -2.6670251e+05  -2.4021170e+06
  -2.6570639e+05  -2.4022051e+06
  -2.6471028e+05  -2.4022932e+06
  -2.6371417e+05  -2.4023813e+06
  -2.6271806e+05  -2.4024694e+06
  -2.6172194e+05  -2.4025574e+06
  -2.6072583e+05  -2.4026455e+06
  -2.5972972e+05  -2.4027336e+06
  -2.5873361e+05  -2.4028217e+06
  -2.5773749e+05  -2.4029098e+06
  -2.5674138e+05  -2.4029979e+06
  -2.5574527e+05  -2.4030860e+06
  -2.5474916e+05  -2.4031741e+06
  -2.5375305e+05  -2.4032622e+06
  -2.5275693e+05  -2.4033503e+06
  -2.5176082e+05  -2.4034384e+06
  -2.5076471e+05  -2.4035265e+06
  -2.4976860e+05  -2.4036145e+06
  -2.4877248e+05  -2.4037026e+06
  -2.4777637e+05  -2.4037907e+06
  -2.4678026e+05  -2.4038788e+06
  -2.4578415e+05  -2.4039669e+06
  -2.4478803e+05  -2.4040550e+06
  -2.4379192e+05  -2.4041431e+06
  -2.4279581e+05  -2.4042312e+06
  -2.4179970e+05  -2.4043193e+06
  -2.4080358e+05  -2.4044074e+06
  -2.3980747e+05  -2.4044955e+06
  -2.3881136e+05  -2.4045836e+06
  -2.3781525e+05  -2.4046717e+06
  -2.3681914e+05  -2.4047597e+06
  -2.3582302e+05  -2.4048478e+06
  -2.3482691e+05  -2.4049359e+06
  -2.3383080e+05  -2.4050240e+06
  -2.3283469e+05  -2.4051121e+06
  -2.3183857e+05  -2.4052002e+06
  -2.3084246e+05  -2.4052883e+06
  -2.2984635e+05  -2.4053764e+06
  -2.2885024e+05  -2.4054645e+06
  -2.2785412e+05  -2.4055526e+06
  -2.2685801e+05  -2.4056407e+06
  -2.2586190e+05  -2.4057288e+06
  -2.2486579e+05  -2.4058168e+06
  -2.2386968e+05  -2.4059049e+06
  -2.2287356e+05  -2.4059930e+06
  -2.2187745e+05  -2.4060811e+06
  -2.2088134e+05  -2.4061692e+06
  -2.1988523e+05  -2.4062573e+06
  -2.1888911e+05  -2.4063454e+06
  -2.1789300e+05  -2.4064335e+06
  -2.1689689e+05  -2.4065216e+06
  -2.1590078e+05  -2.4066097e+06
  -2.1490466e+05  -2.4066978e+06
  -2.1390855e+05  -2.4067859e+06
  -2.1291244e+05  -2.4068740e+06
  -2.1191633e+05  -2.4069620e+06
  -2.1092021e+05  -2.4070501e+06
  -2.0992410e+05  -2.4071382e+06
  -2.0892799e+05  -2.4072263e+06
  -2.0793188e+05  -2.4073144e+06
  -2.0693577e+05  -2.4074025e+06
  -2.0593965e+05  -2.4074906e+06
  -2.0494354e+05  -2.4075787e+06
  -2.0394743e+05  -2.4076668e+06
  -2.0295132e+05  -2.4077549e+06
  -2.0195520e+05  -2.4078430e+06
  -2.0095909e+05  -2.4079311e+06
  -1.9996298e+05  -2.4080191e+06
  -1.9896687e+05  -2.4081072e+06
  -1.9797075e+05  -2.4081953e+06
  -1.9697464e+05  -2.4082834e+06
  -1.9597853e+05  -2.4083715e+06
  -1.9498242e+05  -2.4084596e+06
  -1.9398630e+05  -2.4085477e+06
  -1.9299019e+05  -2.4086358e+06
  -1.9199408e+05  -2.4087239e+06
  -1.9099797e+05  -2.4088120e+06
  -1.9000186e+05  -2.4089001e+06
  -1.8900574e+05  -2.4089882e+06
  -1.8800963e+05  -2.4090763e+06
  -1.8701352e+05  -2.4091643e+06
  -1.8601741e+05  -2.4092524e+06
  -1.8502129e+05  -2.4093405e+06
  -1.8402518e+05  -2.4094286e+06
  -1.8302907e+05  -2.4095167e+06
  -1.8203296e+05  -2.4096048e+06
  -1.8103684e+05  -2.4096929e+06
  -1.8004073e+05  -2.4097810e+06
  -1.7904462e+05  -2.4098691e+06
  -1.7804851e+05  -2.4099572e+06
  -1.7705239e+05  -2.4100453e+06
  -1.7605628e+05  -2.4101334e+06
  -1.7506017e+05  -2.4102214e+06
  -1.7406406e+05  -2.4103095e+06
  -1.7306795e+05  -2.4103976e+06
  -1.7207183e+05  -2.4104857e+06
  -1.7107572e+05  -2.4105738e+06
  -1.7007961e+05  -2.4106619e+06
  -1.6908350e+05  -2.4107500e+06
  -1.6808738e+05  -2.4108381e+06
  -1.6709127e+05  -2.4109262e+06
  -1.6609516e+05  -2.4110143e+06
  -1.6509905e+05  -2.4111024e+06
  -1.6410293e+05  -2.4111905e+06
  -1.6310682e+05  -2.4112786e+06
  -1.6211071e+05  -2.4113666e+06
  -1.6111460e+05  -2.4114547e+06
  -1.6011849e+05  -2.4115428e+06
  -1.5912237e+05  -2.4116309e+06
  -1.5812626e+05  -2.4117190e+06
  -1.5713015e+05  -2.4118071e+06
  -1.5613404e+05  -2.4118952e+06
  -1.5513792e+05  -2.4119833e+06
  -1.5414181e+05  -2.4120714e+06
  -1.5314570e+05  -2.4121595e+06
  -1.5214959e+05  -2.4122476e+06
  -1.5115347e+05  -2.4123357e+06
  -1.5015736e+05  -2.4124237e+06
  -1.4916125e+05  -2.4125118e+06
  -1.4816514e+05  -2.4125999e+06
  -1.4716902e+05  -2.4126880e+06
  -1.4617291e+05  -2.4127761e+06
  -1.4517680e+05  -2.4128642e+06
  -1.4418069e+05  -2.4129523e+06
  -1.4318458e+05  -2.4130404e+06
  -1.4218846e+05  -2.4131285e+06
  -1.4119235e+05  -2.4132166e+06
  -1.4019624e+05  -2.4133047e+06
  -1.3920013e+05  -2.4133928e+06
  -1.3820401e+05  -2.4134808e+06
  -1.3720790e+05  -2.4135689e+06
  -1.3621179e+05  -2.4136570e+06
  -1.3521568e+05  -2.4137451e+06
  -1.3421956e+05  -2.4138332e+06
  -1.3322345e+05  -2.4139213e+06
  -1.3222734e+05  -2.4140094e+06
  -1.3123123e+05  -2.4140975e+06
  -1.3023511e+05  -2.4141856e+06
  -1.2923900e+05  -2.4142737e+06
  -1.2824289e+05  -2.4143618e+06
  -1.2724678e+05  -2.4144499e+06
  -1.2625067e+05  -2.4145380e+06
  -1.2525455e+05  -2.4146260e+06
  -1.2425844e+05  -2.4147141e+06
  -1.2326233e+05  -2.4148022e+06
  -1.2226622e+05  -2.4148903e+06
  -1.2127010e+05  -2.4149784e+06
  -1.2027399e+05  -2.4150665e+06
  -1.1927788e+05  -2.4151546e+06
  -1.1828177e+05  -2.4152427e+06
  -1.1728565e+05  -2.4153308e+06
  -1.1628954e+05  -2.4154189e+06
  -1.1529343e+05  -2.4155070e+06
  -1.1429732e+05  -2.4155951e+06
  -1.1330120e+05  -2.4156831e+06
  -1.1230509e+05  -2.4157712e+06
  -1.1130898e+05  -2.4158593e+06
  -1.1031287e+05  -2.4159474e+06
  -1.0931676e+05  -2.4160355e+06
  -1.0832064e+05  -2.4161236e+06
  -1.0732453e+05  -2.4162117e+06
  -1.0632842e+05  -2.4162998e+06
  -1.0533231e+05  -2.4163879e+06
  -1.0433619e+05  -2.4164760e+06
  -1.0334008e+05  -2.4165641e+06
  -1.0234397e+05  -2.4166522e+06
  -1.0134786e+05  -2.4167403e+06
  -1.0035174e+05  -2.4168283e+06
  -9.9355632e+04  -2.4169164e+06
  -9.8359520e+04  -2.4170045e+06
  -9.7363407e+04  -2.4170926e+06
  -9.6367295e+04  -2.4171807e+06
  -9.5371183e+04  -2.4172688e+06
  -9.4375070e+04  -2.4173569e+06
  -9.3378958e+04  -2.4174450e+06
  -9.2382846e+04  -2.4175331e+06
  -9.1386733e+04  -2.4176212e+06
  -9.0390621e+04  -2.4177093e+06
  -8.9394509e+04  -2.4177974e+06
  -8.8398396e+04  -2.4178854e+06
  -8.7402284e+04  -2.4179735e+06
  -8.6406172e+04  -2.4180616e+06
  -8.5410059e+04  -2.4181497e+06
  -8.4413947e+04  -2.4182378e+06
  -8.3417834e+04  -2.4183259e+06
  -8.2421722e+04  -2.4184140e+06
  -8.1425610e+04  -2.4185021e+06
  -8.0429497e+04  -2.4185902e+06
  -7.9433385e+04  -2.4186783e+06
  -7.8437273e+04  -2.4187664e+06
  -7.7441160e+04  -2.4188545e+06
  -7.6445048e+04  -2.4189426e+06
  -7.5448936e+04  -2.4190306e+06
  -7.4452823e+04  -2.4191187e+06
  -7.3456711e+04  -2.4192068e+06
  -7.2460599e+04  -2.4192949e+06
  -7.1464486e+04  -2.4193830e+06
  -7.0468374e+04  -2.4194711e+06
  -6.9472262e+04  -2.4195592e+06
  -6.8476149e+04  -2.4196473e+06
  -6.7480037e+04  -2.4197354e+06
  -6.6483925e+04  -2.4198235e+06
  -6.5487812e+04  -2.4199116e+06
  -6.4491700e+04  -2.4199997e+06
  -6.3495588e+04  -2.4200877e+06
  -6.2499475e+04  -2.4201758e+06
  -6.1503363e+04  -2.4202639e+06
  -6.0507251e+04  -2.4203520e+06
  -5.9511138e+04  -2.4204401e+06
  -5.8515026e+04  -2.4205282e+06
  -5.7518914e+04  -2.4206163e+06
  -5.6522801e+04  -2.4207044e+06
  -5.5526689e+04  -2.4207925e+06
  -5.4530576e+04  -2.4208806e+06
  -5.3534464e+04  -2.4209687e+06
  -5.2538352e+04  -2.4210568e+06
  -5.1542239e+04  -2.4211449e+06
  -5.0546127e+04  -2.4212329e+06
  -4.9550015e+04  -2.4213210e+06
  -4.8553902e+04  -2.4214091e+06
  -4.7557790e+04  -2.4214972e+06
  -4.6561678e+04  -2.4215853e+06
  -4.5565565e+04  -2.4216734e+06
  -4.4569453e+04  -2.4217615e+06
  -4.3573341e+04  -2.4218496e+06
  -4.2577228e+04  -2.4219377e+06
  -4.1581116e+04  -2.4220258e+06
  -4.0585004e+04  -2.4221139e+06
  -3.9588891e+04  -2.4222020e+06
  -3.8592779e+04  -2.4222900e+06
  -3.7596667e+04  -2.4223781e+06
  -3.6600554e+04  -2.4224662e+06
  -3.5604442e+04  -2.4225543e+06
  -3.4608330e+04  -2.4226424e+06
  -3.3612217e+04  -2.4227305e+06
  -3.2616105e+04  -2.4228186e+06
  -3.1619993e+04  -2.4229067e+06
  -3.0623880e+04  -2.4229948e+06
  -2.9627768e+04  -2.4230829e+06
  -2.8631656e+04  -2.4231710e+06
  -2.7635543e+04  -2.4232591e+06
  -2.6639431e+04  -2.4233472e+06
  -2.5643318e+04  -2.4234352e+06
  -2.4647206e+04  -2.4235233e+06
  -2.3651094e+04  -2.4236114e+06
  -2.2654981e+04  -2.4236995e+06
  -2.1658869e+04  -2.4237876e+06
  -2.0662757e+04  -2.4238757e+06
  -1.9666644e+04  -2.4239638e+06
  -1.8670532e+04  -2.4240519e+06
  -1.7674420e+04  -2.4241400e+06
  -1.6678307e+04  -2.4242281e+06
  -1.5682195e+04  -2.4243162e+06
  -1.4686083e+04  -2.4244043e+06
  -1.3689970e+04  -2.4244923e+06
  -1.2693858e+04  -2.4245804e+06
  -1.1697746e+04  -2.4246685e+06
  -1.0701633e+04  -2.4247566e+06
  -9.7055209e+03  -2.4248447e+06
  -8.7094086e+03  -2.4249328e+06
  -7.7132963e+03  -2.4250209e+06
  -6.7171839e+03  -2.4251090e+06
  -5.7210716e+03  -2.4251971e+06
  -4.7249592e+03  -2.4252852e+06
  -3.7288469e+03  -2.4253733e+06
  -2.7327345e+03  -2.4254614e+06
  -1.7366222e+03  -2.4255495e+06
  -7.4050984e+02  -2.4256375e+06
   2.5560250e+02  -2.4257256e+06
   1.2517148e+03  -2.4258137e+06
   2.2478272e+03  -2.4259018e+06
   3.2439395e+03  -2.4259899e+06
   4.2400519e+03  -2.4260780e+06
   5.2361642e+03  -2.4261661e+06
   6.2322766e+03  -2.4262542e+06
   7.2283889e+03  -2.4263423e+06
   8.2245013e+03  -2.4264304e+06
   9.2206136e+03  -2.4265185e+06
   1.0216726e+04  -2.4266066e+06
   1.1212838e+04  -2.4266946e+06
   1.2208951e+04  -2.4267827e+06
   1.3205063e+04  -2.4268708e+06
   1.4201175e+04  -2.4269589e+06
   1.5197288e+04  -2.4270470e+06
   1.6193400e+04  -2.4271351e+06
   1.7189512e+04  -2.4272232e+06
   1.8185625e+04  -2.4273113e+06
   1.9181737e+04  -2.4273994e+06
   2.0177849e+04  -2.4274875e+06
   2.1173962e+04  -2.4275756e+06
   2.2170074e+04  -2.4276637e+06
   2.3166186e+04  -2.4277517e+06
   2.4162299e+04  -2.4278398e+06
   2.5158411e+04  -2.4279279e+06
   2.6154523e+04  -2.4280160e+06
   2.7150636e+04  -2.4281041e+06
   2.8146748e+04  -2.4281922e+06
   2.9142861e+04  -2.4282803e+06
   3.0138973e+04  -2.4283684e+06
   3.1135085e+04  -2.4284565e+06
   3.2131198e+04  -2.4285446e+06
   3.3127310e+04  -2.4286327e+06
   3.4123422e+04  -2.4287208e+06
   3.5119535e+04  -2.4288089e+06
   3.6115647e+04  -2.4288969e+06
   3.7111759e+04  -2.4289850e+06
   3.8107872e+04  -2.4290731e+06
   3.9103984e+04  -2.4291612e+06
   4.0100096e+04  -2.4292493e+06
   4.1096209e+04  -2.4293374e+06
   4.2092321e+04  -2.4294255e+06
   4.3088433e+04  -2.4295136e+06
   4.4084546e+04  -2.4296017e+06
   4.5080658e+04  -2.4296898e+06
   4.6076770e+04  -2.4297779e+06
   4.7072883e+04  -2.4298660e+06
   4.8068995e+04  -2.4299540e+06
   4.9065107e+04  -2.4300421e+06
   5.0061220e+04  -2.4301302e+06
   5.1057332e+04  -2.4302183e+06
   5.2053444e+04  -2.4303064e+06
   5.3049557e+04  -2.4303945e+06
   5.4045669e+04  -2.4304826e+06
   5.5041781e+04  -2.4305707e+06
   5.6037894e+04  -2.4306588e+06
   5.7034006e+04  -2.4307469e+06
   5.8030119e+04  -2.4308350e+06
   5.9026231e+04  -2.4309231e+06
   6.0022343e+04  -2.4310112e+06
   6.1018456e+04  -2.4310992e+06
   6.2014568e+04  -2.4311873e+06
   6.3010680e+04  -2.4312754e+06
   6.4006793e+04  -2.4313635e+06
   6.5002905e+04  -2.4314516e+06
   6.5999017e+04  -2.4315397e+06
   6.6995130e+04  -2.4316278e+06
   6.7991242e+04  -2.4317159e+06
   6.8987354e+04  -2.4318040e+06
   6.9983467e+04  -2.4318921e+06
   7.0979579e+04  -2.4319802e+06
   7.1975691e+04  -2.4320683e+06
   7.2971804e+04  -2.4321563e+06
   7.3967916e+04  -2.4322444e+06
   7.4964028e+04  -2.4323325e+06
   7.5960141e+04  -2.4324206e+06
   7.6956253e+04  -2.4325087e+06
   7.7952365e+04  -2.4325968e+06
   7.8948478e+04  -2.4326849e+06
   7.9944590e+04  -2.4327730e+06
   8.0940702e+04  -2.4328611e+06
   8.1936815e+04  -2.4329492e+06
   8.2932927e+04  -2.4330373e+06
   8.3929039e+04  -2.4331254e+06
   8.4925152e+04  -2.4332135e+06
   8.5921264e+04  -2.4333015e+06
   8.6917377e+04  -2.4333896e+06
   8.7913489e+04  -2.4334777e+06
   8.8909601e+04  -2.4335658e+06
   8.9905714e+04  -2.4336539e+06
   9.0901826e+04  -2.4337420e+06
   9.1897938e+04  -2.4338301e+06
   9.2894051e+04  -2.4339182e+06
   9.3890163e+04  -2.4340063e+06
   9.4886275e+04  -2.4340944e+06
   9.5882388e+04  -2.4341825e+06
   9.6878500e+04  -2.4342706e+06
   9.7874612e+04  -2.4343586e+06
   9.8870725e+04  -2.4344467e+06
   9.9866837e+04  -2.4345348e+06
   1.0086295e+05  -2.4346229e+06
   1.0185906e+05  -2.4347110e+06
   1.0285517e+05  -2.4347991e+06
   1.0385129e+05  -2.4348872e+06
   1.0484740e+05  -2.4349753e+06
   1.0584351e+05  -2.4350634e+06
   1.0683962e+05  -2.4351515e+06
   1.0783574e+05  -2.4352396e+06
   1.0883185e+05  -2.4353277e+06
   1.0982796e+05  -2.4354158e+06
   1.1082407e+05  -2.4355038e+06
   1.1182019e+05  -2.4355919e+06
   1.1281630e+05  -2.4356800e+06
   1.1381241e+05  -2.4357681e+06
   1.1480852e+05  -2.4358562e+06
   1.1580463e+05  -2.4359443e+06
   1.1680075e+05  -2.4360324e+06
   1.1779686e+05  -2.4361205e+06
   1.1879297e+05  -2.4362086e+06
   1.1978908e+05  -2.4362967e+06
   1.2078520e+05  -2.4363848e+06
   1.2178131e+05  -2.4364729e+06
   1.2277742e+05  -2.4365609e+06
   1.2377353e+05  -2.4366490e+06
   1.2476965e+05  -2.4367371e+06
   1.2576576e+05  -2.4368252e+06
   1.2676187e+05  -2.4369133e+06
   1.2775798e+05  -2.4370014e+06
   1.2875410e+05  -2.4370895e+06
   1.2975021e+05  -2.4371776e+06
   1.3074632e+05  -2.4372657e+06
   1.3174243e+05  -2.4373538e+06
   1.3273854e+05  -2.4374419e+06
   1.3373466e+05  -2.4375300e+06
   1.3473077e+05  -2.4376181e+06
   1.3572688e+05  -2.4377061e+06
   1.3672299e+05  -2.4377942e+06
   1.3771911e+05  -2.4378823e+06
   1.3871522e+05  -2.4379704e+06
   1.3971133e+05  -2.4380585e+06
   1.4070744e+05  -2.4381466e+06
   1.4170356e+05  -2.4382347e+06
   1.4269967e+05  -2.4383228e+06
   1.4369578e+05  -2.4384109e+06
   1.4469189e+05  -2.4384990e+06
   1.4568800e+05  -2.4385871e+06
   1.4668412e+05  -2.4386752e+06
   1.4768023e+05  -2.4387632e+06
   1.4867634e+05  -2.4388513e+06
   1.4967245e+05  -2.4389394e+06
   1.5066857e+05  -2.4390275e+06
   1.5166468e+05  -2.4391156e+06
   1.5266079e+05  -2.4392037e+06
   1.5365690e+05  -2.4392918e+06
   1.5465302e+05  -2.4393799e+06
   1.5564913e+05  -2.4394680e+06
   1.5664524e+05  -2.4395561e+06
   1.5764135e+05  -2.4396442e+06
   1.5863747e+05  -2.4397323e+06
   1.5963358e+05  -2.4398204e+06
   1.6062969e+05  -2.4399084e+06
   1.6162580e+05  -2.4399965e+06
   1.6262191e+05  -2.4400846e+06
   1.6361803e+05  -2.4401727e+06
   1.6461414e+05  -2.4402608e+06
   1.6561025e+05  -2.4403489e+06
   1.6660636e+05  -2.4404370e+06
   1.6760248e+05  -2.4405251e+06
   1.6859859e+05  -2.4406132e+06
   1.6959470e+05  -2.4407013e+06
   1.7059081e+05  -2.4407894e+06
   1.7158693e+05  -2.4408775e+06
   1.7258304e+05  -2.4409655e+06
   1.7357915e+05  -2.4410536e+06
   1.7457526e+05  -2.4411417e+06
   1.7557138e+05  -2.4412298e+06
   1.7656749e+05  -2.4413179e+06
   1.7756360e+05  -2.4414060e+06
   1.7855971e+05  -2.4414941e+06
   1.7955582e+05  -2.4415822e+06
   1.8055194e+05  -2.4416703e+06
   1.8154805e+05  -2.4417584e+06
   1.8254416e+05  -2.4418465e+06
   1.8354027e+05  -2.4419346e+06
   1.8453639e+05  -2.4420226e+06
   1.8553250e+05  -2.4421107e+06
   1.8652861e+05  -2.4421988e+06
   1.8752472e+05  -2.4422869e+06
   1.8852084e+05  -2.4423750e+06
   1.8951695e+05  -2.4424631e+06
   1.9051306e+05  -2.4425512e+06
   1.9150917e+05  -2.4426393e+06
   1.9250529e+05  -2.4427274e+06
   1.9350140e+05  -2.4428155e+06
   1.9449751e+05  -2.4429036e+06
   1.9549362e+05  -2.4429917e+06
   1.9648973e+05  -2.4430798e+06
   1.9748585e+05  -2.4431678e+06
   1.9848196e+05  -2.4432559e+06
   1.9947807e+05  -2.4433440e+06
   2.0047418e+05  -2.4434321e+06
   2.0147030e+05  -2.4435202e+06
   2.0246641e+05  -2.4436083e+06
   2.0346252e+05  -2.4436964e+06
   2.0445863e+05  -2.4437845e+06
   2.0545475e+05  -2.4438726e+06
   2.0645086e+05  -2.4439607e+06
   2.0744697e+05  -2.4440488e+06
   2.0844308e+05  -2.4441369e+06
   2.0943919e+05  -2.4442249e+06
   2.1043531e+05  -2.4443130e+06
   2.1143142e+05  -2.4444011e+06
   2.1242753e+05  -2.4444892e+06
   2.1342364e+05  -2.4445773e+06
   2.1441976e+05  -2.4446654e+06
   2.1541587e+05  -2.4447535e+06
   2.1641198e+05  -2.4448416e+06
   2.1740809e+05  -2.4449297e+06
   2.1840421e+05  -2.4450178e+06
   2.1940032e+05  -2.4451059e+06
   2.2039643e+05  -2.4451940e+06
   2.2139254e+05  -2.4452821e+06
   2.2238866e+05  -2.4453701e+06
   2.2338477e+05  -2.4454582e+06
   2.2438088e+05  -2.4455463e+06
   2.2537699e+05  -2.4456344e+06
   2.2637310e+05  -2.4457225e+06
   2.2736922e+05  -2.4458106e+06
   2.2836533e+05  -2.4458987e+06
   2.2936144e+05  -2.4459868e+06
   2.3035755e+05  -2.4460749e+06
   2.3135367e+05  -2.4461630e+06
   2.3234978e+05  -2.4462511e+06
   2.3334589e+05  -2.4463392e+06
   2.3434200e+05  -2.4464272e+06
   2.3533812e+05  -2.4465153e+06
   2.3633423e+05  -2.4466034e+06
   2.3733034e+05  -2.4466915e+06
   2.3832645e+05  -2.4467796e+06
   2.3932257e+05  -2.4468677e+06
   2.4031868e+05  -2.4469558e+06
   2.4131479e+05  -2.4470439e+06
   2.4231090e+05  -2.4471320e+06
   2.4330701e+05  -2.4472201e+06
   2.4430313e+05  -2.4473082e+06
   2.4529924e+05  -2.4473963e+06
   2.4629535e+05  -2.4474844e+06
   2.4729146e+05  -2.4475724e+06
   2.4828758e+05  -2.4476605e+06
   2.4928369e+05  -2.4477486e+06
   2.5027980e+05  -2.4478367e+06
   2.5127591e+05  -2.4479248e+06
   2.5227203e+05  -2.4480129e+06
   2.5326814e+05  -2.4481010e+06
   2.5426425e+05  -2.4481891e+06
   2.5526036e+05  -2.4482772e+06
   2.5625648e+05  -2.4483653e+06
   2.5725259e+05  -2.4484534e+06
   2.5824870e+05  -2.4485415e+06
   2.5924481e+05  -2.4486295e+06
   2.6024092e+05  -2.4487176e+06
   2.6123704e+05  -2.4488057e+06
   2.6223315e+05  -2.4488938e+06
   2.6322926e+05  -2.4489819e+06
   2.6422537e+05  -2.4490700e+06
   2.6522149e+05  -2.4491581e+06
   2.6621760e+05  -2.4492462e+06
   2.6721371e+05  -2.4493343e+06
   2.6820982e+05  -2.4494224e+06
   2.6920594e+05  -2.4495105e+06
   2.7020205e+05  -2.4495986e+06
   2.7119816e+05  -2.4496867e+06
   2.7219427e+05  -2.4497747e+06
   2.7319039e+05  -2.4498628e+06
   2.7418650e+05  -2.4499509e+06
   2.7518261e+05  -2.4500390e+06
   2.7617872e+05  -2.4501271e+06
   2.7717483e+05  -2.4502152e+06
   2.7817095e+05  -2.4503033e+06
   2.7916706e+05  -2.4503914e+06
   2.8016317e+05  -2.4504795e+06
   2.8115928e+05  -2.4505676e+06
