   2.8115928e+05  -2.4505676e+06
   2.8120333e+05  -2.4500695e+06
   2.8124738e+05  -2.4495715e+06
   2.8129142e+05  -2.4490734e+06
   2.8133547e+05  -2.4485753e+06
   2.8137951e+05  -2.4480773e+06
   2.8142356e+05  -2.4475792e+06
   2.8146761e+05  -2.4470812e+06
   2.8151165e+05  -2.4465831e+06
   2.8155570e+05  -2.4460851e+06
   2.8159974e+05  -2.4455870e+06
   2.8164379e+05  -2.4450890e+06
   2.8168784e+05  -2.4445909e+06
   2.8173188e+05  -2.4440928e+06
   2.8177593e+05  -2.4435948e+06
   2.8181997e+05  -2.4430967e+06
   2.8186402e+05  -2.4425987e+06
   2.8190807e+05  -2.4421006e+06
   2.8195211e+05  -2.4416026e+06
   2.8199616e+05  -2.4411045e+06
   2.8204020e+05  -2.4406064e+06
   2.8208425e+05  -2.4401084e+06
   2.8212830e+05  -2.4396103e+06
   2.8217234e+05  -2.4391123e+06
   2.8221639e+05  -2.4386142e+06
   2.8226043e+05  -2.4381162e+06
   2.8230448e+05  -2.4376181e+06
   2.8234853e+05  -2.4371201e+06
   2.8239257e+05  -2.4366220e+06
   2.8243662e+05  -2.4361239e+06
   2.8248066e+05  -2.4356259e+06
   2.8252471e+05  -2.4351278e+06
   2.8256876e+05  -2.4346298e+06
   2.8261280e+05  -2.4341317e+06
   2.8265685e+05  -2.4336337e+06
   2.8270089e+05  -2.4331356e+06
   2.8274494e+05  -2.4326375e+06
   2.8278899e+05  -2.4321395e+06
   2.8283303e+05  -2.4316414e+06
   2.8287708e+05  -2.4311434e+06
   2.8292112e+05  -2.4306453e+06
   2.8296517e+05  -2.4301473e+06
   2.8300922e+05  -2.4296492e+06
   2.8305326e+05  -2.4291512e+06
   2.8309731e+05  -2.4286531e+06
   2.8314135e+05  -2.4281550e+06
   2.8318540e+05  -2.4276570e+06
   2.8322945e+05  -2.4271589e+06
   2.8327349e+05  -2.4266609e+06
   2.8331754e+05  -2.4261628e+06
   2.8336158e+05  -2.4256648e+06
   2.8340563e+05  -2.4251667e+06
   2.8344968e+05  -2.4246687e+06
   2.8349372e+05  -2.4241706e+06
   2.8353777e+05  -2.4236725e+06
   2.8358181e+05  -2.4231745e+06
   2.8362586e+05  -2.4226764e+06
   2.8366991e+05  -2.4221784e+06
   2.8371395e+05  -2.4216803e+06
   2.8375800e+05  -2.4211823e+06
   2.8380204e+05  -2.4206842e+06
   2.8384609e+05  -2.4201861e+06
   2.8389014e+05  -2.4196881e+06
   2.8393418e+05  -2.4191900e+06
   2.8397823e+05  -2.4186920e+06
   2.8402227e+05  -2.4181939e+06
   2.8406632e+05  -2.4176959e+06
   2.8411036e+05  -2.4171978e+06
   2.8415441e+05  -2.4166998e+06
   2.8419846e+05  -2.4162017e+06
   2.8424250e+05  -2.4157036e+06
   2.8428655e+05  -2.4152056e+06
   2.8433059e+05  -2.4147075e+06
   2.8437464e+05  -2.4142095e+06
   2.8441869e+05  -2.4137114e+06
   2.8446273e+05  -2.4132134e+06
   2.8450678e+05  -2.4127153e+06
   2.8455082e+05  -2.4122172e+06
   2.8459487e+05  -2.4117192e+06
   2.8463892e+05  -2.4112211e+06
   2.8468296e+05  -2.4107231e+06
   2.8472701e+05  -2.4102250e+06
   2.8477105e+05  -2.4097270e+06
   2.8481510e+05  -2.4092289e+06
   2.8485915e+05  -2.4087309e+06
   2.8490319e+05  -2.4082328e+06
   2.8494724e+05  -2.4077347e+06
   2.8499128e+05  -2.4072367e+06
   2.8503533e+05  -2.4067386e+06
   2.8507938e+05  -2.4062406e+06
   2.8512342e+05  -2.4057425e+06
   2.8516747e+05  -2.4052445e+06
   2.8521151e+05  -2.4047464e+06
   2.8525556e+05  -2.4042483e+06
   2.8529961e+05  -2.4037503e+06
   2.8534365e+05  -2.4032522e+06
   2.8538770e+05  -2.4027542e+06
   2.8543174e+05  -2.4022561e+06
   2.8547579e+05  -2.4017581e+06
   2.8551984e+05  -2.4012600e+06
   2.8556388e+05  -2.4007620e+06
   2.8560793e+05  -2.4002639e+06
   2.8565197e+05  -2.3997658e+06
   2.8569602e+05  -2.3992678e+06
   2.8574007e+05  -2.3987697e+06
   2.8578411e+05  -2.3982717e+06
   2.8582816e+05  -2.3977736e+06
   2.8587220e+05  -2.3972756e+06
   2.8591625e+05  -2.3967775e+06
   2.8596030e+05  -2.3962794e+06
   2.8600434e+05  -2.3957814e+06
   2.8604839e+05  -2.3952833e+06
   2.8609243e+05  -2.3947853e+06
   2.8613648e+05  -2.3942872e+06
   2.8618053e+05  -2.3937892e+06
   2.8622457e+05  -2.3932911e+06
   2.8626862e+05  -2.3927931e+06
   2.8631266e+05  -2.3922950e+06
   2.8635671e+05  -2.3917969e+06
   2.8640076e+05  -2.3912989e+06
   2.8644480e+05  -2.3908008e+06
   2.8648885e+05  -2.3903028e+06
   2.8653289e+05  -2.3898047e+06
   2.8657694e+05  -2.3893067e+06
   2.8662099e+05  -2.3888086e+06
   2.8666503e+05  -2.3883105e+06
   2.8670908e+05  -2.3878125e+06
   2.8675312e+05  -2.3873144e+06
   2.8679717e+05  -2.3868164e+06
   2.8684122e+05  -2.3863183e+06
   2.8688526e+05  -2.3858203e+06
   2.8692931e+05  -2.3853222e+06
   2.8697335e+05  -2.3848242e+06
   2.8701740e+05  -2.3843261e+06
   2.8706145e+05  -2.3838280e+06
   2.8710549e+05  -2.3833300e+06
   2.8714954e+05  -2.3828319e+06
   2.8719358e+05  -2.3823339e+06
   2.8723763e+05  -2.3818358e+06
   2.8728168e+05  -2.3813378e+06
   2.8732572e+05  -2.3808397e+06
   2.8736977e+05  -2.3803417e+06
   2.8741381e+05  -2.3798436e+06
   2.8745786e+05  -2.3793455e+06
   2.8750191e+05  -2.3788475e+06
   2.8754595e+05  -2.3783494e+06
   2.8759000e+05  -2.3778514e+06
   2.8763404e+05  -2.3773533e+06
   2.8767809e+05  -2.3768553e+06
   2.8772214e+05  -2.3763572e+06
   2.8776618e+05  -2.3758591e+06
   2.8781023e+05  -2.3753611e+06
   2.8785427e+05  -2.3748630e+06
   2.8789832e+05  -2.3743650e+06
   2.8794237e+05  -2.3738669e+06
   2.8798641e+05  -2.3733689e+06
   2.8803046e+05  -2.3728708e+06
   2.8807450e+05  -2.3723728e+06
   2.8811855e+05  -2.3718747e+06
   2.8816260e+05  -2.3713766e+06
   2.8820664e+05  -2.3708786e+06
   2.8825069e+05  -2.3703805e+06
   2.8829473e+05  -2.3698825e+06
   2.8833878e+05  -2.3693844e+06
   2.8838283e+05  -2.3688864e+06
   2.8842687e+05  -2.3683883e+06
   2.8847092e+05  -2.3678902e+06
   2.8851496e+05  -2.3673922e+06
   2.8855901e+05  -2.3668941e+06
   2.8860306e+05  -2.3663961e+06
   2.8864710e+05  -2.3658980e+06
   2.8869115e+05  -2.3654000e+06
   2.8873519e+05  -2.3649019e+06
   2.8877924e+05  -2.3644039e+06
   2.8882329e+05  -2.3639058e+06
   2.8886733e+05  -2.3634077e+06
   2.8891138e+05  -2.3629097e+06
   2.8895542e+05  -2.3624116e+06
   2.8899947e+05  -2.3619136e+06
   2.8904352e+05  -2.3614155e+06
   2.8908756e+05  -2.3609175e+06
   2.8913161e+05  -2.3604194e+06
   2.8917565e+05  -2.3599213e+06
   2.8921970e+05  -2.3594233e+06
   2.8926375e+05  -2.3589252e+06
   2.8930779e+05  -2.3584272e+06
   2.8935184e+05  -2.3579291e+06
   2.8939588e+05  -2.3574311e+06
   2.8943993e+05  -2.3569330e+06
   2.8948398e+05  -2.3564350e+06
   2.8952802e+05  -2.3559369e+06
   2.8957207e+05  -2.3554388e+06
   2.8961611e+05  -2.3549408e+06
   2.8966016e+05  -2.3544427e+06
   2.8970421e+05  -2.3539447e+06
   2.8974825e+05  -2.3534466e+06
   2.8979230e+05  -2.3529486e+06
   2.8983634e+05  -2.3524505e+06
   2.8988039e+05  -2.3519524e+06
   2.8992444e+05  -2.3514544e+06
   2.8996848e+05  -2.3509563e+06
   2.9001253e+05  -2.3504583e+06
   2.9005657e+05  -2.3499602e+06
   2.9010062e+05  -2.3494622e+06
   2.9014467e+05  -2.3489641e+06
   2.9018871e+05  -2.3484661e+06
   2.9023276e+05  -2.3479680e+06
   2.9027680e+05  -2.3474699e+06
   2.9032085e+05  -2.3469719e+06
   2.9036490e+05  -2.3464738e+06
   2.9040894e+05  -2.3459758e+06
   2.9045299e+05  -2.3454777e+06
   2.9049703e+05  -2.3449797e+06
   2.9054108e+05  -2.3444816e+06
   2.9058513e+05  -2.3439836e+06
   2.9062917e+05  -2.3434855e+06
   2.9067322e+05  -2.3429874e+06
   2.9071726e+05  -2.3424894e+06
   2.9076131e+05  -2.3419913e+06
   2.9080536e+05  -2.3414933e+06
   2.9084940e+05  -2.3409952e+06
   2.9089345e+05  -2.3404972e+06
   2.9093749e+05  -2.3399991e+06
   2.9098154e+05  -2.3395010e+06
   2.9102559e+05  -2.3390030e+06
   2.9106963e+05  -2.3385049e+06
   2.9111368e+05  -2.3380069e+06
   2.9115772e+05  -2.3375088e+06
   2.9120177e+05  -2.3370108e+06
   2.9124581e+05  -2.3365127e+06
   2.9128986e+05  -2.3360147e+06
   2.9133391e+05  -2.3355166e+06
   2.9137795e+05  -2.3350185e+06
   2.9142200e+05  -2.3345205e+06
   2.9146604e+05  -2.3340224e+06
   2.9151009e+05  -2.3335244e+06
   2.9155414e+05  -2.3330263e+06
   2.9159818e+05  -2.3325283e+06
   2.9164223e+05  -2.3320302e+06
   2.9168627e+05  -2.3315321e+06
   2.9173032e+05  -2.3310341e+06
   2.9177437e+05  -2.3305360e+06
   2.9181841e+05  -2.3300380e+06
   2.9186246e+05  -2.3295399e+06
   2.9190650e+05  -2.3290419e+06
   2.9195055e+05  -2.3285438e+06
   2.9199460e+05  -2.3280458e+06
   2.9203864e+05  -2.3275477e+06
   2.9208269e+05  -2.3270496e+06
   2.9212673e+05  -2.3265516e+06
   2.9217078e+05  -2.3260535e+06
   2.9221483e+05  -2.3255555e+06
   2.9225887e+05  -2.3250574e+06
   2.9230292e+05  -2.3245594e+06
   2.9234696e+05  -2.3240613e+06
   2.9239101e+05  -2.3235632e+06
   2.9243506e+05  -2.3230652e+06
   2.9247910e+05  -2.3225671e+06
   2.9252315e+05  -2.3220691e+06
   2.9256719e+05  -2.3215710e+06
   2.9261124e+05  -2.3210730e+06
   2.9265529e+05  -2.3205749e+06
   2.9269933e+05  -2.3200769e+06
   2.9274338e+05  -2.3195788e+06
   2.9278742e+05  -2.3190807e+06
   2.9283147e+05  -2.3185827e+06
   2.9287552e+05  -2.3180846e+06
   2.9291956e+05  -2.3175866e+06
   2.9296361e+05  -2.3170885e+06
   2.9300765e+05  -2.3165905e+06
   2.9305170e+05  -2.3160924e+06
   2.9309575e+05  -2.3155943e+06
   2.9313979e+05  -2.3150963e+06
   2.9318384e+05  -2.3145982e+06
   2.9322788e+05  -2.3141002e+06
   2.9327193e+05  -2.3136021e+06
   2.9331598e+05  -2.3131041e+06
   2.9336002e+05  -2.3126060e+06
   2.9340407e+05  -2.3121080e+06
   2.9344811e+05  -2.3116099e+06
   2.9349216e+05  -2.3111118e+06
   2.9353621e+05  -2.3106138e+06
   2.9358025e+05  -2.3101157e+06
   2.9362430e+05  -2.3096177e+06
   2.9366834e+05  -2.3091196e+06
   2.9371239e+05  -2.3086216e+06
   2.9375644e+05  -2.3081235e+06
   2.9380048e+05  -2.3076254e+06
   2.9384453e+05  -2.3071274e+06
   2.9388857e+05  -2.3066293e+06
   2.9393262e+05  -2.3061313e+06
   2.9397667e+05  -2.3056332e+06
   2.9402071e+05  -2.3051352e+06
   2.9406476e+05  -2.3046371e+06
   2.9410880e+05  -2.3041391e+06
   2.9415285e+05  -2.3036410e+06
   2.9419690e+05  -2.3031429e+06
   2.9424094e+05  -2.3026449e+06
   2.9428499e+05  -2.3021468e+06
   2.9432903e+05  -2.3016488e+06
   2.9437308e+05  -2.3011507e+06
   2.9441713e+05  -2.3006527e+06
   2.9446117e+05  -2.3001546e+06
   2.9450522e+05  -2.2996566e+06
   2.9454926e+05  -2.2991585e+06
   2.9459331e+05  -2.2986604e+06
   2.9463736e+05  -2.2981624e+06
   2.9468140e+05  -2.2976643e+06
   2.9472545e+05  -2.2971663e+06
   2.9476949e+05  -2.2966682e+06
   2.9481354e+05  -2.2961702e+06
   2.9485759e+05  -2.2956721e+06
   2.9490163e+05  -2.2951740e+06
   2.9494568e+05  -2.2946760e+06
   2.9498972e+05  -2.2941779e+06
   2.9503377e+05  -2.2936799e+06
   2.9507782e+05  -2.2931818e+06
   2.9512186e+05  -2.2926838e+06
   2.9516591e+05  -2.2921857e+06
   2.9520995e+05  -2.2916877e+06
   2.9525400e+05  -2.2911896e+06
   2.9529805e+05  -2.2906915e+06
   2.9534209e+05  -2.2901935e+06
   2.9538614e+05  -2.2896954e+06
   2.9543018e+05  -2.2891974e+06
   2.9547423e+05  -2.2886993e+06
   2.9551828e+05  -2.2882013e+06
   2.9556232e+05  -2.2877032e+06
   2.9560637e+05  -2.2872051e+06
   2.9565041e+05  -2.2867071e+06
   2.9569446e+05  -2.2862090e+06
   2.9573851e+05  -2.2857110e+06
   2.9578255e+05  -2.2852129e+06
   2.9582660e+05  -2.2847149e+06
   2.9587064e+05  -2.2842168e+06
   2.9591469e+05  -2.2837188e+06
   2.9595874e+05  -2.2832207e+06
   2.9600278e+05  -2.2827226e+06
   2.9604683e+05  -2.2822246e+06
   2.9609087e+05  -2.2817265e+06
   2.9613492e+05  -2.2812285e+06
   2.9617897e+05  -2.2807304e+06
   2.9622301e+05  -2.2802324e+06
   2.9626706e+05  -2.2797343e+06
   2.9631110e+05  -2.2792362e+06
   2.9635515e+05  -2.2787382e+06
   2.9639920e+05  -2.2782401e+06
   2.9644324e+05  -2.2777421e+06
   2.9648729e+05  -2.2772440e+06
   2.9653133e+05  -2.2767460e+06
   2.9657538e+05  -2.2762479e+06
   2.9661943e+05  -2.2757499e+06
   2.9666347e+05  -2.2752518e+06
   2.9670752e+05  -2.2747537e+06
   2.9675156e+05  -2.2742557e+06
   2.9679561e+05  -2.2737576e+06
   2.9683966e+05  -2.2732596e+06
   2.9688370e+05  -2.2727615e+06
   2.9692775e+05  -2.2722635e+06
   2.9697179e+05  -2.2717654e+06
   2.9701584e+05  -2.2712673e+06
   2.9705989e+05  -2.2707693e+06
   2.9710393e+05  -2.2702712e+06
   2.9714798e+05  -2.2697732e+06
   2.9719202e+05  -2.2692751e+06
   2.9723607e+05  -2.2687771e+06
   2.9728012e+05  -2.2682790e+06
   2.9732416e+05  -2.2677810e+06
   2.9736821e+05  -2.2672829e+06
   2.9741225e+05  -2.2667848e+06
   2.9745630e+05  -2.2662868e+06
   2.9750035e+05  -2.2657887e+06
   2.9754439e+05  -2.2652907e+06
   2.9758844e+05  -2.2647926e+06
   2.9763248e+05  -2.2642946e+06
   2.9767653e+05  -2.2637965e+06
   2.9772058e+05  -2.2632985e+06
   2.9776462e+05  -2.2628004e+06
   2.9780867e+05  -2.2623023e+06
   2.9785271e+05  -2.2618043e+06
   2.9789676e+05  -2.2613062e+06
   2.9794081e+05  -2.2608082e+06
   2.9798485e+05  -2.2603101e+06
   2.9802890e+05  -2.2598121e+06
   2.9807294e+05  -2.2593140e+06
   2.9811699e+05  -2.2588159e+06
   2.9816104e+05  -2.2583179e+06
   2.9820508e+05  -2.2578198e+06
   2.9824913e+05  -2.2573218e+06
   2.9829317e+05  -2.2568237e+06
   2.9833722e+05  -2.2563257e+06
   2.9838126e+05  -2.2558276e+06
   2.9842531e+05  -2.2553296e+06
   2.9846936e+05  -2.2548315e+06
   2.9851340e+05  -2.2543334e+06
   2.9855745e+05  -2.2538354e+06
   2.9860149e+05  -2.2533373e+06
   2.9864554e+05  -2.2528393e+06
   2.9868959e+05  -2.2523412e+06
   2.9873363e+05  -2.2518432e+06
   2.9877768e+05  -2.2513451e+06
   2.9882172e+05  -2.2508470e+06
   2.9886577e+05  -2.2503490e+06
   2.9890982e+05  -2.2498509e+06
   2.9895386e+05  -2.2493529e+06
   2.9899791e+05  -2.2488548e+06
   2.9904195e+05  -2.2483568e+06
   2.9908600e+05  -2.2478587e+06
   2.9913005e+05  -2.2473607e+06
   2.9917409e+05  -2.2468626e+06
   2.9921814e+05  -2.2463645e+06
   2.9926218e+05  -2.2458665e+06
   2.9930623e+05  -2.2453684e+06
   2.9935028e+05  -2.2448704e+06
   2.9939432e+05  -2.2443723e+06
   2.9943837e+05  -2.2438743e+06
   2.9948241e+05  -2.2433762e+06
   2.9952646e+05  -2.2428781e+06
   2.9957051e+05  -2.2423801e+06
   2.9961455e+05  -2.2418820e+06
   2.9965860e+05  -2.2413840e+06
   2.9970264e+05  -2.2408859e+06
   2.9974669e+05  -2.2403879e+06
   2.9979074e+05  -2.2398898e+06
   2.9983478e+05  -2.2393918e+06
   2.9987883e+05  -2.2388937e+06
   2.9992287e+05  -2.2383956e+06
   2.9996692e+05  -2.2378976e+06
   3.0001097e+05  -2.2373995e+06
   3.0005501e+05  -2.2369015e+06
   3.0009906e+05  -2.2364034e+06
   3.0014310e+05  -2.2359054e+06
   3.0018715e+05  -2.2354073e+06
   3.0023120e+05  -2.2349092e+06
   3.0027524e+05  -2.2344112e+06
   3.0031929e+05  -2.2339131e+06
   3.0036333e+05  -2.2334151e+06
   3.0040738e+05  -2.2329170e+06
   3.0045143e+05  -2.2324190e+06
   3.0049547e+05  -2.2319209e+06
   3.0053952e+05  -2.2314229e+06
   3.0058356e+05  -2.2309248e+06
   3.0062761e+05  -2.2304267e+06
   3.0067166e+05  -2.2299287e+06
   3.0071570e+05  -2.2294306e+06
   3.0075975e+05  -2.2289326e+06
   3.0080379e+05  -2.2284345e+06
   3.0084784e+05  -2.2279365e+06
   3.0089189e+05  -2.2274384e+06
   3.0093593e+05  -2.2269404e+06
   3.0097998e+05  -2.2264423e+06
   3.0102402e+05  -2.2259442e+06
   3.0106807e+05  -2.2254462e+06
   3.0111212e+05  -2.2249481e+06
   3.0115616e+05  -2.2244501e+06
   3.0120021e+05  -2.2239520e+06
   3.0124425e+05  -2.2234540e+06
   3.0128830e+05  -2.2229559e+06
   3.0133235e+05  -2.2224578e+06
   3.0137639e+05  -2.2219598e+06
   3.0142044e+05  -2.2214617e+06
   3.0146448e+05  -2.2209637e+06
   3.0150853e+05  -2.2204656e+06
   3.0155258e+05  -2.2199676e+06
   3.0159662e+05  -2.2194695e+06
   3.0164067e+05  -2.2189715e+06
   3.0168471e+05  -2.2184734e+06
   3.0172876e+05  -2.2179753e+06
   3.0177281e+05  -2.2174773e+06
   3.0181685e+05  -2.2169792e+06
   3.0186090e+05  -2.2164812e+06
   3.0190494e+05  -2.2159831e+06
   3.0194899e+05  -2.2154851e+06
   3.0199304e+05  -2.2149870e+06
   3.0203708e+05  -2.2144889e+06
   3.0208113e+05  -2.2139909e+06
   3.0212517e+05  -2.2134928e+06
   3.0216922e+05  -2.2129948e+06
   3.0221327e+05  -2.2124967e+06
   3.0225731e+05  -2.2119987e+06
   3.0230136e+05  -2.2115006e+06
   3.0234540e+05  -2.2110026e+06
   3.0238945e+05  -2.2105045e+06
   3.0243350e+05  -2.2100064e+06
   3.0247754e+05  -2.2095084e+06
   3.0252159e+05  -2.2090103e+06
   3.0256563e+05  -2.2085123e+06
   3.0260968e+05  -2.2080142e+06
   3.0265373e+05  -2.2075162e+06
   3.0269777e+05  -2.2070181e+06
   3.0274182e+05  -2.2065200e+06
   3.0278586e+05  -2.2060220e+06
   3.0282991e+05  -2.2055239e+06
   3.0287396e+05  -2.2050259e+06
   3.0291800e+05  -2.2045278e+06
   3.0296205e+05  -2.2040298e+06
   3.0300609e+05  -2.2035317e+06
   3.0305014e+05  -2.2030337e+06
   3.0309419e+05  -2.2025356e+06
   3.0313823e+05  -2.2020375e+06
   3.0318228e+05  -2.2015395e+06
   3.0322632e+05  -2.2010414e+06
   3.0327037e+05  -2.2005434e+06
   3.0331442e+05  -2.2000453e+06
   3.0335846e+05  -2.1995473e+06
   3.0340251e+05  -2.1990492e+06
   3.0344655e+05  -2.1985511e+06
   3.0349060e+05  -2.1980531e+06
   3.0353465e+05  -2.1975550e+06
   3.0357869e+05  -2.1970570e+06
   3.0362274e+05  -2.1965589e+06
   3.0366678e+05  -2.1960609e+06
   3.0371083e+05  -2.1955628e+06
   3.0375488e+05  -2.1950648e+06
   3.0379892e+05  -2.1945667e+06
   3.0384297e+05  -2.1940686e+06
   3.0388701e+05  -2.1935706e+06
   3.0393106e+05  -2.1930725e+06
   3.0397511e+05  -2.1925745e+06
   3.0401915e+05  -2.1920764e+06
   3.0406320e+05  -2.1915784e+06
   3.0410724e+05  -2.1910803e+06
   3.0415129e+05  -2.1905822e+06
   3.0419534e+05  -2.1900842e+06
   3.0423938e+05  -2.1895861e+06
   3.0428343e+05  -2.1890881e+06
   3.0432747e+05  -2.1885900e+06
   3.0437152e+05  -2.1880920e+06
   3.0441557e+05  -2.1875939e+06
   3.0445961e+05  -2.1870959e+06
   3.0450366e+05  -2.1865978e+06
   3.0454770e+05  -2.1860997e+06
   3.0459175e+05  -2.1856017e+06
   3.0463580e+05  -2.1851036e+06
   3.0467984e+05  -2.1846056e+06
   3.0472389e+05  -2.1841075e+06
   3.0476793e+05  -2.1836095e+06
   3.0481198e+05  -2.1831114e+06
   3.0485603e+05  -2.1826134e+06
   3.0490007e+05  -2.1821153e+06
   3.0494412e+05  -2.1816172e+06
   3.0498816e+05  -2.1811192e+06
   3.0503221e+05  -2.1806211e+06
   3.0507626e+05  -2.1801231e+06
   3.0512030e+05  -2.1796250e+06
   3.0516435e+05  -2.1791270e+06
   3.0520839e+05  -2.1786289e+06
   3.0525244e+05  -2.1781308e+06
   3.0529649e+05  -2.1776328e+06
   3.0534053e+05  -2.1771347e+06
   3.0538458e+05  -2.1766367e+06
   3.0542862e+05  -2.1761386e+06
   3.0547267e+05  -2.1756406e+06
   3.0551671e+05  -2.1751425e+06
   3.0556076e+05  -2.1746445e+06
   3.0560481e+05  -2.1741464e+06
   3.0564885e+05  -2.1736483e+06
   3.0569290e+05  -2.1731503e+06
   3.0573694e+05  -2.1726522e+06
   3.0578099e+05  -2.1721542e+06
   3.0582504e+05  -2.1716561e+06
   3.0586908e+05  -2.1711581e+06
   3.0591313e+05  -2.1706600e+06
   3.0595717e+05  -2.1701619e+06
   3.0600122e+05  -2.1696639e+06
   3.0604527e+05  -2.1691658e+06
   3.0608931e+05  -2.1686678e+06
   3.0613336e+05  -2.1681697e+06
   3.0617740e+05  -2.1676717e+06
   3.0622145e+05  -2.1671736e+06
   3.0626550e+05  -2.1666756e+06
   3.0630954e+05  -2.1661775e+06
   3.0635359e+05  -2.1656794e+06
   3.0639763e+05  -2.1651814e+06
   3.0644168e+05  -2.1646833e+06
   3.0648573e+05  -2.1641853e+06
   3.0652977e+05  -2.1636872e+06
   3.0657382e+05  -2.1631892e+06
   3.0661786e+05  -2.1626911e+06
   3.0666191e+05  -2.1621930e+06
   3.0670596e+05  -2.1616950e+06
   3.0675000e+05  -2.1611969e+06
   3.0679405e+05  -2.1606989e+06
   3.0683809e+05  -2.1602008e+06
   3.0688214e+05  -2.1597028e+06
   3.0692619e+05  -2.1592047e+06
   3.0697023e+05  -2.1587067e+06
   3.0701428e+05  -2.1582086e+06
   3.0705832e+05  -2.1577105e+06
   3.0710237e+05  -2.1572125e+06
   3.0714642e+05  -2.1567144e+06
   3.0719046e+05  -2.1562164e+06
   3.0723451e+05  -2.1557183e+06
   3.0727855e+05  -2.1552203e+06
   3.0732260e+05  -2.1547222e+06
   3.0736665e+05  -2.1542241e+06
   3.0741069e+05  -2.1537261e+06
   3.0745474e+05  -2.1532280e+06
   3.0749878e+05  -2.1527300e+06
   3.0754283e+05  -2.1522319e+06
   3.0758688e+05  -2.1517339e+06
   3.0763092e+05  -2.1512358e+06
   3.0767497e+05  -2.1507378e+06
   3.0771901e+05  -2.1502397e+06
   3.0776306e+05  -2.1497416e+06
   3.0780711e+05  -2.1492436e+06
   3.0785115e+05  -2.1487455e+06
   3.0789520e+05  -2.1482475e+06
   3.0793924e+05  -2.1477494e+06
   3.0798329e+05  -2.1472514e+06
   3.0802734e+05  -2.1467533e+06
   3.0807138e+05  -2.1462553e+06
   3.0811543e+05  -2.1457572e+06
   3.0815947e+05  -2.1452591e+06
   3.0820352e+05  -2.1447611e+06
   3.0824757e+05  -2.1442630e+06
   3.0829161e+05  -2.1437650e+06
   3.0833566e+05  -2.1432669e+06
   3.0837970e+05  -2.1427689e+06
   3.0842375e+05  -2.1422708e+06
   3.0846780e+05  -2.1417727e+06
   3.0851184e+05  -2.1412747e+06
   3.0855589e+05  -2.1407766e+06
   3.0859993e+05  -2.1402786e+06
   3.0864398e+05  -2.1397805e+06
   3.0868803e+05  -2.1392825e+06
   3.0873207e+05  -2.1387844e+06
   3.0877612e+05  -2.1382864e+06
   3.0882016e+05  -2.1377883e+06
   3.0886421e+05  -2.1372902e+06
   3.0890826e+05  -2.1367922e+06
   3.0895230e+05  -2.1362941e+06
   3.0899635e+05  -2.1357961e+06
   3.0904039e+05  -2.1352980e+06
   3.0908444e+05  -2.1348000e+06
   3.0912849e+05  -2.1343019e+06
   3.0917253e+05  -2.1338038e+06
   3.0921658e+05  -2.1333058e+06
   3.0926062e+05  -2.1328077e+06
   3.0930467e+05  -2.1323097e+06
   3.0934872e+05  -2.1318116e+06
   3.0939276e+05  -2.1313136e+06
   3.0943681e+05  -2.1308155e+06
   3.0948085e+05  -2.1303175e+06
   3.0952490e+05  -2.1298194e+06
   3.0956895e+05  -2.1293213e+06
   3.0961299e+05  -2.1288233e+06
   3.0965704e+05  -2.1283252e+06
   3.0970108e+05  -2.1278272e+06
   3.0974513e+05  -2.1273291e+06
   3.0978918e+05  -2.1268311e+06
   3.0983322e+05  -2.1263330e+06
   3.0987727e+05  -2.1258349e+06
   3.0992131e+05  -2.1253369e+06
   3.0996536e+05  -2.1248388e+06
   3.1000941e+05  -2.1243408e+06
   3.1005345e+05  -2.1238427e+06
   3.1009750e+05  -2.1233447e+06
   3.1014154e+05  -2.1228466e+06
   3.1018559e+05  -2.1223486e+06
   3.1022964e+05  -2.1218505e+06
   3.1027368e+05  -2.1213524e+06
   3.1031773e+05  -2.1208544e+06
   3.1036177e+05  -2.1203563e+06
   3.1040582e+05  -2.1198583e+06
   3.1044987e+05  -2.1193602e+06
   3.1049391e+05  -2.1188622e+06
   3.1053796e+05  -2.1183641e+06
   3.1058200e+05  -2.1178660e+06
   3.1062605e+05  -2.1173680e+06
   3.1067010e+05  -2.1168699e+06
   3.1071414e+05  -2.1163719e+06
   3.1075819e+05  -2.1158738e+06
   3.1080223e+05  -2.1153758e+06
   3.1084628e+05  -2.1148777e+06
   3.1089033e+05  -2.1143797e+06
   3.1093437e+05  -2.1138816e+06
   3.1097842e+05  -2.1133835e+06
   3.1102246e+05  -2.1128855e+06
   3.1106651e+05  -2.1123874e+06
   3.1111056e+05  -2.1118894e+06
   3.1115460e+05  -2.1113913e+06
   3.1119865e+05  -2.1108933e+06
   3.1124269e+05  -2.1103952e+06
   3.1128674e+05  -2.1098971e+06
   3.1133079e+05  -2.1093991e+06
   3.1137483e+05  -2.1089010e+06
   3.1141888e+05  -2.1084030e+06
   3.1146292e+05  -2.1079049e+06
   3.1150697e+05  -2.1074069e+06
   3.1155102e+05  -2.1069088e+06
   3.1159506e+05  -2.1064108e+06
   3.1163911e+05  -2.1059127e+06
   3.1168315e+05  -2.1054146e+06
   3.1172720e+05  -2.1049166e+06
   3.1177125e+05  -2.1044185e+06
   3.1181529e+05  -2.1039205e+06
   3.1185934e+05  -2.1034224e+06
   3.1190338e+05  -2.1029244e+06
   3.1194743e+05  -2.1024263e+06
   3.1199148e+05  -2.1019283e+06
   3.1203552e+05  -2.1014302e+06
   3.1207957e+05  -2.1009321e+06
   3.1212361e+05  -2.1004341e+06
   3.1216766e+05  -2.0999360e+06
   3.1221171e+05  -2.0994380e+06
   3.1225575e+05  -2.0989399e+06
   3.1229980e+05  -2.0984419e+06
   3.1234384e+05  -2.0979438e+06
   3.1238789e+05  -2.0974457e+06
   3.1243194e+05  -2.0969477e+06
   3.1247598e+05  -2.0964496e+06
   3.1252003e+05  -2.0959516e+06
   3.1256407e+05  -2.0954535e+06
   3.1260812e+05  -2.0949555e+06
   3.1265216e+05  -2.0944574e+06
   3.1269621e+05  -2.0939594e+06
   3.1274026e+05  -2.0934613e+06
   3.1278430e+05  -2.0929632e+06
   3.1282835e+05  -2.0924652e+06
   3.1287239e+05  -2.0919671e+06
   3.1291644e+05  -2.0914691e+06
   3.1296049e+05  -2.0909710e+06
   3.1300453e+05  -2.0904730e+06
   3.1304858e+05  -2.0899749e+06
   3.1309262e+05  -2.0894768e+06
   3.1313667e+05  -2.0889788e+06
   3.1318072e+05  -2.0884807e+06
   3.1322476e+05  -2.0879827e+06
   3.1326881e+05  -2.0874846e+06
   3.1331285e+05  -2.0869866e+06
   3.1335690e+05  -2.0864885e+06
   3.1340095e+05  -2.0859905e+06
   3.1344499e+05  -2.0854924e+06
   3.1348904e+05  -2.0849943e+06
   3.1353308e+05  -2.0844963e+06
   3.1357713e+05  -2.0839982e+06
   3.1362118e+05  -2.0835002e+06
   3.1366522e+05  -2.0830021e+06
   3.1370927e+05  -2.0825041e+06
   3.1375331e+05  -2.0820060e+06
   3.1379736e+05  -2.0815079e+06
   3.1384141e+05  -2.0810099e+06
   3.1388545e+05  -2.0805118e+06
   3.1392950e+05  -2.0800138e+06
   3.1397354e+05  -2.0795157e+06
   3.1401759e+05  -2.0790177e+06
   3.1406164e+05  -2.0785196e+06
   3.1410568e+05  -2.0780216e+06
   3.1414973e+05  -2.0775235e+06
   3.1419377e+05  -2.0770254e+06
   3.1423782e+05  -2.0765274e+06
   3.1428187e+05  -2.0760293e+06
   3.1432591e+05  -2.0755313e+06
   3.1436996e+05  -2.0750332e+06
   3.1441400e+05  -2.0745352e+06
   3.1445805e+05  -2.0740371e+06
   3.1450210e+05  -2.0735390e+06
   3.1454614e+05  -2.0730410e+06
   3.1459019e+05  -2.0725429e+06
   3.1463423e+05  -2.0720449e+06
   3.1467828e+05  -2.0715468e+06
   3.1472233e+05  -2.0710488e+06
   3.1476637e+05  -2.0705507e+06
   3.1481042e+05  -2.0700527e+06
   3.1485446e+05  -2.0695546e+06
   3.1489851e+05  -2.0690565e+06
   3.1494256e+05  -2.0685585e+06
   3.1498660e+05  -2.0680604e+06
   3.1503065e+05  -2.0675624e+06
   3.1507469e+05  -2.0670643e+06
   3.1511874e+05  -2.0665663e+06
   3.1516279e+05  -2.0660682e+06
   3.1520683e+05  -2.0655702e+06
   3.1525088e+05  -2.0650721e+06
   3.1529492e+05  -2.0645740e+06
   3.1533897e+05  -2.0640760e+06
   3.1538302e+05  -2.0635779e+06
   3.1542706e+05  -2.0630799e+06
   3.1547111e+05  -2.0625818e+06
   3.1551515e+05  -2.0620838e+06
   3.1555920e+05  -2.0615857e+06
   3.1560325e+05  -2.0610876e+06
   3.1564729e+05  -2.0605896e+06
   3.1569134e+05  -2.0600915e+06
   3.1573538e+05  -2.0595935e+06
   3.1577943e+05  -2.0590954e+06
   3.1582348e+05  -2.0585974e+06
   3.1586752e+05  -2.0580993e+06
   3.1591157e+05  -2.0576013e+06
   3.1595561e+05  -2.0571032e+06
   3.1599966e+05  -2.0566051e+06
   3.1604371e+05  -2.0561071e+06
   3.1608775e+05  -2.0556090e+06
   3.1613180e+05  -2.0551110e+06
   3.1617584e+05  -2.0546129e+06
   3.1621989e+05  -2.0541149e+06
   3.1626394e+05  -2.0536168e+06
   3.1630798e+05  -2.0531187e+06
   3.1635203e+05  -2.0526207e+06
   3.1639607e+05  -2.0521226e+06
   3.1644012e+05  -2.0516246e+06
   3.1648417e+05  -2.0511265e+06
   3.1652821e+05  -2.0506285e+06
   3.1657226e+05  -2.0501304e+06
   3.1661630e+05  -2.0496324e+06
   3.1666035e+05  -2.0491343e+06
   3.1670440e+05  -2.0486362e+06
   3.1674844e+05  -2.0481382e+06
   3.1679249e+05  -2.0476401e+06
   3.1683653e+05  -2.0471421e+06
   3.1688058e+05  -2.0466440e+06
   3.1692463e+05  -2.0461460e+06
   3.1696867e+05  -2.0456479e+06
   3.1701272e+05  -2.0451498e+06
   3.1705676e+05  -2.0446518e+06
   3.1710081e+05  -2.0441537e+06
   3.1714486e+05  -2.0436557e+06
   3.1718890e+05  -2.0431576e+06
   3.1723295e+05  -2.0426596e+06
   3.1727699e+05  -2.0421615e+06
   3.1732104e+05  -2.0416635e+06
   3.1736509e+05  -2.0411654e+06
   3.1740913e+05  -2.0406673e+06
   3.1745318e+05  -2.0401693e+06
   3.1749722e+05  -2.0396712e+06
   3.1754127e+05  -2.0391732e+06
   3.1758532e+05  -2.0386751e+06
   3.1762936e+05  -2.0381771e+06
   3.1767341e+05  -2.0376790e+06
   3.1771745e+05  -2.0371809e+06
   3.1776150e+05  -2.0366829e+06
   3.1780555e+05  -2.0361848e+06
   3.1784959e+05  -2.0356868e+06
   3.1789364e+05  -2.0351887e+06
   3.1793768e+05  -2.0346907e+06
   3.1798173e+05  -2.0341926e+06
   3.1802578e+05  -2.0336946e+06
   3.1806982e+05  -2.0331965e+06
   3.1811387e+05  -2.0326984e+06
   3.1815791e+05  -2.0322004e+06
   3.1820196e+05  -2.0317023e+06
   3.1824601e+05  -2.0312043e+06
   3.1829005e+05  -2.0307062e+06
   3.1833410e+05  -2.0302082e+06
   3.1837814e+05  -2.0297101e+06
   3.1842219e+05  -2.0292120e+06
   3.1846624e+05  -2.0287140e+06
   3.1851028e+05  -2.0282159e+06
   3.1855433e+05  -2.0277179e+06
   3.1859837e+05  -2.0272198e+06
   3.1864242e+05  -2.0267218e+06
   3.1868647e+05  -2.0262237e+06
   3.1873051e+05  -2.0257257e+06
   3.1877456e+05  -2.0252276e+06
   3.1881860e+05  -2.0247295e+06
   3.1886265e+05  -2.0242315e+06
   3.1890670e+05  -2.0237334e+06
   3.1895074e+05  -2.0232354e+06
   3.1899479e+05  -2.0227373e+06
   3.1903883e+05  -2.0222393e+06
   3.1908288e+05  -2.0217412e+06
   3.1912693e+05  -2.0212432e+06
   3.1917097e+05  -2.0207451e+06
   3.1921502e+05  -2.0202470e+06
   3.1925906e+05  -2.0197490e+06
   3.1930311e+05  -2.0192509e+06
   3.1934716e+05  -2.0187529e+06
   3.1939120e+05  -2.0182548e+06
   3.1943525e+05  -2.0177568e+06
   3.1947929e+05  -2.0172587e+06
   3.1952334e+05  -2.0167606e+06
   3.1956739e+05  -2.0162626e+06
   3.1961143e+05  -2.0157645e+06
   3.1965548e+05  -2.0152665e+06
   3.1969952e+05  -2.0147684e+06
   3.1974357e+05  -2.0142704e+06
   3.1978761e+05  -2.0137723e+06
   3.1983166e+05  -2.0132743e+06
   3.1987571e+05  -2.0127762e+06
   3.1991975e+05  -2.0122781e+06
   3.1996380e+05  -2.0117801e+06
   3.2000784e+05  -2.0112820e+06
   3.2005189e+05  -2.0107840e+06
   3.2009594e+05  -2.0102859e+06
   3.2013998e+05  -2.0097879e+06
   3.2018403e+05  -2.0092898e+06
   3.2022807e+05  -2.0087917e+06
   3.2027212e+05  -2.0082937e+06
   3.2031617e+05  -2.0077956e+06
   3.2036021e+05  -2.0072976e+06
   3.2040426e+05  -2.0067995e+06
   3.2044830e+05  -2.0063015e+06
   3.2049235e+05  -2.0058034e+06
   3.2053640e+05  -2.0053054e+06
   3.2058044e+05  -2.0048073e+06
   3.2062449e+05  -2.0043092e+06
   3.2066853e+05  -2.0038112e+06
   3.2071258e+05  -2.0033131e+06
   3.2075663e+05  -2.0028151e+06
   3.2080067e+05  -2.0023170e+06
   3.2084472e+05  -2.0018190e+06
   3.2088876e+05  -2.0013209e+06
   3.2093281e+05  -2.0008228e+06
   3.2097686e+05  -2.0003248e+06
   3.2102090e+05  -1.9998267e+06
   3.2106495e+05  -1.9993287e+06
   3.2110899e+05  -1.9988306e+06
   3.2115304e+05  -1.9983326e+06
   3.2119709e+05  -1.9978345e+06
   3.2124113e+05  -1.9973365e+06
   3.2128518e+05  -1.9968384e+06
   3.2132922e+05  -1.9963403e+06
   3.2137327e+05  -1.9958423e+06
   3.2141732e+05  -1.9953442e+06
   3.2146136e+05  -1.9948462e+06
   3.2150541e+05  -1.9943481e+06
   3.2154945e+05  -1.9938501e+06
   3.2159350e+05  -1.9933520e+06
   3.2163755e+05  -1.9928539e+06
   3.2168159e+05  -1.9923559e+06
   3.2172564e+05  -1.9918578e+06
   3.2176968e+05  -1.9913598e+06
   3.2181373e+05  -1.9908617e+06
   3.2185778e+05  -1.9903637e+06
   3.2190182e+05  -1.9898656e+06
   3.2194587e+05  -1.9893676e+06
   3.2198991e+05  -1.9888695e+06
   3.2203396e+05  -1.9883714e+06
   3.2207801e+05  -1.9878734e+06
   3.2212205e+05  -1.9873753e+06
   3.2216610e+05  -1.9868773e+06
   3.2221014e+05  -1.9863792e+06
   3.2225419e+05  -1.9858812e+06
   3.2229824e+05  -1.9853831e+06
   3.2234228e+05  -1.9848851e+06
   3.2238633e+05  -1.9843870e+06
   3.2243037e+05  -1.9838889e+06
   3.2247442e+05  -1.9833909e+06
   3.2251847e+05  -1.9828928e+06
   3.2256251e+05  -1.9823948e+06
   3.2260656e+05  -1.9818967e+06
   3.2265060e+05  -1.9813987e+06
   3.2269465e+05  -1.9809006e+06
   3.2273870e+05  -1.9804025e+06
   3.2278274e+05  -1.9799045e+06
   3.2282679e+05  -1.9794064e+06
   3.2287083e+05  -1.9789084e+06
   3.2291488e+05  -1.9784103e+06
   3.2295893e+05  -1.9779123e+06
   3.2300297e+05  -1.9774142e+06
   3.2304702e+05  -1.9769162e+06
   3.2309106e+05  -1.9764181e+06
   3.2313511e+05  -1.9759200e+06
   3.2317916e+05  -1.9754220e+06
   3.2322320e+05  -1.9749239e+06
   3.2326725e+05  -1.9744259e+06
   3.2331129e+05  -1.9739278e+06
   3.2335534e+05  -1.9734298e+06
   3.2339939e+05  -1.9729317e+06
   3.2344343e+05  -1.9724336e+06
   3.2348748e+05  -1.9719356e+06
   3.2353152e+05  -1.9714375e+06
   3.2357557e+05  -1.9709395e+06
   3.2361962e+05  -1.9704414e+06
   3.2366366e+05  -1.9699434e+06
   3.2370771e+05  -1.9694453e+06
   3.2375175e+05  -1.9689473e+06
   3.2379580e+05  -1.9684492e+06
   3.2383985e+05  -1.9679511e+06
   3.2388389e+05  -1.9674531e+06
   3.2392794e+05  -1.9669550e+06
   3.2397198e+05  -1.9664570e+06
   3.2401603e+05  -1.9659589e+06
   3.2406008e+05  -1.9654609e+06
   3.2410412e+05  -1.9649628e+06
   3.2414817e+05  -1.9644647e+06
   3.2419221e+05  -1.9639667e+06
   3.2423626e+05  -1.9634686e+06
   3.2428031e+05  -1.9629706e+06
   3.2432435e+05  -1.9624725e+06
   3.2436840e+05  -1.9619745e+06
   3.2441244e+05  -1.9614764e+06
   3.2445649e+05  -1.9609784e+06
   3.2450054e+05  -1.9604803e+06
   3.2454458e+05  -1.9599822e+06
   3.2458863e+05  -1.9594842e+06
   3.2463267e+05  -1.9589861e+06
   3.2467672e+05  -1.9584881e+06
   3.2472077e+05  -1.9579900e+06
   3.2476481e+05  -1.9574920e+06
   3.2480886e+05  -1.9569939e+06
   3.2485290e+05  -1.9564958e+06
   3.2489695e+05  -1.9559978e+06
   3.2494100e+05  -1.9554997e+06
   3.2498504e+05  -1.9550017e+06
   3.2502909e+05  -1.9545036e+06
   3.2507313e+05  -1.9540056e+06
   3.2511718e+05  -1.9535075e+06
   3.2516123e+05  -1.9530095e+06
   3.2520527e+05  -1.9525114e+06
   3.2524932e+05  -1.9520133e+06
   3.2529336e+05  -1.9515153e+06
   3.2533741e+05  -1.9510172e+06
   3.2538146e+05  -1.9505192e+06
   3.2542550e+05  -1.9500211e+06
   3.2546955e+05  -1.9495231e+06
   3.2551359e+05  -1.9490250e+06
   3.2555764e+05  -1.9485269e+06
   3.2560169e+05  -1.9480289e+06
   3.2564573e+05  -1.9475308e+06
   3.2568978e+05  -1.9470328e+06
   3.2573382e+05  -1.9465347e+06
   3.2577787e+05  -1.9460367e+06
   3.2582192e+05  -1.9455386e+06
   3.2586596e+05  -1.9450406e+06
   3.2591001e+05  -1.9445425e+06
   3.2595405e+05  -1.9440444e+06
   3.2599810e+05  -1.9435464e+06
   3.2604215e+05  -1.9430483e+06
   3.2608619e+05  -1.9425503e+06
   3.2613024e+05  -1.9420522e+06
   3.2617428e+05  -1.9415542e+06
   3.2621833e+05  -1.9410561e+06
   3.2626238e+05  -1.9405581e+06
   3.2630642e+05  -1.9400600e+06
   3.2635047e+05  -1.9395619e+06
   3.2639451e+05  -1.9390639e+06
   3.2643856e+05  -1.9385658e+06
   3.2648261e+05  -1.9380678e+06
   3.2652665e+05  -1.9375697e+06
   3.2657070e+05  -1.9370717e+06
   3.2661474e+05  -1.9365736e+06
   3.2665879e+05  -1.9360755e+06
   3.2670284e+05  -1.9355775e+06
   3.2674688e+05  -1.9350794e+06
   3.2679093e+05  -1.9345814e+06
   3.2683497e+05  -1.9340833e+06
   3.2687902e+05  -1.9335853e+06
   3.2692306e+05  -1.9330872e+06
   3.2696711e+05  -1.9325892e+06
   3.2701116e+05  -1.9320911e+06
   3.2705520e+05  -1.9315930e+06
   3.2709925e+05  -1.9310950e+06
   3.2714329e+05  -1.9305969e+06
   3.2718734e+05  -1.9300989e+06
   3.2723139e+05  -1.9296008e+06
   3.2727543e+05  -1.9291028e+06
   3.2731948e+05  -1.9286047e+06
   3.2736352e+05  -1.9281066e+06
   3.2740757e+05  -1.9276086e+06
   3.2745162e+05  -1.9271105e+06
   3.2749566e+05  -1.9266125e+06
   3.2753971e+05  -1.9261144e+06
   3.2758375e+05  -1.9256164e+06
   3.2762780e+05  -1.9251183e+06
   3.2767185e+05  -1.9246203e+06
   3.2771589e+05  -1.9241222e+06
   3.2775994e+05  -1.9236241e+06
   3.2780398e+05  -1.9231261e+06
   3.2784803e+05  -1.9226280e+06
   3.2789208e+05  -1.9221300e+06
   3.2793612e+05  -1.9216319e+06
   3.2798017e+05  -1.9211339e+06
   3.2802421e+05  -1.9206358e+06
   3.2806826e+05  -1.9201377e+06
   3.2811231e+05  -1.9196397e+06
   3.2815635e+05  -1.9191416e+06
   3.2820040e+05  -1.9186436e+06
   3.2824444e+05  -1.9181455e+06
   3.2828849e+05  -1.9176475e+06
   3.2833254e+05  -1.9171494e+06
   3.2837658e+05  -1.9166514e+06
   3.2842063e+05  -1.9161533e+06
   3.2846467e+05  -1.9156552e+06
   3.2850872e+05  -1.9151572e+06
   3.2855277e+05  -1.9146591e+06
   3.2859681e+05  -1.9141611e+06
   3.2864086e+05  -1.9136630e+06
   3.2868490e+05  -1.9131650e+06
   3.2872895e+05  -1.9126669e+06
   3.2877300e+05  -1.9121688e+06
   3.2881704e+05  -1.9116708e+06
   3.2886109e+05  -1.9111727e+06
   3.2890513e+05  -1.9106747e+06
   3.2894918e+05  -1.9101766e+06
   3.2899323e+05  -1.9096786e+06
   3.2903727e+05  -1.9091805e+06
   3.2908132e+05  -1.9086825e+06
   3.2912536e+05  -1.9081844e+06
   3.2916941e+05  -1.9076863e+06
   3.2921346e+05  -1.9071883e+06
   3.2925750e+05  -1.9066902e+06
   3.2930155e+05  -1.9061922e+06
   3.2934559e+05  -1.9056941e+06
   3.2938964e+05  -1.9051961e+06
   3.2943369e+05  -1.9046980e+06
   3.2947773e+05  -1.9042000e+06
   3.2952178e+05  -1.9037019e+06
   3.2956582e+05  -1.9032038e+06
   3.2960987e+05  -1.9027058e+06
   3.2965392e+05  -1.9022077e+06
   3.2969796e+05  -1.9017097e+06
   3.2974201e+05  -1.9012116e+06
   3.2978605e+05  -1.9007136e+06
   3.2983010e+05  -1.9002155e+06
   3.2987415e+05  -1.8997174e+06
   3.2991819e+05  -1.8992194e+06
   3.2996224e+05  -1.8987213e+06
   3.3000628e+05  -1.8982233e+06
   3.3005033e+05  -1.8977252e+06
   3.3009438e+05  -1.8972272e+06
   3.3013842e+05  -1.8967291e+06
   3.3018247e+05  -1.8962311e+06
   3.3022651e+05  -1.8957330e+06
   3.3027056e+05  -1.8952349e+06
   3.3031461e+05  -1.8947369e+06
   3.3035865e+05  -1.8942388e+06
   3.3040270e+05  -1.8937408e+06
   3.3044674e+05  -1.8932427e+06
   3.3049079e+05  -1.8927447e+06
   3.3053484e+05  -1.8922466e+06
   3.3057888e+05  -1.8917485e+06
   3.3062293e+05  -1.8912505e+06
   3.3066697e+05  -1.8907524e+06
   3.3071102e+05  -1.8902544e+06
   3.3075507e+05  -1.8897563e+06
   3.3079911e+05  -1.8892583e+06
   3.3084316e+05  -1.8887602e+06
   3.3088720e+05  -1.8882622e+06
   3.3093125e+05  -1.8877641e+06
   3.3097530e+05  -1.8872660e+06
   3.3101934e+05  -1.8867680e+06
   3.3106339e+05  -1.8862699e+06
   3.3110743e+05  -1.8857719e+06
   3.3115148e+05  -1.8852738e+06
   3.3119553e+05  -1.8847758e+06
   3.3123957e+05  -1.8842777e+06
   3.3128362e+05  -1.8837796e+06
   3.3132766e+05  -1.8832816e+06
   3.3137171e+05  -1.8827835e+06
   3.3141576e+05  -1.8822855e+06
   3.3145980e+05  -1.8817874e+06
   3.3150385e+05  -1.8812894e+06
   3.3154789e+05  -1.8807913e+06
   3.3159194e+05  -1.8802933e+06
   3.3163599e+05  -1.8797952e+06
   3.3168003e+05  -1.8792971e+06
   3.3172408e+05  -1.8787991e+06
   3.3176812e+05  -1.8783010e+06
   3.3181217e+05  -1.8778030e+06
   3.3185622e+05  -1.8773049e+06
   3.3190026e+05  -1.8768069e+06
   3.3194431e+05  -1.8763088e+06
   3.3198835e+05  -1.8758107e+06
   3.3203240e+05  -1.8753127e+06
   3.3207645e+05  -1.8748146e+06
   3.3212049e+05  -1.8743166e+06
   3.3216454e+05  -1.8738185e+06
   3.3220858e+05  -1.8733205e+06
   3.3225263e+05  -1.8728224e+06
   3.3229668e+05  -1.8723244e+06
   3.3234072e+05  -1.8718263e+06
   3.3238477e+05  -1.8713282e+06
   3.3242881e+05  -1.8708302e+06
   3.3247286e+05  -1.8703321e+06
   3.3251691e+05  -1.8698341e+06
   3.3256095e+05  -1.8693360e+06
   3.3260500e+05  -1.8688380e+06
   3.3264904e+05  -1.8683399e+06
   3.3269309e+05  -1.8678418e+06
   3.3273714e+05  -1.8673438e+06
   3.3278118e+05  -1.8668457e+06
   3.3282523e+05  -1.8663477e+06
   3.3286927e+05  -1.8658496e+06
   3.3291332e+05  -1.8653516e+06
   3.3295737e+05  -1.8648535e+06
   3.3300141e+05  -1.8643555e+06
   3.3304546e+05  -1.8638574e+06
   3.3308950e+05  -1.8633593e+06
   3.3313355e+05  -1.8628613e+06
   3.3317760e+05  -1.8623632e+06
   3.3322164e+05  -1.8618652e+06
   3.3326569e+05  -1.8613671e+06
   3.3330973e+05  -1.8608691e+06
   3.3335378e+05  -1.8603710e+06
   3.3339783e+05  -1.8598730e+06
   3.3344187e+05  -1.8593749e+06
   3.3348592e+05  -1.8588768e+06
   3.3352996e+05  -1.8583788e+06
   3.3357401e+05  -1.8578807e+06
   3.3361806e+05  -1.8573827e+06
   3.3366210e+05  -1.8568846e+06
   3.3370615e+05  -1.8563866e+06
   3.3375019e+05  -1.8558885e+06
   3.3379424e+05  -1.8553904e+06
   3.3383829e+05  -1.8548924e+06
   3.3388233e+05  -1.8543943e+06
   3.3392638e+05  -1.8538963e+06
   3.3397042e+05  -1.8533982e+06
   3.3401447e+05  -1.8529002e+06
   3.3405851e+05  -1.8524021e+06
   3.3410256e+05  -1.8519041e+06
   3.3414661e+05  -1.8514060e+06
   3.3419065e+05  -1.8509079e+06
   3.3423470e+05  -1.8504099e+06
   3.3427874e+05  -1.8499118e+06
   3.3432279e+05  -1.8494138e+06
   3.3436684e+05  -1.8489157e+06
   3.3441088e+05  -1.8484177e+06
   3.3445493e+05  -1.8479196e+06
   3.3449897e+05  -1.8474215e+06
   3.3454302e+05  -1.8469235e+06
   3.3458707e+05  -1.8464254e+06
   3.3463111e+05  -1.8459274e+06
   3.3467516e+05  -1.8454293e+06
   3.3471920e+05  -1.8449313e+06
   3.3476325e+05  -1.8444332e+06
   3.3480730e+05  -1.8439352e+06
   3.3485134e+05  -1.8434371e+06
   3.3489539e+05  -1.8429390e+06
   3.3493943e+05  -1.8424410e+06
   3.3498348e+05  -1.8419429e+06
   3.3502753e+05  -1.8414449e+06
   3.3507157e+05  -1.8409468e+06
   3.3511562e+05  -1.8404488e+06
   3.3515966e+05  -1.8399507e+06
   3.3520371e+05  -1.8394526e+06
   3.3524776e+05  -1.8389546e+06
   3.3529180e+05  -1.8384565e+06
   3.3533585e+05  -1.8379585e+06
   3.3537989e+05  -1.8374604e+06
   3.3542394e+05  -1.8369624e+06
   3.3546799e+05  -1.8364643e+06
   3.3551203e+05  -1.8359663e+06
   3.3555608e+05  -1.8354682e+06
   3.3560012e+05  -1.8349701e+06
   3.3564417e+05  -1.8344721e+06
   3.3568822e+05  -1.8339740e+06
   3.3573226e+05  -1.8334760e+06
   3.3577631e+05  -1.8329779e+06
   3.3582035e+05  -1.8324799e+06
   3.3586440e+05  -1.8319818e+06
   3.3590845e+05  -1.8314837e+06
   3.3595249e+05  -1.8309857e+06
   3.3599654e+05  -1.8304876e+06
   3.3604058e+05  -1.8299896e+06
   3.3608463e+05  -1.8294915e+06
   3.3612868e+05  -1.8289935e+06
   3.3617272e+05  -1.8284954e+06
   3.3621677e+05  -1.8279974e+06
   3.3626081e+05  -1.8274993e+06
   3.3630486e+05  -1.8270012e+06
   3.3634891e+05  -1.8265032e+06
   3.3639295e+05  -1.8260051e+06
   3.3643700e+05  -1.8255071e+06
   3.3648104e+05  -1.8250090e+06
   3.3652509e+05  -1.8245110e+06
   3.3656914e+05  -1.8240129e+06
   3.3661318e+05  -1.8235149e+06
   3.3665723e+05  -1.8230168e+06
   3.3670127e+05  -1.8225187e+06
   3.3674532e+05  -1.8220207e+06
   3.3678937e+05  -1.8215226e+06
   3.3683341e+05  -1.8210246e+06
   3.3687746e+05  -1.8205265e+06
   3.3692150e+05  -1.8200285e+06
   3.3696555e+05  -1.8195304e+06
   3.3700960e+05  -1.8190323e+06
   3.3705364e+05  -1.8185343e+06
   3.3709769e+05  -1.8180362e+06
   3.3714173e+05  -1.8175382e+06
   3.3718578e+05  -1.8170401e+06
   3.3722983e+05  -1.8165421e+06
   3.3727387e+05  -1.8160440e+06
   3.3731792e+05  -1.8155460e+06
   3.3736196e+05  -1.8150479e+06
   3.3740601e+05  -1.8145498e+06
   3.3745006e+05  -1.8140518e+06
   3.3749410e+05  -1.8135537e+06
   3.3753815e+05  -1.8130557e+06
   3.3758219e+05  -1.8125576e+06
   3.3762624e+05  -1.8120596e+06
   3.3767029e+05  -1.8115615e+06
   3.3771433e+05  -1.8110634e+06
   3.3775838e+05  -1.8105654e+06
   3.3780242e+05  -1.8100673e+06
   3.3784647e+05  -1.8095693e+06
   3.3789052e+05  -1.8090712e+06
   3.3793456e+05  -1.8085732e+06
   3.3797861e+05  -1.8080751e+06
   3.3802265e+05  -1.8075771e+06
   3.3806670e+05  -1.8070790e+06
   3.3811075e+05  -1.8065809e+06
   3.3815479e+05  -1.8060829e+06
   3.3819884e+05  -1.8055848e+06
   3.3824288e+05  -1.8050868e+06
   3.3828693e+05  -1.8045887e+06
   3.3833098e+05  -1.8040907e+06
   3.3837502e+05  -1.8035926e+06
   3.3841907e+05  -1.8030945e+06
   3.3846311e+05  -1.8025965e+06
   3.3850716e+05  -1.8020984e+06
   3.3855121e+05  -1.8016004e+06
   3.3859525e+05  -1.8011023e+06
   3.3863930e+05  -1.8006043e+06
   3.3868334e+05  -1.8001062e+06
   3.3872739e+05  -1.7996082e+06
   3.3877144e+05  -1.7991101e+06
   3.3881548e+05  -1.7986120e+06
   3.3885953e+05  -1.7981140e+06
   3.3890357e+05  -1.7976159e+06
   3.3894762e+05  -1.7971179e+06
   3.3899167e+05  -1.7966198e+06
   3.3903571e+05  -1.7961218e+06
   3.3907976e+05  -1.7956237e+06
   3.3912380e+05  -1.7951256e+06
   3.3916785e+05  -1.7946276e+06
   3.3921190e+05  -1.7941295e+06
   3.3925594e+05  -1.7936315e+06
   3.3929999e+05  -1.7931334e+06
   3.3934403e+05  -1.7926354e+06
   3.3938808e+05  -1.7921373e+06
   3.3943213e+05  -1.7916393e+06
   3.3947617e+05  -1.7911412e+06
   3.3952022e+05  -1.7906431e+06
   3.3956426e+05  -1.7901451e+06
   3.3960831e+05  -1.7896470e+06
   3.3965236e+05  -1.7891490e+06
   3.3969640e+05  -1.7886509e+06
   3.3974045e+05  -1.7881529e+06
   3.3978449e+05  -1.7876548e+06
   3.3982854e+05  -1.7871567e+06
   3.3987259e+05  -1.7866587e+06
   3.3991663e+05  -1.7861606e+06
   3.3996068e+05  -1.7856626e+06
   3.4000472e+05  -1.7851645e+06
   3.4004877e+05  -1.7846665e+06
   3.4009282e+05  -1.7841684e+06
   3.4013686e+05  -1.7836704e+06
   3.4018091e+05  -1.7831723e+06
   3.4022495e+05  -1.7826742e+06
   3.4026900e+05  -1.7821762e+06
   3.4031305e+05  -1.7816781e+06
   3.4035709e+05  -1.7811801e+06
   3.4040114e+05  -1.7806820e+06
   3.4044518e+05  -1.7801840e+06
   3.4048923e+05  -1.7796859e+06
   3.4053328e+05  -1.7791879e+06
   3.4057732e+05  -1.7786898e+06
   3.4062137e+05  -1.7781917e+06
   3.4066541e+05  -1.7776937e+06
   3.4070946e+05  -1.7771956e+06
   3.4075351e+05  -1.7766976e+06
   3.4079755e+05  -1.7761995e+06
   3.4084160e+05  -1.7757015e+06
   3.4088564e+05  -1.7752034e+06
   3.4092969e+05  -1.7747053e+06
   3.4097374e+05  -1.7742073e+06
   3.4101778e+05  -1.7737092e+06
   3.4106183e+05  -1.7732112e+06
   3.4110587e+05  -1.7727131e+06
   3.4114992e+05  -1.7722151e+06
   3.4119396e+05  -1.7717170e+06
   3.4123801e+05  -1.7712190e+06
   3.4128206e+05  -1.7707209e+06
   3.4132610e+05  -1.7702228e+06
   3.4137015e+05  -1.7697248e+06
   3.4141419e+05  -1.7692267e+06
   3.4145824e+05  -1.7687287e+06
   3.4150229e+05  -1.7682306e+06
   3.4154633e+05  -1.7677326e+06
   3.4159038e+05  -1.7672345e+06
   3.4163442e+05  -1.7667364e+06
   3.4167847e+05  -1.7662384e+06
   3.4172252e+05  -1.7657403e+06
   3.4176656e+05  -1.7652423e+06
   3.4181061e+05  -1.7647442e+06
   3.4185465e+05  -1.7642462e+06
   3.4189870e+05  -1.7637481e+06
   3.4194275e+05  -1.7632501e+06
   3.4198679e+05  -1.7627520e+06
   3.4203084e+05  -1.7622539e+06
   3.4207488e+05  -1.7617559e+06
   3.4211893e+05  -1.7612578e+06
   3.4216298e+05  -1.7607598e+06
   3.4220702e+05  -1.7602617e+06
   3.4225107e+05  -1.7597637e+06
   3.4229511e+05  -1.7592656e+06
   3.4233916e+05  -1.7587675e+06
   3.4238321e+05  -1.7582695e+06
   3.4242725e+05  -1.7577714e+06
   3.4247130e+05  -1.7572734e+06
   3.4251534e+05  -1.7567753e+06
   3.4255939e+05  -1.7562773e+06
   3.4260344e+05  -1.7557792e+06
   3.4264748e+05  -1.7552812e+06
   3.4269153e+05  -1.7547831e+06
   3.4273557e+05  -1.7542850e+06
   3.4277962e+05  -1.7537870e+06
   3.4282367e+05  -1.7532889e+06
   3.4286771e+05  -1.7527909e+06
   3.4291176e+05  -1.7522928e+06
   3.4295580e+05  -1.7517948e+06
   3.4299985e+05  -1.7512967e+06
   3.4304390e+05  -1.7507986e+06
   3.4308794e+05  -1.7503006e+06
   3.4313199e+05  -1.7498025e+06
   3.4317603e+05  -1.7493045e+06
   3.4322008e+05  -1.7488064e+06
   3.4326413e+05  -1.7483084e+06
   3.4330817e+05  -1.7478103e+06
   3.4335222e+05  -1.7473123e+06
   3.4339626e+05  -1.7468142e+06
   3.4344031e+05  -1.7463161e+06
   3.4348436e+05  -1.7458181e+06
   3.4352840e+05  -1.7453200e+06
   3.4357245e+05  -1.7448220e+06
   3.4361649e+05  -1.7443239e+06
   3.4366054e+05  -1.7438259e+06
   3.4370459e+05  -1.7433278e+06
   3.4374863e+05  -1.7428298e+06
   3.4379268e+05  -1.7423317e+06
   3.4383672e+05  -1.7418336e+06
   3.4388077e+05  -1.7413356e+06
   3.4392482e+05  -1.7408375e+06
   3.4396886e+05  -1.7403395e+06
   3.4401291e+05  -1.7398414e+06
   3.4405695e+05  -1.7393434e+06
   3.4410100e+05  -1.7388453e+06
   3.4414505e+05  -1.7383472e+06
   3.4418909e+05  -1.7378492e+06
   3.4423314e+05  -1.7373511e+06
   3.4427718e+05  -1.7368531e+06
   3.4432123e+05  -1.7363550e+06
   3.4436528e+05  -1.7358570e+06
   3.4440932e+05  -1.7353589e+06
   3.4445337e+05  -1.7348609e+06
   3.4449741e+05  -1.7343628e+06
   3.4454146e+05  -1.7338647e+06
   3.4458551e+05  -1.7333667e+06
   3.4462955e+05  -1.7328686e+06
   3.4467360e+05  -1.7323706e+06
   3.4471764e+05  -1.7318725e+06
   3.4476169e+05  -1.7313745e+06
   3.4480574e+05  -1.7308764e+06
   3.4484978e+05  -1.7303783e+06
   3.4489383e+05  -1.7298803e+06
   3.4493787e+05  -1.7293822e+06
   3.4498192e+05  -1.7288842e+06
   3.4502597e+05  -1.7283861e+06
   3.4507001e+05  -1.7278881e+06
   3.4511406e+05  -1.7273900e+06
   3.4515810e+05  -1.7268920e+06
   3.4520215e+05  -1.7263939e+06
   3.4524620e+05  -1.7258958e+06
   3.4529024e+05  -1.7253978e+06
   3.4533429e+05  -1.7248997e+06
   3.4537833e+05  -1.7244017e+06
   3.4542238e+05  -1.7239036e+06
   3.4546643e+05  -1.7234056e+06
   3.4551047e+05  -1.7229075e+06
   3.4555452e+05  -1.7224094e+06
   3.4559856e+05  -1.7219114e+06
   3.4564261e+05  -1.7214133e+06
   3.4568666e+05  -1.7209153e+06
   3.4573070e+05  -1.7204172e+06
   3.4577475e+05  -1.7199192e+06
   3.4581879e+05  -1.7194211e+06
   3.4586284e+05  -1.7189231e+06
   3.4590689e+05  -1.7184250e+06
   3.4595093e+05  -1.7179269e+06
   3.4599498e+05  -1.7174289e+06
   3.4603902e+05  -1.7169308e+06
   3.4608307e+05  -1.7164328e+06
   3.4612712e+05  -1.7159347e+06
   3.4617116e+05  -1.7154367e+06
   3.4621521e+05  -1.7149386e+06
   3.4625925e+05  -1.7144405e+06
   3.4630330e+05  -1.7139425e+06
   3.4634735e+05  -1.7134444e+06
   3.4639139e+05  -1.7129464e+06
   3.4643544e+05  -1.7124483e+06
   3.4647948e+05  -1.7119503e+06
   3.4652353e+05  -1.7114522e+06
   3.4656758e+05  -1.7109542e+06
   3.4661162e+05  -1.7104561e+06
   3.4665567e+05  -1.7099580e+06
   3.4669971e+05  -1.7094600e+06
