   3.4669971e+05  -1.7094600e+06
   3.4620166e+05  -1.7094159e+06
   3.4570360e+05  -1.7093719e+06
   3.4520554e+05  -1.7093278e+06
   3.4470749e+05  -1.7092838e+06
   3.4420943e+05  -1.7092398e+06
   3.4371138e+05  -1.7091957e+06
   3.4321332e+05  -1.7091517e+06
   3.4271526e+05  -1.7091076e+06
   3.4221721e+05  -1.7090636e+06
   3.4171915e+05  -1.7090195e+06
   3.4122110e+05  -1.7089755e+06
   3.4072304e+05  -1.7089314e+06
   3.4022498e+05  -1.7088874e+06
   3.3972693e+05  -1.7088433e+06
   3.3922887e+05  -1.7087993e+06
   3.3873081e+05  -1.7087553e+06
   3.3823276e+05  -1.7087112e+06
   3.3773470e+05  -1.7086672e+06
   3.3723665e+05  -1.7086231e+06
   3.3673859e+05  -1.7085791e+06
   3.3624053e+05  -1.7085350e+06
   3.3574248e+05  -1.7084910e+06
   3.3524442e+05  -1.7084469e+06
   3.3474637e+05  -1.7084029e+06
   3.3424831e+05  -1.7083588e+06
   3.3375025e+05  -1.7083148e+06
   3.3325220e+05  -1.7082707e+06
   3.3275414e+05  -1.7082267e+06
   3.3225608e+05  -1.7081827e+06
   3.3175803e+05  -1.7081386e+06
   3.3125997e+05  -1.7080946e+06
   3.3076192e+05  -1.7080505e+06
   3.3026386e+05  -1.7080065e+06
   3.2976580e+05  -1.7079624e+06
   3.2926775e+05  -1.7079184e+06
   3.2876969e+05  -1.7078743e+06
   3.2827164e+05  -1.7078303e+06
   3.2777358e+05  -1.7077862e+06
   3.2727552e+05  -1.7077422e+06
   3.2677747e+05  -1.7076981e+06
   3.2627941e+05  -1.7076541e+06
   3.2578135e+05  -1.7076101e+06
   3.2528330e+05  -1.7075660e+06
   3.2478524e+05  -1.7075220e+06
   3.2428719e+05  -1.7074779e+06
   3.2378913e+05  -1.7074339e+06
   3.2329107e+05  -1.7073898e+06
   3.2279302e+05  -1.7073458e+06
   3.2229496e+05  -1.7073017e+06
   3.2179690e+05  -1.7072577e+06
   3.2129885e+05  -1.7072136e+06
   3.2080079e+05  -1.7071696e+06
   3.2030274e+05  -1.7071255e+06
   3.1980468e+05  -1.7070815e+06
   3.1930662e+05  -1.7070375e+06
   3.1880857e+05  -1.7069934e+06
   3.1831051e+05  -1.7069494e+06
   3.1781246e+05  -1.7069053e+06
   3.1731440e+05  -1.7068613e+06
   3.1681634e+05  -1.7068172e+06
   3.1631829e+05  -1.7067732e+06
   3.1582023e+05  -1.7067291e+06
   3.1532217e+05  -1.7066851e+06
   3.1482412e+05  -1.7066410e+06
   3.1432606e+05  -1.7065970e+06
   3.1382801e+05  -1.7065530e+06
   3.1332995e+05  -1.7065089e+06
   3.1283189e+05  -1.7064649e+06
   3.1233384e+05  -1.7064208e+06
   3.1183578e+05  -1.7063768e+06
   3.1133773e+05  -1.7063327e+06
   3.1083967e+05  -1.7062887e+06
   3.1034161e+05  -1.7062446e+06
   3.0984356e+05  -1.7062006e+06
   3.0934550e+05  -1.7061565e+06
   3.0884744e+05  -1.7061125e+06
   3.0834939e+05  -1.7060684e+06
   3.0785133e+05  -1.7060244e+06
   3.0735328e+05  -1.7059804e+06
   3.0685522e+05  -1.7059363e+06
   3.0635716e+05  -1.7058923e+06
   3.0585911e+05  -1.7058482e+06
   3.0536105e+05  -1.7058042e+06
   3.0486299e+05  -1.7057601e+06
   3.0436494e+05  -1.7057161e+06
   3.0386688e+05  -1.7056720e+06
   3.0336883e+05  -1.7056280e+06
   3.0287077e+05  -1.7055839e+06
   3.0237271e+05  -1.7055399e+06
   3.0187466e+05  -1.7054958e+06
   3.0137660e+05  -1.7054518e+06
   3.0087855e+05  -1.7054078e+06
   3.0038049e+05  -1.7053637e+06
   2.9988243e+05  -1.7053197e+06
   2.9938438e+05  -1.7052756e+06
   2.9888632e+05  -1.7052316e+06
   2.9838826e+05  -1.7051875e+06
   2.9789021e+05  -1.7051435e+06
   2.9739215e+05  -1.7050994e+06
   2.9689410e+05  -1.7050554e+06
   2.9639604e+05  -1.7050113e+06
   2.9589798e+05  -1.7049673e+06
   2.9539993e+05  -1.7049233e+06
   2.9490187e+05  -1.7048792e+06
   2.9440382e+05  -1.7048352e+06
   2.9390576e+05  -1.7047911e+06
   2.9340770e+05  -1.7047471e+06
   2.9290965e+05  -1.7047030e+06
   2.9241159e+05  -1.7046590e+06
   2.9191353e+05  -1.7046149e+06
   2.9141548e+05  -1.7045709e+06
   2.9091742e+05  -1.7045268e+06
   2.9041937e+05  -1.7044828e+06
   2.8992131e+05  -1.7044387e+06
   2.8942325e+05  -1.7043947e+06
   2.8892520e+05  -1.7043507e+06
   2.8842714e+05  -1.7043066e+06
   2.8792909e+05  -1.7042626e+06
   2.8743103e+05  -1.7042185e+06
   2.8693297e+05  -1.7041745e+06
   2.8643492e+05  -1.7041304e+06
   2.8593686e+05  -1.7040864e+06
   2.8543880e+05  -1.7040423e+06
   2.8494075e+05  -1.7039983e+06
   2.8444269e+05  -1.7039542e+06
   2.8394464e+05  -1.7039102e+06
   2.8344658e+05  -1.7038661e+06
   2.8294852e+05  -1.7038221e+06
   2.8245047e+05  -1.7037781e+06
   2.8195241e+05  -1.7037340e+06
   2.8145435e+05  -1.7036900e+06
   2.8095630e+05  -1.7036459e+06
   2.8045824e+05  -1.7036019e+06
   2.7996019e+05  -1.7035578e+06
   2.7946213e+05  -1.7035138e+06
   2.7896407e+05  -1.7034697e+06
   2.7846602e+05  -1.7034257e+06
   2.7796796e+05  -1.7033816e+06
   2.7746991e+05  -1.7033376e+06
   2.7697185e+05  -1.7032935e+06
   2.7647379e+05  -1.7032495e+06
   2.7597574e+05  -1.7032055e+06
   2.7547768e+05  -1.7031614e+06
   2.7497962e+05  -1.7031174e+06
   2.7448157e+05  -1.7030733e+06
   2.7398351e+05  -1.7030293e+06
   2.7348546e+05  -1.7029852e+06
   2.7298740e+05  -1.7029412e+06
   2.7248934e+05  -1.7028971e+06
   2.7199129e+05  -1.7028531e+06
   2.7149323e+05  -1.7028090e+06
   2.7099518e+05  -1.7027650e+06
   2.7049712e+05  -1.7027210e+06
   2.6999906e+05  -1.7026769e+06
   2.6950101e+05  -1.7026329e+06
   2.6900295e+05  -1.7025888e+06
   2.6850489e+05  -1.7025448e+06
   2.6800684e+05  -1.7025007e+06
   2.6750878e+05  -1.7024567e+06
   2.6701073e+05  -1.7024126e+06
   2.6651267e+05  -1.7023686e+06
   2.6601461e+05  -1.7023245e+06
   2.6551656e+05  -1.7022805e+06
   2.6501850e+05  -1.7022364e+06
   2.6452044e+05  -1.7021924e+06
   2.6402239e+05  -1.7021484e+06
   2.6352433e+05  -1.7021043e+06
   2.6302628e+05  -1.7020603e+06
   2.6252822e+05  -1.7020162e+06
   2.6203016e+05  -1.7019722e+06
   2.6153211e+05  -1.7019281e+06
   2.6103405e+05  -1.7018841e+06
   2.6053600e+05  -1.7018400e+06
   2.6003794e+05  -1.7017960e+06
   2.5953988e+05  -1.7017519e+06
   2.5904183e+05  -1.7017079e+06
   2.5854377e+05  -1.7016638e+06
   2.5804571e+05  -1.7016198e+06
   2.5754766e+05  -1.7015758e+06
   2.5704960e+05  -1.7015317e+06
   2.5655155e+05  -1.7014877e+06
   2.5605349e+05  -1.7014436e+06
   2.5555543e+05  -1.7013996e+06
   2.5505738e+05  -1.7013555e+06
   2.5455932e+05  -1.7013115e+06
   2.5406127e+05  -1.7012674e+06
   2.5356321e+05  -1.7012234e+06
   2.5306515e+05  -1.7011793e+06
   2.5256710e+05  -1.7011353e+06
   2.5206904e+05  -1.7010912e+06
   2.5157098e+05  -1.7010472e+06
   2.5107293e+05  -1.7010032e+06
   2.5057487e+05  -1.7009591e+06
   2.5007682e+05  -1.7009151e+06
   2.4957876e+05  -1.7008710e+06
   2.4908070e+05  -1.7008270e+06
   2.4858265e+05  -1.7007829e+06
   2.4808459e+05  -1.7007389e+06
   2.4758654e+05  -1.7006948e+06
   2.4708848e+05  -1.7006508e+06
   2.4659042e+05  -1.7006067e+06
   2.4609237e+05  -1.7005627e+06
   2.4559431e+05  -1.7005187e+06
   2.4509625e+05  -1.7004746e+06
   2.4459820e+05  -1.7004306e+06
   2.4410014e+05  -1.7003865e+06
   2.4360209e+05  -1.7003425e+06
   2.4310403e+05  -1.7002984e+06
   2.4260597e+05  -1.7002544e+06
   2.4210792e+05  -1.7002103e+06
   2.4160986e+05  -1.7001663e+06
   2.4111180e+05  -1.7001222e+06
   2.4061375e+05  -1.7000782e+06
   2.4011569e+05  -1.7000341e+06
   2.3961764e+05  -1.6999901e+06
   2.3911958e+05  -1.6999461e+06
   2.3862152e+05  -1.6999020e+06
   2.3812347e+05  -1.6998580e+06
   2.3762541e+05  -1.6998139e+06
   2.3712736e+05  -1.6997699e+06
   2.3662930e+05  -1.6997258e+06
   2.3613124e+05  -1.6996818e+06
   2.3563319e+05  -1.6996377e+06
   2.3513513e+05  -1.6995937e+06
   2.3463707e+05  -1.6995496e+06
   2.3413902e+05  -1.6995056e+06
   2.3364096e+05  -1.6994615e+06
   2.3314291e+05  -1.6994175e+06
   2.3264485e+05  -1.6993735e+06
   2.3214679e+05  -1.6993294e+06
   2.3164874e+05  -1.6992854e+06
   2.3115068e+05  -1.6992413e+06
   2.3065263e+05  -1.6991973e+06
   2.3015457e+05  -1.6991532e+06
   2.2965651e+05  -1.6991092e+06
   2.2915846e+05  -1.6990651e+06
   2.2866040e+05  -1.6990211e+06
   2.2816234e+05  -1.6989770e+06
   2.2766429e+05  -1.6989330e+06
   2.2716623e+05  -1.6988889e+06
   2.2666818e+05  -1.6988449e+06
   2.2617012e+05  -1.6988009e+06
   2.2567206e+05  -1.6987568e+06
   2.2517401e+05  -1.6987128e+06
   2.2467595e+05  -1.6986687e+06
   2.2417789e+05  -1.6986247e+06
   2.2367984e+05  -1.6985806e+06
   2.2318178e+05  -1.6985366e+06
   2.2268373e+05  -1.6984925e+06
   2.2218567e+05  -1.6984485e+06
   2.2168761e+05  -1.6984044e+06
   2.2118956e+05  -1.6983604e+06
   2.2069150e+05  -1.6983164e+06
   2.2019345e+05  -1.6982723e+06
   2.1969539e+05  -1.6982283e+06
   2.1919733e+05  -1.6981842e+06
   2.1869928e+05  -1.6981402e+06
   2.1820122e+05  -1.6980961e+06
   2.1770316e+05  -1.6980521e+06
   2.1720511e+05  -1.6980080e+06
   2.1670705e+05  -1.6979640e+06
   2.1620900e+05  -1.6979199e+06
   2.1571094e+05  -1.6978759e+06
   2.1521288e+05  -1.6978318e+06
   2.1471483e+05  -1.6977878e+06
   2.1421677e+05  -1.6977438e+06
   2.1371872e+05  -1.6976997e+06
   2.1322066e+05  -1.6976557e+06
   2.1272260e+05  -1.6976116e+06
   2.1222455e+05  -1.6975676e+06
   2.1172649e+05  -1.6975235e+06
   2.1122843e+05  -1.6974795e+06
   2.1073038e+05  -1.6974354e+06
   2.1023232e+05  -1.6973914e+06
   2.0973427e+05  -1.6973473e+06
   2.0923621e+05  -1.6973033e+06
   2.0873815e+05  -1.6972592e+06
   2.0824010e+05  -1.6972152e+06
   2.0774204e+05  -1.6971712e+06
   2.0724399e+05  -1.6971271e+06
   2.0674593e+05  -1.6970831e+06
   2.0624787e+05  -1.6970390e+06
   2.0574982e+05  -1.6969950e+06
   2.0525176e+05  -1.6969509e+06
   2.0475370e+05  -1.6969069e+06
   2.0425565e+05  -1.6968628e+06
   2.0375759e+05  -1.6968188e+06
   2.0325954e+05  -1.6967747e+06
   2.0276148e+05  -1.6967307e+06
   2.0226342e+05  -1.6966867e+06
   2.0176537e+05  -1.6966426e+06
   2.0126731e+05  -1.6965986e+06
   2.0076925e+05  -1.6965545e+06
   2.0027120e+05  -1.6965105e+06
   1.9977314e+05  -1.6964664e+06
   1.9927509e+05  -1.6964224e+06
   1.9877703e+05  -1.6963783e+06
   1.9827897e+05  -1.6963343e+06
   1.9778092e+05  -1.6962902e+06
   1.9728286e+05  -1.6962462e+06
   1.9678481e+05  -1.6962021e+06
   1.9628675e+05  -1.6961581e+06
   1.9578869e+05  -1.6961141e+06
   1.9529064e+05  -1.6960700e+06
   1.9479258e+05  -1.6960260e+06
   1.9429452e+05  -1.6959819e+06
   1.9379647e+05  -1.6959379e+06
   1.9329841e+05  -1.6958938e+06
   1.9280036e+05  -1.6958498e+06
   1.9230230e+05  -1.6958057e+06
   1.9180424e+05  -1.6957617e+06
   1.9130619e+05  -1.6957176e+06
   1.9080813e+05  -1.6956736e+06
   1.9031008e+05  -1.6956295e+06
   1.8981202e+05  -1.6955855e+06
   1.8931396e+05  -1.6955415e+06
   1.8881591e+05  -1.6954974e+06
   1.8831785e+05  -1.6954534e+06
   1.8781979e+05  -1.6954093e+06
   1.8732174e+05  -1.6953653e+06
   1.8682368e+05  -1.6953212e+06
   1.8632563e+05  -1.6952772e+06
   1.8582757e+05  -1.6952331e+06
   1.8532951e+05  -1.6951891e+06
   1.8483146e+05  -1.6951450e+06
   1.8433340e+05  -1.6951010e+06
   1.8383535e+05  -1.6950569e+06
   1.8333729e+05  -1.6950129e+06
   1.8283923e+05  -1.6949689e+06
   1.8234118e+05  -1.6949248e+06
   1.8184312e+05  -1.6948808e+06
   1.8134506e+05  -1.6948367e+06
   1.8084701e+05  -1.6947927e+06
   1.8034895e+05  -1.6947486e+06
   1.7985090e+05  -1.6947046e+06
   1.7935284e+05  -1.6946605e+06
   1.7885478e+05  -1.6946165e+06
   1.7835673e+05  -1.6945724e+06
   1.7785867e+05  -1.6945284e+06
   1.7736061e+05  -1.6944844e+06
   1.7686256e+05  -1.6944403e+06
   1.7636450e+05  -1.6943963e+06
   1.7586645e+05  -1.6943522e+06
   1.7536839e+05  -1.6943082e+06
   1.7487033e+05  -1.6942641e+06
   1.7437228e+05  -1.6942201e+06
   1.7387422e+05  -1.6941760e+06
   1.7337617e+05  -1.6941320e+06
   1.7287811e+05  -1.6940879e+06
   1.7238005e+05  -1.6940439e+06
   1.7188200e+05  -1.6939998e+06
   1.7138394e+05  -1.6939558e+06
   1.7088588e+05  -1.6939118e+06
   1.7038783e+05  -1.6938677e+06
   1.6988977e+05  -1.6938237e+06
   1.6939172e+05  -1.6937796e+06
   1.6889366e+05  -1.6937356e+06
   1.6839560e+05  -1.6936915e+06
   1.6789755e+05  -1.6936475e+06
   1.6739949e+05  -1.6936034e+06
   1.6690144e+05  -1.6935594e+06
   1.6640338e+05  -1.6935153e+06
   1.6590532e+05  -1.6934713e+06
   1.6540727e+05  -1.6934272e+06
   1.6490921e+05  -1.6933832e+06
   1.6441115e+05  -1.6933392e+06
   1.6391310e+05  -1.6932951e+06
   1.6341504e+05  -1.6932511e+06
   1.6291699e+05  -1.6932070e+06
   1.6241893e+05  -1.6931630e+06
   1.6192087e+05  -1.6931189e+06
   1.6142282e+05  -1.6930749e+06
   1.6092476e+05  -1.6930308e+06
   1.6042670e+05  -1.6929868e+06
   1.5992865e+05  -1.6929427e+06
   1.5943059e+05  -1.6928987e+06
   1.5893254e+05  -1.6928546e+06
   1.5843448e+05  -1.6928106e+06
   1.5793642e+05  -1.6927666e+06
   1.5743837e+05  -1.6927225e+06
   1.5694031e+05  -1.6926785e+06
   1.5644226e+05  -1.6926344e+06
   1.5594420e+05  -1.6925904e+06
   1.5544614e+05  -1.6925463e+06
   1.5494809e+05  -1.6925023e+06
   1.5445003e+05  -1.6924582e+06
   1.5395197e+05  -1.6924142e+06
   1.5345392e+05  -1.6923701e+06
   1.5295586e+05  -1.6923261e+06
   1.5245781e+05  -1.6922821e+06
   1.5195975e+05  -1.6922380e+06
   1.5146169e+05  -1.6921940e+06
   1.5096364e+05  -1.6921499e+06
   1.5046558e+05  -1.6921059e+06
   1.4996753e+05  -1.6920618e+06
   1.4946947e+05  -1.6920178e+06
   1.4897141e+05  -1.6919737e+06
   1.4847336e+05  -1.6919297e+06
   1.4797530e+05  -1.6918856e+06
   1.4747724e+05  -1.6918416e+06
   1.4697919e+05  -1.6917975e+06
   1.4648113e+05  -1.6917535e+06
   1.4598308e+05  -1.6917095e+06
   1.4548502e+05  -1.6916654e+06
   1.4498696e+05  -1.6916214e+06
   1.4448891e+05  -1.6915773e+06
   1.4399085e+05  -1.6915333e+06
   1.4349280e+05  -1.6914892e+06
   1.4299474e+05  -1.6914452e+06
   1.4249668e+05  -1.6914011e+06
   1.4199863e+05  -1.6913571e+06
   1.4150057e+05  -1.6913130e+06
   1.4100251e+05  -1.6912690e+06
   1.4050446e+05  -1.6912249e+06
   1.4000640e+05  -1.6911809e+06
   1.3950835e+05  -1.6911369e+06
   1.3901029e+05  -1.6910928e+06
   1.3851223e+05  -1.6910488e+06
   1.3801418e+05  -1.6910047e+06
   1.3751612e+05  -1.6909607e+06
   1.3701806e+05  -1.6909166e+06
   1.3652001e+05  -1.6908726e+06
   1.3602195e+05  -1.6908285e+06
   1.3552390e+05  -1.6907845e+06
   1.3502584e+05  -1.6907404e+06
   1.3452778e+05  -1.6906964e+06
   1.3402973e+05  -1.6906524e+06
   1.3353167e+05  -1.6906083e+06
   1.3303362e+05  -1.6905643e+06
   1.3253556e+05  -1.6905202e+06
   1.3203750e+05  -1.6904762e+06
   1.3153945e+05  -1.6904321e+06
   1.3104139e+05  -1.6903881e+06
   1.3054333e+05  -1.6903440e+06
   1.3004528e+05  -1.6903000e+06
   1.2954722e+05  -1.6902559e+06
   1.2904917e+05  -1.6902119e+06
   1.2855111e+05  -1.6901678e+06
   1.2805305e+05  -1.6901238e+06
   1.2755500e+05  -1.6900798e+06
   1.2705694e+05  -1.6900357e+06
   1.2655889e+05  -1.6899917e+06
   1.2606083e+05  -1.6899476e+06
   1.2556277e+05  -1.6899036e+06
   1.2506472e+05  -1.6898595e+06
   1.2456666e+05  -1.6898155e+06
   1.2406860e+05  -1.6897714e+06
   1.2357055e+05  -1.6897274e+06
   1.2307249e+05  -1.6896833e+06
   1.2257444e+05  -1.6896393e+06
   1.2207638e+05  -1.6895952e+06
   1.2157832e+05  -1.6895512e+06
   1.2108027e+05  -1.6895072e+06
   1.2058221e+05  -1.6894631e+06
   1.2008415e+05  -1.6894191e+06
   1.1958610e+05  -1.6893750e+06
   1.1908804e+05  -1.6893310e+06
   1.1858999e+05  -1.6892869e+06
   1.1809193e+05  -1.6892429e+06
   1.1759387e+05  -1.6891988e+06
   1.1709582e+05  -1.6891548e+06
   1.1659776e+05  -1.6891107e+06
   1.1609971e+05  -1.6890667e+06
   1.1560165e+05  -1.6890226e+06
   1.1510359e+05  -1.6889786e+06
   1.1460554e+05  -1.6889346e+06
   1.1410748e+05  -1.6888905e+06
   1.1360942e+05  -1.6888465e+06
   1.1311137e+05  -1.6888024e+06
   1.1261331e+05  -1.6887584e+06
   1.1211526e+05  -1.6887143e+06
   1.1161720e+05  -1.6886703e+06
   1.1111914e+05  -1.6886262e+06
   1.1062109e+05  -1.6885822e+06
   1.1012303e+05  -1.6885381e+06
   1.0962498e+05  -1.6884941e+06
   1.0912692e+05  -1.6884501e+06
   1.0862886e+05  -1.6884060e+06
   1.0813081e+05  -1.6883620e+06
   1.0763275e+05  -1.6883179e+06
   1.0713469e+05  -1.6882739e+06
   1.0663664e+05  -1.6882298e+06
   1.0613858e+05  -1.6881858e+06
   1.0564053e+05  -1.6881417e+06
   1.0514247e+05  -1.6880977e+06
   1.0464441e+05  -1.6880536e+06
   1.0414636e+05  -1.6880096e+06
   1.0364830e+05  -1.6879655e+06
   1.0315025e+05  -1.6879215e+06
   1.0265219e+05  -1.6878775e+06
   1.0215413e+05  -1.6878334e+06
   1.0165608e+05  -1.6877894e+06
   1.0115802e+05  -1.6877453e+06
   1.0065996e+05  -1.6877013e+06
   1.0016191e+05  -1.6876572e+06
   9.9663852e+04  -1.6876132e+06
   9.9165796e+04  -1.6875691e+06
   9.8667740e+04  -1.6875251e+06
   9.8169683e+04  -1.6874810e+06
   9.7671627e+04  -1.6874370e+06
   9.7173571e+04  -1.6873929e+06
   9.6675515e+04  -1.6873489e+06
   9.6177459e+04  -1.6873049e+06
   9.5679402e+04  -1.6872608e+06
   9.5181346e+04  -1.6872168e+06
   9.4683290e+04  -1.6871727e+06
   9.4185234e+04  -1.6871287e+06
   9.3687178e+04  -1.6870846e+06
   9.3189122e+04  -1.6870406e+06
   9.2691065e+04  -1.6869965e+06
   9.2193009e+04  -1.6869525e+06
   9.1694953e+04  -1.6869084e+06
   9.1196897e+04  -1.6868644e+06
   9.0698841e+04  -1.6868203e+06
   9.0200785e+04  -1.6867763e+06
   8.9702728e+04  -1.6867323e+06
   8.9204672e+04  -1.6866882e+06
   8.8706616e+04  -1.6866442e+06
   8.8208560e+04  -1.6866001e+06
   8.7710504e+04  -1.6865561e+06
   8.7212448e+04  -1.6865120e+06
   8.6714391e+04  -1.6864680e+06
   8.6216335e+04  -1.6864239e+06
   8.5718279e+04  -1.6863799e+06
   8.5220223e+04  -1.6863358e+06
   8.4722167e+04  -1.6862918e+06
   8.4224111e+04  -1.6862478e+06
   8.3726054e+04  -1.6862037e+06
   8.3227998e+04  -1.6861597e+06
   8.2729942e+04  -1.6861156e+06
   8.2231886e+04  -1.6860716e+06
   8.1733830e+04  -1.6860275e+06
   8.1235773e+04  -1.6859835e+06
   8.0737717e+04  -1.6859394e+06
   8.0239661e+04  -1.6858954e+06
   7.9741605e+04  -1.6858513e+06
   7.9243549e+04  -1.6858073e+06
   7.8745493e+04  -1.6857632e+06
   7.8247436e+04  -1.6857192e+06
   7.7749380e+04  -1.6856752e+06
   7.7251324e+04  -1.6856311e+06
   7.6753268e+04  -1.6855871e+06
   7.6255212e+04  -1.6855430e+06
   7.5757156e+04  -1.6854990e+06
   7.5259099e+04  -1.6854549e+06
   7.4761043e+04  -1.6854109e+06
   7.4262987e+04  -1.6853668e+06
   7.3764931e+04  -1.6853228e+06
   7.3266875e+04  -1.6852787e+06
   7.2768819e+04  -1.6852347e+06
   7.2270762e+04  -1.6851906e+06
   7.1772706e+04  -1.6851466e+06
   7.1274650e+04  -1.6851026e+06
   7.0776594e+04  -1.6850585e+06
   7.0278538e+04  -1.6850145e+06
   6.9780482e+04  -1.6849704e+06
   6.9282425e+04  -1.6849264e+06
   6.8784369e+04  -1.6848823e+06
   6.8286313e+04  -1.6848383e+06
   6.7788257e+04  -1.6847942e+06
   6.7290201e+04  -1.6847502e+06
   6.6792144e+04  -1.6847061e+06
   6.6294088e+04  -1.6846621e+06
   6.5796032e+04  -1.6846180e+06
   6.5297976e+04  -1.6845740e+06
   6.4799920e+04  -1.6845300e+06
   6.4301864e+04  -1.6844859e+06
   6.3803807e+04  -1.6844419e+06
   6.3305751e+04  -1.6843978e+06
   6.2807695e+04  -1.6843538e+06
   6.2309639e+04  -1.6843097e+06
   6.1811583e+04  -1.6842657e+06
   6.1313527e+04  -1.6842216e+06
   6.0815470e+04  -1.6841776e+06
   6.0317414e+04  -1.6841335e+06
   5.9819358e+04  -1.6840895e+06
   5.9321302e+04  -1.6840455e+06
   5.8823246e+04  -1.6840014e+06
   5.8325190e+04  -1.6839574e+06
   5.7827133e+04  -1.6839133e+06
   5.7329077e+04  -1.6838693e+06
   5.6831021e+04  -1.6838252e+06
   5.6332965e+04  -1.6837812e+06
   5.5834909e+04  -1.6837371e+06
   5.5336853e+04  -1.6836931e+06
   5.4838796e+04  -1.6836490e+06
   5.4340740e+04  -1.6836050e+06
   5.3842684e+04  -1.6835609e+06
   5.3344628e+04  -1.6835169e+06
   5.2846572e+04  -1.6834729e+06
   5.2348515e+04  -1.6834288e+06
   5.1850459e+04  -1.6833848e+06
   5.1352403e+04  -1.6833407e+06
   5.0854347e+04  -1.6832967e+06
   5.0356291e+04  -1.6832526e+06
   4.9858235e+04  -1.6832086e+06
   4.9360178e+04  -1.6831645e+06
   4.8862122e+04  -1.6831205e+06
   4.8364066e+04  -1.6830764e+06
   4.7866010e+04  -1.6830324e+06
   4.7367954e+04  -1.6829883e+06
   4.6869898e+04  -1.6829443e+06
   4.6371841e+04  -1.6829003e+06
   4.5873785e+04  -1.6828562e+06
   4.5375729e+04  -1.6828122e+06
   4.4877673e+04  -1.6827681e+06
   4.4379617e+04  -1.6827241e+06
   4.3881561e+04  -1.6826800e+06
   4.3383504e+04  -1.6826360e+06
   4.2885448e+04  -1.6825919e+06
   4.2387392e+04  -1.6825479e+06
   4.1889336e+04  -1.6825038e+06
   4.1391280e+04  -1.6824598e+06
   4.0893224e+04  -1.6824158e+06
   4.0395167e+04  -1.6823717e+06
   3.9897111e+04  -1.6823277e+06
   3.9399055e+04  -1.6822836e+06
   3.8900999e+04  -1.6822396e+06
   3.8402943e+04  -1.6821955e+06
   3.7904886e+04  -1.6821515e+06
   3.7406830e+04  -1.6821074e+06
   3.6908774e+04  -1.6820634e+06
   3.6410718e+04  -1.6820193e+06
   3.5912662e+04  -1.6819753e+06
   3.5414606e+04  -1.6819312e+06
   3.4916549e+04  -1.6818872e+06
   3.4418493e+04  -1.6818432e+06
   3.3920437e+04  -1.6817991e+06
   3.3422381e+04  -1.6817551e+06
   3.2924325e+04  -1.6817110e+06
   3.2426269e+04  -1.6816670e+06
   3.1928212e+04  -1.6816229e+06
   3.1430156e+04  -1.6815789e+06
   3.0932100e+04  -1.6815348e+06
   3.0434044e+04  -1.6814908e+06
   2.9935988e+04  -1.6814467e+06
   2.9437932e+04  -1.6814027e+06
   2.8939875e+04  -1.6813586e+06
   2.8441819e+04  -1.6813146e+06
   2.7943763e+04  -1.6812706e+06
   2.7445707e+04  -1.6812265e+06
   2.6947651e+04  -1.6811825e+06
   2.6449595e+04  -1.6811384e+06
   2.5951538e+04  -1.6810944e+06
   2.5453482e+04  -1.6810503e+06
   2.4955426e+04  -1.6810063e+06
   2.4457370e+04  -1.6809622e+06
   2.3959314e+04  -1.6809182e+06
   2.3461257e+04  -1.6808741e+06
   2.2963201e+04  -1.6808301e+06
   2.2465145e+04  -1.6807860e+06
   2.1967089e+04  -1.6807420e+06
   2.1469033e+04  -1.6806980e+06
   2.0970977e+04  -1.6806539e+06
   2.0472920e+04  -1.6806099e+06
   1.9974864e+04  -1.6805658e+06
   1.9476808e+04  -1.6805218e+06
   1.8978752e+04  -1.6804777e+06
   1.8480696e+04  -1.6804337e+06
   1.7982640e+04  -1.6803896e+06
   1.7484583e+04  -1.6803456e+06
   1.6986527e+04  -1.6803015e+06
   1.6488471e+04  -1.6802575e+06
   1.5990415e+04  -1.6802135e+06
   1.5492359e+04  -1.6801694e+06
   1.4994303e+04  -1.6801254e+06
   1.4496246e+04  -1.6800813e+06
   1.3998190e+04  -1.6800373e+06
   1.3500134e+04  -1.6799932e+06
   1.3002078e+04  -1.6799492e+06
   1.2504022e+04  -1.6799051e+06
   1.2005966e+04  -1.6798611e+06
   1.1507909e+04  -1.6798170e+06
   1.1009853e+04  -1.6797730e+06
   1.0511797e+04  -1.6797289e+06
   1.0013741e+04  -1.6796849e+06
   9.5156846e+03  -1.6796409e+06
   9.0176285e+03  -1.6795968e+06
   8.5195723e+03  -1.6795528e+06
   8.0215161e+03  -1.6795087e+06
   7.5234600e+03  -1.6794647e+06
   7.0254038e+03  -1.6794206e+06
   6.5273476e+03  -1.6793766e+06
   6.0292914e+03  -1.6793325e+06
   5.5312353e+03  -1.6792885e+06
   5.0331791e+03  -1.6792444e+06
   4.5351229e+03  -1.6792004e+06
   4.0370667e+03  -1.6791563e+06
   3.5390106e+03  -1.6791123e+06
   3.0409544e+03  -1.6790683e+06
   2.5428982e+03  -1.6790242e+06
   2.0448421e+03  -1.6789802e+06
   1.5467859e+03  -1.6789361e+06
   1.0487297e+03  -1.6788921e+06
   5.5067354e+02  -1.6788480e+06
   5.2617364e+01  -1.6788040e+06
  -4.4543881e+02  -1.6787599e+06
  -9.4349498e+02  -1.6787159e+06
  -1.4415512e+03  -1.6786718e+06
  -1.9396073e+03  -1.6786278e+06
  -2.4376635e+03  -1.6785837e+06
  -2.9357197e+03  -1.6785397e+06
  -3.4337758e+03  -1.6784957e+06
  -3.9318320e+03  -1.6784516e+06
  -4.4298882e+03  -1.6784076e+06
  -4.9279444e+03  -1.6783635e+06
  -5.4260005e+03  -1.6783195e+06
  -5.9240567e+03  -1.6782754e+06
  -6.4221129e+03  -1.6782314e+06
  -6.9201691e+03  -1.6781873e+06
  -7.4182252e+03  -1.6781433e+06
  -7.9162814e+03  -1.6780992e+06
  -8.4143376e+03  -1.6780552e+06
  -8.9123937e+03  -1.6780112e+06
  -9.4104499e+03  -1.6779671e+06
  -9.9085061e+03  -1.6779231e+06
  -1.0406562e+04  -1.6778790e+06
  -1.0904618e+04  -1.6778350e+06
  -1.1402675e+04  -1.6777909e+06
  -1.1900731e+04  -1.6777469e+06
  -1.2398787e+04  -1.6777028e+06
  -1.2896843e+04  -1.6776588e+06
  -1.3394899e+04  -1.6776147e+06
  -1.3892955e+04  -1.6775707e+06
  -1.4391012e+04  -1.6775266e+06
  -1.4889068e+04  -1.6774826e+06
  -1.5387124e+04  -1.6774386e+06
  -1.5885180e+04  -1.6773945e+06
  -1.6383236e+04  -1.6773505e+06
  -1.6881293e+04  -1.6773064e+06
  -1.7379349e+04  -1.6772624e+06
  -1.7877405e+04  -1.6772183e+06
  -1.8375461e+04  -1.6771743e+06
  -1.8873517e+04  -1.6771302e+06
  -1.9371573e+04  -1.6770862e+06
  -1.9869630e+04  -1.6770421e+06
  -2.0367686e+04  -1.6769981e+06
  -2.0865742e+04  -1.6769540e+06
  -2.1363798e+04  -1.6769100e+06
  -2.1861854e+04  -1.6768660e+06
  -2.2359910e+04  -1.6768219e+06
  -2.2857967e+04  -1.6767779e+06
  -2.3356023e+04  -1.6767338e+06
  -2.3854079e+04  -1.6766898e+06
  -2.4352135e+04  -1.6766457e+06
  -2.4850191e+04  -1.6766017e+06
  -2.5348247e+04  -1.6765576e+06
  -2.5846304e+04  -1.6765136e+06
  -2.6344360e+04  -1.6764695e+06
  -2.6842416e+04  -1.6764255e+06
  -2.7340472e+04  -1.6763815e+06
  -2.7838528e+04  -1.6763374e+06
  -2.8336584e+04  -1.6762934e+06
  -2.8834641e+04  -1.6762493e+06
  -2.9332697e+04  -1.6762053e+06
  -2.9830753e+04  -1.6761612e+06
  -3.0328809e+04  -1.6761172e+06
  -3.0826865e+04  -1.6760731e+06
  -3.1324922e+04  -1.6760291e+06
  -3.1822978e+04  -1.6759850e+06
  -3.2321034e+04  -1.6759410e+06
  -3.2819090e+04  -1.6758969e+06
  -3.3317146e+04  -1.6758529e+06
  -3.3815202e+04  -1.6758089e+06
  -3.4313259e+04  -1.6757648e+06
  -3.4811315e+04  -1.6757208e+06
  -3.5309371e+04  -1.6756767e+06
  -3.5807427e+04  -1.6756327e+06
  -3.6305483e+04  -1.6755886e+06
  -3.6803539e+04  -1.6755446e+06
  -3.7301596e+04  -1.6755005e+06
  -3.7799652e+04  -1.6754565e+06
  -3.8297708e+04  -1.6754124e+06
  -3.8795764e+04  -1.6753684e+06
  -3.9293820e+04  -1.6753243e+06
  -3.9791876e+04  -1.6752803e+06
  -4.0289933e+04  -1.6752363e+06
  -4.0787989e+04  -1.6751922e+06
  -4.1286045e+04  -1.6751482e+06
  -4.1784101e+04  -1.6751041e+06
  -4.2282157e+04  -1.6750601e+06
  -4.2780213e+04  -1.6750160e+06
  -4.3278270e+04  -1.6749720e+06
  -4.3776326e+04  -1.6749279e+06
  -4.4274382e+04  -1.6748839e+06
  -4.4772438e+04  -1.6748398e+06
  -4.5270494e+04  -1.6747958e+06
  -4.5768551e+04  -1.6747517e+06
  -4.6266607e+04  -1.6747077e+06
  -4.6764663e+04  -1.6746637e+06
  -4.7262719e+04  -1.6746196e+06
  -4.7760775e+04  -1.6745756e+06
  -4.8258831e+04  -1.6745315e+06
  -4.8756888e+04  -1.6744875e+06
  -4.9254944e+04  -1.6744434e+06
  -4.9753000e+04  -1.6743994e+06
  -5.0251056e+04  -1.6743553e+06
  -5.0749112e+04  -1.6743113e+06
  -5.1247168e+04  -1.6742672e+06
  -5.1745225e+04  -1.6742232e+06
  -5.2243281e+04  -1.6741792e+06
  -5.2741337e+04  -1.6741351e+06
  -5.3239393e+04  -1.6740911e+06
  -5.3737449e+04  -1.6740470e+06
  -5.4235505e+04  -1.6740030e+06
  -5.4733562e+04  -1.6739589e+06
  -5.5231618e+04  -1.6739149e+06
  -5.5729674e+04  -1.6738708e+06
  -5.6227730e+04  -1.6738268e+06
  -5.6725786e+04  -1.6737827e+06
  -5.7223842e+04  -1.6737387e+06
  -5.7721899e+04  -1.6736946e+06
  -5.8219955e+04  -1.6736506e+06
  -5.8718011e+04  -1.6736066e+06
  -5.9216067e+04  -1.6735625e+06
  -5.9714123e+04  -1.6735185e+06
  -6.0212180e+04  -1.6734744e+06
  -6.0710236e+04  -1.6734304e+06
  -6.1208292e+04  -1.6733863e+06
  -6.1706348e+04  -1.6733423e+06
  -6.2204404e+04  -1.6732982e+06
  -6.2702460e+04  -1.6732542e+06
  -6.3200517e+04  -1.6732101e+06
  -6.3698573e+04  -1.6731661e+06
  -6.4196629e+04  -1.6731220e+06
  -6.4694685e+04  -1.6730780e+06
  -6.5192741e+04  -1.6730340e+06
  -6.5690797e+04  -1.6729899e+06
  -6.6188854e+04  -1.6729459e+06
  -6.6686910e+04  -1.6729018e+06
  -6.7184966e+04  -1.6728578e+06
  -6.7683022e+04  -1.6728137e+06
  -6.8181078e+04  -1.6727697e+06
  -6.8679134e+04  -1.6727256e+06
  -6.9177191e+04  -1.6726816e+06
  -6.9675247e+04  -1.6726375e+06
  -7.0173303e+04  -1.6725935e+06
  -7.0671359e+04  -1.6725494e+06
  -7.1169415e+04  -1.6725054e+06
  -7.1667471e+04  -1.6724614e+06
  -7.2165528e+04  -1.6724173e+06
  -7.2663584e+04  -1.6723733e+06
  -7.3161640e+04  -1.6723292e+06
  -7.3659696e+04  -1.6722852e+06
  -7.4157752e+04  -1.6722411e+06
  -7.4655809e+04  -1.6721971e+06
  -7.5153865e+04  -1.6721530e+06
  -7.5651921e+04  -1.6721090e+06
  -7.6149977e+04  -1.6720649e+06
  -7.6648033e+04  -1.6720209e+06
  -7.7146089e+04  -1.6719769e+06
  -7.7644146e+04  -1.6719328e+06
  -7.8142202e+04  -1.6718888e+06
  -7.8640258e+04  -1.6718447e+06
  -7.9138314e+04  -1.6718007e+06
  -7.9636370e+04  -1.6717566e+06
  -8.0134426e+04  -1.6717126e+06
  -8.0632483e+04  -1.6716685e+06
  -8.1130539e+04  -1.6716245e+06
  -8.1628595e+04  -1.6715804e+06
  -8.2126651e+04  -1.6715364e+06
  -8.2624707e+04  -1.6714923e+06
  -8.3122763e+04  -1.6714483e+06
  -8.3620820e+04  -1.6714043e+06
  -8.4118876e+04  -1.6713602e+06
  -8.4616932e+04  -1.6713162e+06
  -8.5114988e+04  -1.6712721e+06
  -8.5613044e+04  -1.6712281e+06
  -8.6111100e+04  -1.6711840e+06
  -8.6609157e+04  -1.6711400e+06
  -8.7107213e+04  -1.6710959e+06
  -8.7605269e+04  -1.6710519e+06
  -8.8103325e+04  -1.6710078e+06
  -8.8601381e+04  -1.6709638e+06
  -8.9099438e+04  -1.6709197e+06
  -8.9597494e+04  -1.6708757e+06
  -9.0095550e+04  -1.6708317e+06
  -9.0593606e+04  -1.6707876e+06
  -9.1091662e+04  -1.6707436e+06
  -9.1589718e+04  -1.6706995e+06
  -9.2087775e+04  -1.6706555e+06
  -9.2585831e+04  -1.6706114e+06
  -9.3083887e+04  -1.6705674e+06
  -9.3581943e+04  -1.6705233e+06
  -9.4079999e+04  -1.6704793e+06
  -9.4578055e+04  -1.6704352e+06
  -9.5076112e+04  -1.6703912e+06
  -9.5574168e+04  -1.6703471e+06
  -9.6072224e+04  -1.6703031e+06
  -9.6570280e+04  -1.6702591e+06
  -9.7068336e+04  -1.6702150e+06
  -9.7566392e+04  -1.6701710e+06
  -9.8064449e+04  -1.6701269e+06
  -9.8562505e+04  -1.6700829e+06
  -9.9060561e+04  -1.6700388e+06
  -9.9558617e+04  -1.6699948e+06
  -1.0005667e+05  -1.6699507e+06
  -1.0055473e+05  -1.6699067e+06
  -1.0105279e+05  -1.6698626e+06
  -1.0155084e+05  -1.6698186e+06
  -1.0204890e+05  -1.6697746e+06
  -1.0254695e+05  -1.6697305e+06
  -1.0304501e+05  -1.6696865e+06
  -1.0354307e+05  -1.6696424e+06
  -1.0404112e+05  -1.6695984e+06
  -1.0453918e+05  -1.6695543e+06
  -1.0503724e+05  -1.6695103e+06
  -1.0553529e+05  -1.6694662e+06
  -1.0603335e+05  -1.6694222e+06
  -1.0653140e+05  -1.6693781e+06
  -1.0702946e+05  -1.6693341e+06
  -1.0752752e+05  -1.6692900e+06
  -1.0802557e+05  -1.6692460e+06
  -1.0852363e+05  -1.6692020e+06
  -1.0902168e+05  -1.6691579e+06
  -1.0951974e+05  -1.6691139e+06
  -1.1001780e+05  -1.6690698e+06
  -1.1051585e+05  -1.6690258e+06
  -1.1101391e+05  -1.6689817e+06
  -1.1151197e+05  -1.6689377e+06
  -1.1201002e+05  -1.6688936e+06
  -1.1250808e+05  -1.6688496e+06
  -1.1300613e+05  -1.6688055e+06
  -1.1350419e+05  -1.6687615e+06
  -1.1400225e+05  -1.6687174e+06
  -1.1450030e+05  -1.6686734e+06
  -1.1499836e+05  -1.6686294e+06
  -1.1549641e+05  -1.6685853e+06
  -1.1599447e+05  -1.6685413e+06
  -1.1649253e+05  -1.6684972e+06
  -1.1699058e+05  -1.6684532e+06
  -1.1748864e+05  -1.6684091e+06
  -1.1798670e+05  -1.6683651e+06
  -1.1848475e+05  -1.6683210e+06
  -1.1898281e+05  -1.6682770e+06
  -1.1948086e+05  -1.6682329e+06
  -1.1997892e+05  -1.6681889e+06
  -1.2047698e+05  -1.6681449e+06
  -1.2097503e+05  -1.6681008e+06
  -1.2147309e+05  -1.6680568e+06
  -1.2197114e+05  -1.6680127e+06
  -1.2246920e+05  -1.6679687e+06
  -1.2296726e+05  -1.6679246e+06
  -1.2346531e+05  -1.6678806e+06
  -1.2396337e+05  -1.6678365e+06
  -1.2446143e+05  -1.6677925e+06
  -1.2495948e+05  -1.6677484e+06
  -1.2545754e+05  -1.6677044e+06
  -1.2595559e+05  -1.6676603e+06
  -1.2645365e+05  -1.6676163e+06
  -1.2695171e+05  -1.6675723e+06
  -1.2744976e+05  -1.6675282e+06
  -1.2794782e+05  -1.6674842e+06
  -1.2844588e+05  -1.6674401e+06
  -1.2894393e+05  -1.6673961e+06
  -1.2944199e+05  -1.6673520e+06
  -1.2994004e+05  -1.6673080e+06
  -1.3043810e+05  -1.6672639e+06
  -1.3093616e+05  -1.6672199e+06
  -1.3143421e+05  -1.6671758e+06
  -1.3193227e+05  -1.6671318e+06
  -1.3243032e+05  -1.6670877e+06
  -1.3292838e+05  -1.6670437e+06
  -1.3342644e+05  -1.6669997e+06
  -1.3392449e+05  -1.6669556e+06
  -1.3442255e+05  -1.6669116e+06
  -1.3492061e+05  -1.6668675e+06
  -1.3541866e+05  -1.6668235e+06
  -1.3591672e+05  -1.6667794e+06
  -1.3641477e+05  -1.6667354e+06
  -1.3691283e+05  -1.6666913e+06
  -1.3741089e+05  -1.6666473e+06
  -1.3790894e+05  -1.6666032e+06
  -1.3840700e+05  -1.6665592e+06
  -1.3890505e+05  -1.6665151e+06
  -1.3940311e+05  -1.6664711e+06
  -1.3990117e+05  -1.6664271e+06
  -1.4039922e+05  -1.6663830e+06
  -1.4089728e+05  -1.6663390e+06
  -1.4139534e+05  -1.6662949e+06
  -1.4189339e+05  -1.6662509e+06
  -1.4239145e+05  -1.6662068e+06
  -1.4288950e+05  -1.6661628e+06
  -1.4338756e+05  -1.6661187e+06
  -1.4388562e+05  -1.6660747e+06
  -1.4438367e+05  -1.6660306e+06
  -1.4488173e+05  -1.6659866e+06
  -1.4537979e+05  -1.6659426e+06
  -1.4587784e+05  -1.6658985e+06
  -1.4637590e+05  -1.6658545e+06
  -1.4687395e+05  -1.6658104e+06
  -1.4737201e+05  -1.6657664e+06
  -1.4787007e+05  -1.6657223e+06
  -1.4836812e+05  -1.6656783e+06
  -1.4886618e+05  -1.6656342e+06
  -1.4936423e+05  -1.6655902e+06
  -1.4986229e+05  -1.6655461e+06
  -1.5036035e+05  -1.6655021e+06
  -1.5085840e+05  -1.6654580e+06
  -1.5135646e+05  -1.6654140e+06
  -1.5185452e+05  -1.6653700e+06
  -1.5235257e+05  -1.6653259e+06
  -1.5285063e+05  -1.6652819e+06
  -1.5334868e+05  -1.6652378e+06
  -1.5384674e+05  -1.6651938e+06
  -1.5434480e+05  -1.6651497e+06
  -1.5484285e+05  -1.6651057e+06
  -1.5534091e+05  -1.6650616e+06
  -1.5583896e+05  -1.6650176e+06
  -1.5633702e+05  -1.6649735e+06
  -1.5683508e+05  -1.6649295e+06
  -1.5733313e+05  -1.6648854e+06
  -1.5783119e+05  -1.6648414e+06
  -1.5832925e+05  -1.6647974e+06
  -1.5882730e+05  -1.6647533e+06
  -1.5932536e+05  -1.6647093e+06
  -1.5982341e+05  -1.6646652e+06
  -1.6032147e+05  -1.6646212e+06
  -1.6081953e+05  -1.6645771e+06
  -1.6131758e+05  -1.6645331e+06
  -1.6181564e+05  -1.6644890e+06
  -1.6231369e+05  -1.6644450e+06
  -1.6281175e+05  -1.6644009e+06
  -1.6330981e+05  -1.6643569e+06
  -1.6380786e+05  -1.6643128e+06
  -1.6430592e+05  -1.6642688e+06
  -1.6480398e+05  -1.6642248e+06
  -1.6530203e+05  -1.6641807e+06
  -1.6580009e+05  -1.6641367e+06
  -1.6629814e+05  -1.6640926e+06
  -1.6679620e+05  -1.6640486e+06
  -1.6729426e+05  -1.6640045e+06
  -1.6779231e+05  -1.6639605e+06
  -1.6829037e+05  -1.6639164e+06
  -1.6878843e+05  -1.6638724e+06
  -1.6928648e+05  -1.6638283e+06
  -1.6978454e+05  -1.6637843e+06
  -1.7028259e+05  -1.6637403e+06
  -1.7078065e+05  -1.6636962e+06
  -1.7127871e+05  -1.6636522e+06
  -1.7177676e+05  -1.6636081e+06
  -1.7227482e+05  -1.6635641e+06
  -1.7277287e+05  -1.6635200e+06
  -1.7327093e+05  -1.6634760e+06
  -1.7376899e+05  -1.6634319e+06
  -1.7426704e+05  -1.6633879e+06
  -1.7476510e+05  -1.6633438e+06
  -1.7526316e+05  -1.6632998e+06
  -1.7576121e+05  -1.6632557e+06
  -1.7625927e+05  -1.6632117e+06
  -1.7675732e+05  -1.6631677e+06
  -1.7725538e+05  -1.6631236e+06
  -1.7775344e+05  -1.6630796e+06
  -1.7825149e+05  -1.6630355e+06
  -1.7874955e+05  -1.6629915e+06
  -1.7924760e+05  -1.6629474e+06
  -1.7974566e+05  -1.6629034e+06
  -1.8024372e+05  -1.6628593e+06
  -1.8074177e+05  -1.6628153e+06
  -1.8123983e+05  -1.6627712e+06
  -1.8173789e+05  -1.6627272e+06
  -1.8223594e+05  -1.6626831e+06
  -1.8273400e+05  -1.6626391e+06
  -1.8323205e+05  -1.6625951e+06
  -1.8373011e+05  -1.6625510e+06
  -1.8422817e+05  -1.6625070e+06
  -1.8472622e+05  -1.6624629e+06
  -1.8522428e+05  -1.6624189e+06
  -1.8572233e+05  -1.6623748e+06
  -1.8622039e+05  -1.6623308e+06
  -1.8671845e+05  -1.6622867e+06
  -1.8721650e+05  -1.6622427e+06
  -1.8771456e+05  -1.6621986e+06
  -1.8821262e+05  -1.6621546e+06
  -1.8871067e+05  -1.6621106e+06
  -1.8920873e+05  -1.6620665e+06
  -1.8970678e+05  -1.6620225e+06
  -1.9020484e+05  -1.6619784e+06
  -1.9070290e+05  -1.6619344e+06
  -1.9120095e+05  -1.6618903e+06
  -1.9169901e+05  -1.6618463e+06
  -1.9219707e+05  -1.6618022e+06
  -1.9269512e+05  -1.6617582e+06
  -1.9319318e+05  -1.6617141e+06
  -1.9369123e+05  -1.6616701e+06
  -1.9418929e+05  -1.6616260e+06
  -1.9468735e+05  -1.6615820e+06
  -1.9518540e+05  -1.6615380e+06
  -1.9568346e+05  -1.6614939e+06
  -1.9618151e+05  -1.6614499e+06
  -1.9667957e+05  -1.6614058e+06
  -1.9717763e+05  -1.6613618e+06
  -1.9767568e+05  -1.6613177e+06
  -1.9817374e+05  -1.6612737e+06
  -1.9867180e+05  -1.6612296e+06
  -1.9916985e+05  -1.6611856e+06
  -1.9966791e+05  -1.6611415e+06
  -2.0016596e+05  -1.6610975e+06
  -2.0066402e+05  -1.6610534e+06
  -2.0116208e+05  -1.6610094e+06
  -2.0166013e+05  -1.6609654e+06
  -2.0215819e+05  -1.6609213e+06
  -2.0265624e+05  -1.6608773e+06
  -2.0315430e+05  -1.6608332e+06
  -2.0365236e+05  -1.6607892e+06
  -2.0415041e+05  -1.6607451e+06
  -2.0464847e+05  -1.6607011e+06
  -2.0514653e+05  -1.6606570e+06
  -2.0564458e+05  -1.6606130e+06
  -2.0614264e+05  -1.6605689e+06
  -2.0664069e+05  -1.6605249e+06
  -2.0713875e+05  -1.6604808e+06
  -2.0763681e+05  -1.6604368e+06
  -2.0813486e+05  -1.6603928e+06
  -2.0863292e+05  -1.6603487e+06
  -2.0913098e+05  -1.6603047e+06
  -2.0962903e+05  -1.6602606e+06
  -2.1012709e+05  -1.6602166e+06
  -2.1062514e+05  -1.6601725e+06
  -2.1112320e+05  -1.6601285e+06
  -2.1162126e+05  -1.6600844e+06
  -2.1211931e+05  -1.6600404e+06
  -2.1261737e+05  -1.6599963e+06
  -2.1311542e+05  -1.6599523e+06
  -2.1361348e+05  -1.6599083e+06
  -2.1411154e+05  -1.6598642e+06
  -2.1460959e+05  -1.6598202e+06
  -2.1510765e+05  -1.6597761e+06
  -2.1560571e+05  -1.6597321e+06
  -2.1610376e+05  -1.6596880e+06
  -2.1660182e+05  -1.6596440e+06
  -2.1709987e+05  -1.6595999e+06
  -2.1759793e+05  -1.6595559e+06
  -2.1809599e+05  -1.6595118e+06
  -2.1859404e+05  -1.6594678e+06
  -2.1909210e+05  -1.6594237e+06
  -2.1959015e+05  -1.6593797e+06
  -2.2008821e+05  -1.6593357e+06
  -2.2058627e+05  -1.6592916e+06
  -2.2108432e+05  -1.6592476e+06
  -2.2158238e+05  -1.6592035e+06
  -2.2208044e+05  -1.6591595e+06
  -2.2257849e+05  -1.6591154e+06
  -2.2307655e+05  -1.6590714e+06
  -2.2357460e+05  -1.6590273e+06
  -2.2407266e+05  -1.6589833e+06
  -2.2457072e+05  -1.6589392e+06
  -2.2506877e+05  -1.6588952e+06
  -2.2556683e+05  -1.6588511e+06
  -2.2606488e+05  -1.6588071e+06
  -2.2656294e+05  -1.6587631e+06
  -2.2706100e+05  -1.6587190e+06
  -2.2755905e+05  -1.6586750e+06
  -2.2805711e+05  -1.6586309e+06
  -2.2855517e+05  -1.6585869e+06
  -2.2905322e+05  -1.6585428e+06
  -2.2955128e+05  -1.6584988e+06
  -2.3004933e+05  -1.6584547e+06
  -2.3054739e+05  -1.6584107e+06
  -2.3104545e+05  -1.6583666e+06
  -2.3154350e+05  -1.6583226e+06
  -2.3204156e+05  -1.6582785e+06
  -2.3253962e+05  -1.6582345e+06
  -2.3303767e+05  -1.6581905e+06
  -2.3353573e+05  -1.6581464e+06
  -2.3403378e+05  -1.6581024e+06
  -2.3453184e+05  -1.6580583e+06
  -2.3502990e+05  -1.6580143e+06
  -2.3552795e+05  -1.6579702e+06
  -2.3602601e+05  -1.6579262e+06
  -2.3652406e+05  -1.6578821e+06
  -2.3702212e+05  -1.6578381e+06
  -2.3752018e+05  -1.6577940e+06
  -2.3801823e+05  -1.6577500e+06
  -2.3851629e+05  -1.6577060e+06
  -2.3901435e+05  -1.6576619e+06
  -2.3951240e+05  -1.6576179e+06
  -2.4001046e+05  -1.6575738e+06
  -2.4050851e+05  -1.6575298e+06
  -2.4100657e+05  -1.6574857e+06
  -2.4150463e+05  -1.6574417e+06
  -2.4200268e+05  -1.6573976e+06
  -2.4250074e+05  -1.6573536e+06
  -2.4299879e+05  -1.6573095e+06
  -2.4349685e+05  -1.6572655e+06
  -2.4399491e+05  -1.6572214e+06
  -2.4449296e+05  -1.6571774e+06
  -2.4499102e+05  -1.6571334e+06
  -2.4548908e+05  -1.6570893e+06
  -2.4598713e+05  -1.6570453e+06
  -2.4648519e+05  -1.6570012e+06
  -2.4698324e+05  -1.6569572e+06
  -2.4748130e+05  -1.6569131e+06
  -2.4797936e+05  -1.6568691e+06
  -2.4847741e+05  -1.6568250e+06
  -2.4897547e+05  -1.6567810e+06
  -2.4947353e+05  -1.6567369e+06
  -2.4997158e+05  -1.6566929e+06
  -2.5046964e+05  -1.6566488e+06
  -2.5096769e+05  -1.6566048e+06
  -2.5146575e+05  -1.6565608e+06
  -2.5196381e+05  -1.6565167e+06
  -2.5246186e+05  -1.6564727e+06
  -2.5295992e+05  -1.6564286e+06
  -2.5345797e+05  -1.6563846e+06
  -2.5395603e+05  -1.6563405e+06
  -2.5445409e+05  -1.6562965e+06
  -2.5495214e+05  -1.6562524e+06
  -2.5545020e+05  -1.6562084e+06
  -2.5594826e+05  -1.6561643e+06
  -2.5644631e+05  -1.6561203e+06
  -2.5694437e+05  -1.6560762e+06
  -2.5744242e+05  -1.6560322e+06
  -2.5794048e+05  -1.6559882e+06
  -2.5843854e+05  -1.6559441e+06
  -2.5893659e+05  -1.6559001e+06
  -2.5943465e+05  -1.6558560e+06
  -2.5993270e+05  -1.6558120e+06
  -2.6043076e+05  -1.6557679e+06
  -2.6092882e+05  -1.6557239e+06
  -2.6142687e+05  -1.6556798e+06
  -2.6192493e+05  -1.6556358e+06
  -2.6242299e+05  -1.6555917e+06
  -2.6292104e+05  -1.6555477e+06
  -2.6341910e+05  -1.6555037e+06
  -2.6391715e+05  -1.6554596e+06
  -2.6441521e+05  -1.6554156e+06
  -2.6491327e+05  -1.6553715e+06
  -2.6541132e+05  -1.6553275e+06
  -2.6590938e+05  -1.6552834e+06
  -2.6640743e+05  -1.6552394e+06
  -2.6690549e+05  -1.6551953e+06
  -2.6740355e+05  -1.6551513e+06
  -2.6790160e+05  -1.6551072e+06
  -2.6839966e+05  -1.6550632e+06
  -2.6889772e+05  -1.6550191e+06
  -2.6939577e+05  -1.6549751e+06
  -2.6989383e+05  -1.6549311e+06
  -2.7039188e+05  -1.6548870e+06
  -2.7088994e+05  -1.6548430e+06
  -2.7138800e+05  -1.6547989e+06
  -2.7188605e+05  -1.6547549e+06
  -2.7238411e+05  -1.6547108e+06
  -2.7288217e+05  -1.6546668e+06
  -2.7338022e+05  -1.6546227e+06
  -2.7387828e+05  -1.6545787e+06
  -2.7437633e+05  -1.6545346e+06
  -2.7487439e+05  -1.6544906e+06
  -2.7537245e+05  -1.6544465e+06
  -2.7587050e+05  -1.6544025e+06
  -2.7636856e+05  -1.6543585e+06
  -2.7686661e+05  -1.6543144e+06
  -2.7736467e+05  -1.6542704e+06
  -2.7786273e+05  -1.6542263e+06
  -2.7836078e+05  -1.6541823e+06
  -2.7885884e+05  -1.6541382e+06
  -2.7935690e+05  -1.6540942e+06
  -2.7985495e+05  -1.6540501e+06
  -2.8035301e+05  -1.6540061e+06
  -2.8085106e+05  -1.6539620e+06
  -2.8134912e+05  -1.6539180e+06
  -2.8184718e+05  -1.6538740e+06
  -2.8234523e+05  -1.6538299e+06
  -2.8284329e+05  -1.6537859e+06
  -2.8334134e+05  -1.6537418e+06
  -2.8383940e+05  -1.6536978e+06
  -2.8433746e+05  -1.6536537e+06
  -2.8483551e+05  -1.6536097e+06
  -2.8533357e+05  -1.6535656e+06
  -2.8583163e+05  -1.6535216e+06
  -2.8632968e+05  -1.6534775e+06
  -2.8682774e+05  -1.6534335e+06
  -2.8732579e+05  -1.6533894e+06
  -2.8782385e+05  -1.6533454e+06
  -2.8832191e+05  -1.6533014e+06
  -2.8881996e+05  -1.6532573e+06
  -2.8931802e+05  -1.6532133e+06
  -2.8981608e+05  -1.6531692e+06
  -2.9031413e+05  -1.6531252e+06
  -2.9081219e+05  -1.6530811e+06
  -2.9131024e+05  -1.6530371e+06
  -2.9180830e+05  -1.6529930e+06
  -2.9230636e+05  -1.6529490e+06
  -2.9280441e+05  -1.6529049e+06
  -2.9330247e+05  -1.6528609e+06
  -2.9380052e+05  -1.6528168e+06
  -2.9429858e+05  -1.6527728e+06
  -2.9479664e+05  -1.6527288e+06
  -2.9529469e+05  -1.6526847e+06
  -2.9579275e+05  -1.6526407e+06
  -2.9629081e+05  -1.6525966e+06
  -2.9678886e+05  -1.6525526e+06
  -2.9728692e+05  -1.6525085e+06
  -2.9778497e+05  -1.6524645e+06
  -2.9828303e+05  -1.6524204e+06
  -2.9878109e+05  -1.6523764e+06
  -2.9927914e+05  -1.6523323e+06
  -2.9977720e+05  -1.6522883e+06
  -3.0027525e+05  -1.6522442e+06
  -3.0077331e+05  -1.6522002e+06
  -3.0127137e+05  -1.6521562e+06
  -3.0176942e+05  -1.6521121e+06
  -3.0226748e+05  -1.6520681e+06
  -3.0276554e+05  -1.6520240e+06
  -3.0326359e+05  -1.6519800e+06
  -3.0376165e+05  -1.6519359e+06
  -3.0425970e+05  -1.6518919e+06
  -3.0475776e+05  -1.6518478e+06
  -3.0525582e+05  -1.6518038e+06
  -3.0575387e+05  -1.6517597e+06
  -3.0625193e+05  -1.6517157e+06
  -3.0674998e+05  -1.6516717e+06
  -3.0724804e+05  -1.6516276e+06
  -3.0774610e+05  -1.6515836e+06
  -3.0824415e+05  -1.6515395e+06
  -3.0874221e+05  -1.6514955e+06
  -3.0924027e+05  -1.6514514e+06
  -3.0973832e+05  -1.6514074e+06
  -3.1023638e+05  -1.6513633e+06
  -3.1073443e+05  -1.6513193e+06
  -3.1123249e+05  -1.6512752e+06
  -3.1173055e+05  -1.6512312e+06
  -3.1222860e+05  -1.6511871e+06
  -3.1272666e+05  -1.6511431e+06
  -3.1322472e+05  -1.6510991e+06
  -3.1372277e+05  -1.6510550e+06
  -3.1422083e+05  -1.6510110e+06
  -3.1471888e+05  -1.6509669e+06
  -3.1521694e+05  -1.6509229e+06
  -3.1571500e+05  -1.6508788e+06
  -3.1621305e+05  -1.6508348e+06
  -3.1671111e+05  -1.6507907e+06
  -3.1720916e+05  -1.6507467e+06
  -3.1770722e+05  -1.6507026e+06
  -3.1820528e+05  -1.6506586e+06
  -3.1870333e+05  -1.6506145e+06
  -3.1920139e+05  -1.6505705e+06
  -3.1969945e+05  -1.6505265e+06
  -3.2019750e+05  -1.6504824e+06
  -3.2069556e+05  -1.6504384e+06
  -3.2119361e+05  -1.6503943e+06
  -3.2169167e+05  -1.6503503e+06
  -3.2218973e+05  -1.6503062e+06
  -3.2268778e+05  -1.6502622e+06
  -3.2318584e+05  -1.6502181e+06
  -3.2368389e+05  -1.6501741e+06
  -3.2418195e+05  -1.6501300e+06
  -3.2468001e+05  -1.6500860e+06
  -3.2517806e+05  -1.6500419e+06
  -3.2567612e+05  -1.6499979e+06
  -3.2617418e+05  -1.6499539e+06
  -3.2667223e+05  -1.6499098e+06
  -3.2717029e+05  -1.6498658e+06
  -3.2766834e+05  -1.6498217e+06
  -3.2816640e+05  -1.6497777e+06
  -3.2866446e+05  -1.6497336e+06
  -3.2916251e+05  -1.6496896e+06
  -3.2966057e+05  -1.6496455e+06
  -3.3015863e+05  -1.6496015e+06
  -3.3065668e+05  -1.6495574e+06
  -3.3115474e+05  -1.6495134e+06
  -3.3165279e+05  -1.6494694e+06
  -3.3215085e+05  -1.6494253e+06
  -3.3264891e+05  -1.6493813e+06
  -3.3314696e+05  -1.6493372e+06
  -3.3364502e+05  -1.6492932e+06
  -3.3414307e+05  -1.6492491e+06
  -3.3464113e+05  -1.6492051e+06
  -3.3513919e+05  -1.6491610e+06
  -3.3563724e+05  -1.6491170e+06
  -3.3613530e+05  -1.6490729e+06
  -3.3663336e+05  -1.6490289e+06
  -3.3713141e+05  -1.6489848e+06
  -3.3762947e+05  -1.6489408e+06
  -3.3812752e+05  -1.6488968e+06
  -3.3862558e+05  -1.6488527e+06
  -3.3912364e+05  -1.6488087e+06
  -3.3962169e+05  -1.6487646e+06
  -3.4011975e+05  -1.6487206e+06
  -3.4061780e+05  -1.6486765e+06
  -3.4111586e+05  -1.6486325e+06
  -3.4161392e+05  -1.6485884e+06
  -3.4211197e+05  -1.6485444e+06
  -3.4261003e+05  -1.6485003e+06
  -3.4310809e+05  -1.6484563e+06
  -3.4360614e+05  -1.6484122e+06
  -3.4410420e+05  -1.6483682e+06
  -3.4460225e+05  -1.6483242e+06
  -3.4510031e+05  -1.6482801e+06
  -3.4559837e+05  -1.6482361e+06
  -3.4609642e+05  -1.6481920e+06
  -3.4659448e+05  -1.6481480e+06
  -3.4709253e+05  -1.6481039e+06
  -3.4759059e+05  -1.6480599e+06
  -3.4808865e+05  -1.6480158e+06
  -3.4858670e+05  -1.6479718e+06
  -3.4908476e+05  -1.6479277e+06
  -3.4958282e+05  -1.6478837e+06
  -3.5008087e+05  -1.6478397e+06
  -3.5057893e+05  -1.6477956e+06
  -3.5107698e+05  -1.6477516e+06
  -3.5157504e+05  -1.6477075e+06
  -3.5207310e+05  -1.6476635e+06
  -3.5257115e+05  -1.6476194e+06
  -3.5306921e+05  -1.6475754e+06
  -3.5356727e+05  -1.6475313e+06
  -3.5406532e+05  -1.6474873e+06
  -3.5456338e+05  -1.6474432e+06
  -3.5506143e+05  -1.6473992e+06
  -3.5555949e+05  -1.6473551e+06
  -3.5605755e+05  -1.6473111e+06
  -3.5655560e+05  -1.6472671e+06
  -3.5705366e+05  -1.6472230e+06
  -3.5755171e+05  -1.6471790e+06
  -3.5804977e+05  -1.6471349e+06
  -3.5854783e+05  -1.6470909e+06
  -3.5904588e+05  -1.6470468e+06
  -3.5954394e+05  -1.6470028e+06
  -3.6004200e+05  -1.6469587e+06
  -3.6054005e+05  -1.6469147e+06
  -3.6103811e+05  -1.6468706e+06
  -3.6153616e+05  -1.6468266e+06
  -3.6203422e+05  -1.6467825e+06
  -3.6253228e+05  -1.6467385e+06
  -3.6303033e+05  -1.6466945e+06
  -3.6352839e+05  -1.6466504e+06
  -3.6402644e+05  -1.6466064e+06
  -3.6452450e+05  -1.6465623e+06
  -3.6502256e+05  -1.6465183e+06
  -3.6552061e+05  -1.6464742e+06
  -3.6601867e+05  -1.6464302e+06
  -3.6651673e+05  -1.6463861e+06
  -3.6701478e+05  -1.6463421e+06
  -3.6751284e+05  -1.6462980e+06
  -3.6801089e+05  -1.6462540e+06
  -3.6850895e+05  -1.6462099e+06
  -3.6900701e+05  -1.6461659e+06
  -3.6950506e+05  -1.6461219e+06
  -3.7000312e+05  -1.6460778e+06
  -3.7050117e+05  -1.6460338e+06
  -3.7099923e+05  -1.6459897e+06
  -3.7149729e+05  -1.6459457e+06
  -3.7199534e+05  -1.6459016e+06
  -3.7249340e+05  -1.6458576e+06
  -3.7299146e+05  -1.6458135e+06
  -3.7348951e+05  -1.6457695e+06
  -3.7398757e+05  -1.6457254e+06
  -3.7448562e+05  -1.6456814e+06
  -3.7498368e+05  -1.6456374e+06
  -3.7548174e+05  -1.6455933e+06
  -3.7597979e+05  -1.6455493e+06
  -3.7647785e+05  -1.6455052e+06
  -3.7697591e+05  -1.6454612e+06
  -3.7747396e+05  -1.6454171e+06
  -3.7797202e+05  -1.6453731e+06
  -3.7847007e+05  -1.6453290e+06
  -3.7896813e+05  -1.6452850e+06
  -3.7946619e+05  -1.6452409e+06
  -3.7996424e+05  -1.6451969e+06
  -3.8046230e+05  -1.6451528e+06
  -3.8096035e+05  -1.6451088e+06
  -3.8145841e+05  -1.6450648e+06
  -3.8195647e+05  -1.6450207e+06
  -3.8245452e+05  -1.6449767e+06
  -3.8295258e+05  -1.6449326e+06
  -3.8345064e+05  -1.6448886e+06
  -3.8394869e+05  -1.6448445e+06
  -3.8444675e+05  -1.6448005e+06
  -3.8494480e+05  -1.6447564e+06
  -3.8544286e+05  -1.6447124e+06
  -3.8594092e+05  -1.6446683e+06
  -3.8643897e+05  -1.6446243e+06
  -3.8693703e+05  -1.6445802e+06
  -3.8743508e+05  -1.6445362e+06
  -3.8793314e+05  -1.6444922e+06
  -3.8843120e+05  -1.6444481e+06
  -3.8892925e+05  -1.6444041e+06
  -3.8942731e+05  -1.6443600e+06
  -3.8992537e+05  -1.6443160e+06
  -3.9042342e+05  -1.6442719e+06
  -3.9092148e+05  -1.6442279e+06
  -3.9141953e+05  -1.6441838e+06
  -3.9191759e+05  -1.6441398e+06
  -3.9241565e+05  -1.6440957e+06
  -3.9291370e+05  -1.6440517e+06
  -3.9341176e+05  -1.6440076e+06
  -3.9390982e+05  -1.6439636e+06
  -3.9440787e+05  -1.6439196e+06
  -3.9490593e+05  -1.6438755e+06
  -3.9540398e+05  -1.6438315e+06
  -3.9590204e+05  -1.6437874e+06
  -3.9640010e+05  -1.6437434e+06
  -3.9689815e+05  -1.6436993e+06
  -3.9739621e+05  -1.6436553e+06
  -3.9789426e+05  -1.6436112e+06
  -3.9839232e+05  -1.6435672e+06
  -3.9889038e+05  -1.6435231e+06
  -3.9938843e+05  -1.6434791e+06
  -3.9988649e+05  -1.6434351e+06
  -4.0038455e+05  -1.6433910e+06
  -4.0088260e+05  -1.6433470e+06
  -4.0138066e+05  -1.6433029e+06
  -4.0187871e+05  -1.6432589e+06
  -4.0237677e+05  -1.6432148e+06
  -4.0287483e+05  -1.6431708e+06
  -4.0337288e+05  -1.6431267e+06
  -4.0387094e+05  -1.6430827e+06
  -4.0436899e+05  -1.6430386e+06
  -4.0486705e+05  -1.6429946e+06
  -4.0536511e+05  -1.6429505e+06
  -4.0586316e+05  -1.6429065e+06
  -4.0636122e+05  -1.6428625e+06
  -4.0685928e+05  -1.6428184e+06
  -4.0735733e+05  -1.6427744e+06
  -4.0785539e+05  -1.6427303e+06
  -4.0835344e+05  -1.6426863e+06
  -4.0885150e+05  -1.6426422e+06
  -4.0934956e+05  -1.6425982e+06
  -4.0984761e+05  -1.6425541e+06
  -4.1034567e+05  -1.6425101e+06
  -4.1084372e+05  -1.6424660e+06
  -4.1134178e+05  -1.6424220e+06
  -4.1183984e+05  -1.6423779e+06
  -4.1233789e+05  -1.6423339e+06
  -4.1283595e+05  -1.6422899e+06
  -4.1333401e+05  -1.6422458e+06
  -4.1383206e+05  -1.6422018e+06
  -4.1433012e+05  -1.6421577e+06
  -4.1482817e+05  -1.6421137e+06
  -4.1532623e+05  -1.6420696e+06
  -4.1582429e+05  -1.6420256e+06
  -4.1632234e+05  -1.6419815e+06
  -4.1682040e+05  -1.6419375e+06
  -4.1731846e+05  -1.6418934e+06
  -4.1781651e+05  -1.6418494e+06
  -4.1831457e+05  -1.6418053e+06
  -4.1881262e+05  -1.6417613e+06
  -4.1931068e+05  -1.6417173e+06
  -4.1980874e+05  -1.6416732e+06
  -4.2030679e+05  -1.6416292e+06
  -4.2080485e+05  -1.6415851e+06
  -4.2130290e+05  -1.6415411e+06
  -4.2180096e+05  -1.6414970e+06
  -4.2229902e+05  -1.6414530e+06
  -4.2279707e+05  -1.6414089e+06
  -4.2329513e+05  -1.6413649e+06
  -4.2379319e+05  -1.6413208e+06
  -4.2429124e+05  -1.6412768e+06
  -4.2478930e+05  -1.6412328e+06
  -4.2528735e+05  -1.6411887e+06
  -4.2578541e+05  -1.6411447e+06
  -4.2628347e+05  -1.6411006e+06
  -4.2678152e+05  -1.6410566e+06
  -4.2727958e+05  -1.6410125e+06
  -4.2777763e+05  -1.6409685e+06
  -4.2827569e+05  -1.6409244e+06
  -4.2877375e+05  -1.6408804e+06
  -4.2927180e+05  -1.6408363e+06
  -4.2976986e+05  -1.6407923e+06
  -4.3026792e+05  -1.6407482e+06
  -4.3076597e+05  -1.6407042e+06
  -4.3126403e+05  -1.6406602e+06
  -4.3176208e+05  -1.6406161e+06
  -4.3226014e+05  -1.6405721e+06
  -4.3275820e+05  -1.6405280e+06
  -4.3325625e+05  -1.6404840e+06
  -4.3375431e+05  -1.6404399e+06
  -4.3425237e+05  -1.6403959e+06
  -4.3475042e+05  -1.6403518e+06
  -4.3524848e+05  -1.6403078e+06
  -4.3574653e+05  -1.6402637e+06
  -4.3624459e+05  -1.6402197e+06
  -4.3674265e+05  -1.6401756e+06
  -4.3724070e+05  -1.6401316e+06
  -4.3773876e+05  -1.6400876e+06
  -4.3823681e+05  -1.6400435e+06
  -4.3873487e+05  -1.6399995e+06
  -4.3923293e+05  -1.6399554e+06
  -4.3973098e+05  -1.6399114e+06
  -4.4022904e+05  -1.6398673e+06
  -4.4072710e+05  -1.6398233e+06
  -4.4122515e+05  -1.6397792e+06
  -4.4172321e+05  -1.6397352e+06
  -4.4222126e+05  -1.6396911e+06
  -4.4271932e+05  -1.6396471e+06
  -4.4321738e+05  -1.6396031e+06
  -4.4371543e+05  -1.6395590e+06
  -4.4421349e+05  -1.6395150e+06
  -4.4471154e+05  -1.6394709e+06
  -4.4520960e+05  -1.6394269e+06
  -4.4570766e+05  -1.6393828e+06
  -4.4620571e+05  -1.6393388e+06
  -4.4670377e+05  -1.6392947e+06
  -4.4720183e+05  -1.6392507e+06
  -4.4769988e+05  -1.6392066e+06
  -4.4819794e+05  -1.6391626e+06
  -4.4869599e+05  -1.6391185e+06
  -4.4919405e+05  -1.6390745e+06
  -4.4969211e+05  -1.6390305e+06
  -4.5019016e+05  -1.6389864e+06
  -4.5068822e+05  -1.6389424e+06
  -4.5118627e+05  -1.6388983e+06
  -4.5168433e+05  -1.6388543e+06
  -4.5218239e+05  -1.6388102e+06
  -4.5268044e+05  -1.6387662e+06
  -4.5317850e+05  -1.6387221e+06
  -4.5367656e+05  -1.6386781e+06
  -4.5417461e+05  -1.6386340e+06
  -4.5467267e+05  -1.6385900e+06
  -4.5517072e+05  -1.6385459e+06
  -4.5566878e+05  -1.6385019e+06
  -4.5616684e+05  -1.6384579e+06
  -4.5666489e+05  -1.6384138e+06
  -4.5716295e+05  -1.6383698e+06
  -4.5766101e+05  -1.6383257e+06
  -4.5815906e+05  -1.6382817e+06
  -4.5865712e+05  -1.6382376e+06
  -4.5915517e+05  -1.6381936e+06
  -4.5965323e+05  -1.6381495e+06
  -4.6015129e+05  -1.6381055e+06
  -4.6064934e+05  -1.6380614e+06
  -4.6114740e+05  -1.6380174e+06
  -4.6164545e+05  -1.6379733e+06
  -4.6214351e+05  -1.6379293e+06
  -4.6264157e+05  -1.6378853e+06
  -4.6313962e+05  -1.6378412e+06
  -4.6363768e+05  -1.6377972e+06
  -4.6413574e+05  -1.6377531e+06
  -4.6463379e+05  -1.6377091e+06
  -4.6513185e+05  -1.6376650e+06
  -4.6562990e+05  -1.6376210e+06
  -4.6612796e+05  -1.6375769e+06
  -4.6662602e+05  -1.6375329e+06
  -4.6712407e+05  -1.6374888e+06
  -4.6762213e+05  -1.6374448e+06
  -4.6812018e+05  -1.6374008e+06
  -4.6861824e+05  -1.6373567e+06
  -4.6911630e+05  -1.6373127e+06
  -4.6961435e+05  -1.6372686e+06
  -4.7011241e+05  -1.6372246e+06
  -4.7061047e+05  -1.6371805e+06
  -4.7110852e+05  -1.6371365e+06
  -4.7160658e+05  -1.6370924e+06
  -4.7210463e+05  -1.6370484e+06
  -4.7260269e+05  -1.6370043e+06
  -4.7310075e+05  -1.6369603e+06
  -4.7359880e+05  -1.6369162e+06
  -4.7409686e+05  -1.6368722e+06
  -4.7459492e+05  -1.6368282e+06
  -4.7509297e+05  -1.6367841e+06
  -4.7559103e+05  -1.6367401e+06
  -4.7608908e+05  -1.6366960e+06
  -4.7658714e+05  -1.6366520e+06
  -4.7708520e+05  -1.6366079e+06
  -4.7758325e+05  -1.6365639e+06
  -4.7808131e+05  -1.6365198e+06
  -4.7857936e+05  -1.6364758e+06
  -4.7907742e+05  -1.6364317e+06
  -4.7957548e+05  -1.6363877e+06
  -4.8007353e+05  -1.6363436e+06
  -4.8057159e+05  -1.6362996e+06
  -4.8106965e+05  -1.6362556e+06
  -4.8156770e+05  -1.6362115e+06
  -4.8206576e+05  -1.6361675e+06
  -4.8256381e+05  -1.6361234e+06
  -4.8306187e+05  -1.6360794e+06
  -4.8355993e+05  -1.6360353e+06
  -4.8405798e+05  -1.6359913e+06
  -4.8455604e+05  -1.6359472e+06
  -4.8505409e+05  -1.6359032e+06
  -4.8555215e+05  -1.6358591e+06
  -4.8605021e+05  -1.6358151e+06
  -4.8654826e+05  -1.6357710e+06
  -4.8704632e+05  -1.6357270e+06
  -4.8754438e+05  -1.6356830e+06
  -4.8804243e+05  -1.6356389e+06
  -4.8854049e+05  -1.6355949e+06
  -4.8903854e+05  -1.6355508e+06
  -4.8953660e+05  -1.6355068e+06
  -4.9003466e+05  -1.6354627e+06
  -4.9053271e+05  -1.6354187e+06
  -4.9103077e+05  -1.6353746e+06
  -4.9152882e+05  -1.6353306e+06
  -4.9202688e+05  -1.6352865e+06
  -4.9252494e+05  -1.6352425e+06
  -4.9302299e+05  -1.6351985e+06
  -4.9352105e+05  -1.6351544e+06
  -4.9401911e+05  -1.6351104e+06
  -4.9451716e+05  -1.6350663e+06
  -4.9501522e+05  -1.6350223e+06
  -4.9551327e+05  -1.6349782e+06
  -4.9601133e+05  -1.6349342e+06
  -4.9650939e+05  -1.6348901e+06
  -4.9700744e+05  -1.6348461e+06
  -4.9750550e+05  -1.6348020e+06
  -4.9800356e+05  -1.6347580e+06
  -4.9850161e+05  -1.6347139e+06
  -4.9899967e+05  -1.6346699e+06
  -4.9949772e+05  -1.6346259e+06
  -4.9999578e+05  -1.6345818e+06
  -5.0049384e+05  -1.6345378e+06
  -5.0099189e+05  -1.6344937e+06
  -5.0148995e+05  -1.6344497e+06
  -5.0198800e+05  -1.6344056e+06
  -5.0248606e+05  -1.6343616e+06
  -5.0298412e+05  -1.6343175e+06
  -5.0348217e+05  -1.6342735e+06
  -5.0398023e+05  -1.6342294e+06
  -5.0447829e+05  -1.6341854e+06
  -5.0497634e+05  -1.6341413e+06
  -5.0547440e+05  -1.6340973e+06
  -5.0597245e+05  -1.6340533e+06
