  -5.7151288e+05  -2.3751608e+06
  -5.7101483e+05  -2.3752049e+06
  -5.7051677e+05  -2.3752489e+06
  -5.7001872e+05  -2.3752930e+06
  -5.6952066e+05  -2.3753370e+06
  -5.6902260e+05  -2.3753811e+06
  -5.6852455e+05  -2.3754251e+06
  -5.6802649e+05  -2.3754692e+06
  -5.6752843e+05  -2.3755132e+06
  -5.6703038e+05  -2.3755573e+06
  -5.6653232e+05  -2.3756013e+06
  -5.6603427e+05  -2.3756453e+06
  -5.6553621e+05  -2.3756894e+06
  -5.6503815e+05  -2.3757334e+06
  -5.6454010e+05  -2.3757775e+06
  -5.6404204e+05  -2.3758215e+06
  -5.6354398e+05  -2.3758656e+06
  -5.6304593e+05  -2.3759096e+06
  -5.6254787e+05  -2.3759537e+06
  -5.6204982e+05  -2.3759977e+06
  -5.6155176e+05  -2.3760418e+06
  -5.6105370e+05  -2.3760858e+06
  -5.6055565e+05  -2.3761299e+06
  -5.6005759e+05  -2.3761739e+06
  -5.5955954e+05  -2.3762179e+06
  -5.5906148e+05  -2.3762620e+06
  -5.5856342e+05  -2.3763060e+06
  -5.5806537e+05  -2.3763501e+06
  -5.5756731e+05  -2.3763941e+06
  -5.5706925e+05  -2.3764382e+06
  -5.5657120e+05  -2.3764822e+06
  -5.5607314e+05  -2.3765263e+06
  -5.5557509e+05  -2.3765703e+06
  -5.5507703e+05  -2.3766144e+06
  -5.5457897e+05  -2.3766584e+06
  -5.5408092e+05  -2.3767025e+06
  -5.5358286e+05  -2.3767465e+06
  -5.5308481e+05  -2.3767905e+06
  -5.5258675e+05  -2.3768346e+06
  -5.5208869e+05  -2.3768786e+06
  -5.5159064e+05  -2.3769227e+06
  -5.5109258e+05  -2.3769667e+06
  -5.5059452e+05  -2.3770108e+06
  -5.5009647e+05  -2.3770548e+06
  -5.4959841e+05  -2.3770989e+06
  -5.4910036e+05  -2.3771429e+06
  -5.4860230e+05  -2.3771870e+06
  -5.4810424e+05  -2.3772310e+06
  -5.4760619e+05  -2.3772750e+06
  -5.4710813e+05  -2.3773191e+06
  -5.4661007e+05  -2.3773631e+06
  -5.4611202e+05  -2.3774072e+06
  -5.4561396e+05  -2.3774512e+06
  -5.4511591e+05  -2.3774953e+06
  -5.4461785e+05  -2.3775393e+06
  -5.4411979e+05  -2.3775834e+06
  -5.4362174e+05  -2.3776274e+06
  -5.4312368e+05  -2.3776715e+06
  -5.4262563e+05  -2.3777155e+06
  -5.4212757e+05  -2.3777596e+06
  -5.4162951e+05  -2.3778036e+06
  -5.4113146e+05  -2.3778476e+06
  -5.4063340e+05  -2.3778917e+06
  -5.4013534e+05  -2.3779357e+06
  -5.3963729e+05  -2.3779798e+06
  -5.3913923e+05  -2.3780238e+06
  -5.3864118e+05  -2.3780679e+06
  -5.3814312e+05  -2.3781119e+06
  -5.3764506e+05  -2.3781560e+06
  -5.3714701e+05  -2.3782000e+06
  -5.3664895e+05  -2.3782441e+06
  -5.3615090e+05  -2.3782881e+06
  -5.3565284e+05  -2.3783322e+06
  -5.3515478e+05  -2.3783762e+06
  -5.3465673e+05  -2.3784202e+06
  -5.3415867e+05  -2.3784643e+06
  -5.3366061e+05  -2.3785083e+06
  -5.3316256e+05  -2.3785524e+06
  -5.3266450e+05  -2.3785964e+06
  -5.3216645e+05  -2.3786405e+06
  -5.3166839e+05  -2.3786845e+06
  -5.3117033e+05  -2.3787286e+06
  -5.3067228e+05  -2.3787726e+06
  -5.3017422e+05  -2.3788167e+06
  -5.2967617e+05  -2.3788607e+06
  -5.2917811e+05  -2.3789047e+06
  -5.2868005e+05  -2.3789488e+06
  -5.2818200e+05  -2.3789928e+06
  -5.2768394e+05  -2.3790369e+06
  -5.2718588e+05  -2.3790809e+06
  -5.2668783e+05  -2.3791250e+06
  -5.2618977e+05  -2.3791690e+06
  -5.2569172e+05  -2.3792131e+06
  -5.2519366e+05  -2.3792571e+06
  -5.2469560e+05  -2.3793012e+06
  -5.2419755e+05  -2.3793452e+06
  -5.2369949e+05  -2.3793893e+06
  -5.2320143e+05  -2.3794333e+06
  -5.2270338e+05  -2.3794773e+06
  -5.2220532e+05  -2.3795214e+06
  -5.2170727e+05  -2.3795654e+06
  -5.2120921e+05  -2.3796095e+06
  -5.2071115e+05  -2.3796535e+06
  -5.2021310e+05  -2.3796976e+06
  -5.1971504e+05  -2.3797416e+06
  -5.1921699e+05  -2.3797857e+06
  -5.1871893e+05  -2.3798297e+06
  -5.1822087e+05  -2.3798738e+06
  -5.1772282e+05  -2.3799178e+06
  -5.1722476e+05  -2.3799619e+06
  -5.1672670e+05  -2.3800059e+06
  -5.1622865e+05  -2.3800499e+06
  -5.1573059e+05  -2.3800940e+06
  -5.1523254e+05  -2.3801380e+06
  -5.1473448e+05  -2.3801821e+06
  -5.1423642e+05  -2.3802261e+06
  -5.1373837e+05  -2.3802702e+06
  -5.1324031e+05  -2.3803142e+06
  -5.1274226e+05  -2.3803583e+06
  -5.1224420e+05  -2.3804023e+06
  -5.1174614e+05  -2.3804464e+06
  -5.1124809e+05  -2.3804904e+06
  -5.1075003e+05  -2.3805345e+06
  -5.1025197e+05  -2.3805785e+06
  -5.0975392e+05  -2.3806225e+06
  -5.0925586e+05  -2.3806666e+06
  -5.0875781e+05  -2.3807106e+06
  -5.0825975e+05  -2.3807547e+06
  -5.0776169e+05  -2.3807987e+06
  -5.0726364e+05  -2.3808428e+06
  -5.0676558e+05  -2.3808868e+06
  -5.0626752e+05  -2.3809309e+06
  -5.0576947e+05  -2.3809749e+06
  -5.0527141e+05  -2.3810190e+06
  -5.0477336e+05  -2.3810630e+06
  -5.0427530e+05  -2.3811070e+06
  -5.0377724e+05  -2.3811511e+06
  -5.0327919e+05  -2.3811951e+06
  -5.0278113e+05  -2.3812392e+06
  -5.0228308e+05  -2.3812832e+06
  -5.0178502e+05  -2.3813273e+06
  -5.0128696e+05  -2.3813713e+06
  -5.0078891e+05  -2.3814154e+06
  -5.0029085e+05  -2.3814594e+06
  -4.9979279e+05  -2.3815035e+06
  -4.9929474e+05  -2.3815475e+06
  -4.9879668e+05  -2.3815916e+06
  -4.9829863e+05  -2.3816356e+06
  -4.9780057e+05  -2.3816796e+06
  -4.9730251e+05  -2.3817237e+06
  -4.9680446e+05  -2.3817677e+06
  -4.9630640e+05  -2.3818118e+06
  -4.9580835e+05  -2.3818558e+06
  -4.9531029e+05  -2.3818999e+06
  -4.9481223e+05  -2.3819439e+06
  -4.9431418e+05  -2.3819880e+06
  -4.9381612e+05  -2.3820320e+06
  -4.9331806e+05  -2.3820761e+06
  -4.9282001e+05  -2.3821201e+06
  -4.9232195e+05  -2.3821642e+06
  -4.9182390e+05  -2.3822082e+06
  -4.9132584e+05  -2.3822522e+06
  -4.9082778e+05  -2.3822963e+06
  -4.9032973e+05  -2.3823403e+06
  -4.8983167e+05  -2.3823844e+06
  -4.8933362e+05  -2.3824284e+06
  -4.8883556e+05  -2.3824725e+06
  -4.8833750e+05  -2.3825165e+06
  -4.8783945e+05  -2.3825606e+06
  -4.8734139e+05  -2.3826046e+06
  -4.8684333e+05  -2.3826487e+06
  -4.8634528e+05  -2.3826927e+06
  -4.8584722e+05  -2.3827368e+06
  -4.8534917e+05  -2.3827808e+06
  -4.8485111e+05  -2.3828248e+06
  -4.8435305e+05  -2.3828689e+06
  -4.8385500e+05  -2.3829129e+06
  -4.8335694e+05  -2.3829570e+06
  -4.8285888e+05  -2.3830010e+06
  -4.8236083e+05  -2.3830451e+06
  -4.8186277e+05  -2.3830891e+06
  -4.8136472e+05  -2.3831332e+06
  -4.8086666e+05  -2.3831772e+06
  -4.8036860e+05  -2.3832213e+06
  -4.7987055e+05  -2.3832653e+06
  -4.7937249e+05  -2.3833093e+06
  -4.7887444e+05  -2.3833534e+06
  -4.7837638e+05  -2.3833974e+06
  -4.7787832e+05  -2.3834415e+06
  -4.7738027e+05  -2.3834855e+06
  -4.7688221e+05  -2.3835296e+06
  -4.7638415e+05  -2.3835736e+06
  -4.7588610e+05  -2.3836177e+06
  -4.7538804e+05  -2.3836617e+06
  -4.7488999e+05  -2.3837058e+06
  -4.7439193e+05  -2.3837498e+06
  -4.7389387e+05  -2.3837939e+06
  -4.7339582e+05  -2.3838379e+06
  -4.7289776e+05  -2.3838819e+06
  -4.7239971e+05  -2.3839260e+06
  -4.7190165e+05  -2.3839700e+06
  -4.7140359e+05  -2.3840141e+06
  -4.7090554e+05  -2.3840581e+06
  -4.7040748e+05  -2.3841022e+06
  -4.6990942e+05  -2.3841462e+06
  -4.6941137e+05  -2.3841903e+06
  -4.6891331e+05  -2.3842343e+06
  -4.6841526e+05  -2.3842784e+06
  -4.6791720e+05  -2.3843224e+06
  -4.6741914e+05  -2.3843665e+06
  -4.6692109e+05  -2.3844105e+06
  -4.6642303e+05  -2.3844545e+06
  -4.6592497e+05  -2.3844986e+06
  -4.6542692e+05  -2.3845426e+06
  -4.6492886e+05  -2.3845867e+06
  -4.6443081e+05  -2.3846307e+06
  -4.6393275e+05  -2.3846748e+06
  -4.6343469e+05  -2.3847188e+06
  -4.6293664e+05  -2.3847629e+06
  -4.6243858e+05  -2.3848069e+06
  -4.6194053e+05  -2.3848510e+06
  -4.6144247e+05  -2.3848950e+06
  -4.6094441e+05  -2.3849390e+06
  -4.6044636e+05  -2.3849831e+06
  -4.5994830e+05  -2.3850271e+06
  -4.5945024e+05  -2.3850712e+06
  -4.5895219e+05  -2.3851152e+06
  -4.5845413e+05  -2.3851593e+06
  -4.5795608e+05  -2.3852033e+06
  -4.5745802e+05  -2.3852474e+06
  -4.5695996e+05  -2.3852914e+06
  -4.5646191e+05  -2.3853355e+06
  -4.5596385e+05  -2.3853795e+06
  -4.5546580e+05  -2.3854236e+06
  -4.5496774e+05  -2.3854676e+06
  -4.5446968e+05  -2.3855116e+06
  -4.5397163e+05  -2.3855557e+06
  -4.5347357e+05  -2.3855997e+06
  -4.5297551e+05  -2.3856438e+06
  -4.5247746e+05  -2.3856878e+06
  -4.5197940e+05  -2.3857319e+06
  -4.5148135e+05  -2.3857759e+06
  -4.5098329e+05  -2.3858200e+06
  -4.5048523e+05  -2.3858640e+06
  -4.4998718e+05  -2.3859081e+06
  -4.4948912e+05  -2.3859521e+06
  -4.4899107e+05  -2.3859962e+06
  -4.4849301e+05  -2.3860402e+06
  -4.4799495e+05  -2.3860842e+06
  -4.4749690e+05  -2.3861283e+06
  -4.4699884e+05  -2.3861723e+06
  -4.4650078e+05  -2.3862164e+06
  -4.4600273e+05  -2.3862604e+06
  -4.4550467e+05  -2.3863045e+06
  -4.4500662e+05  -2.3863485e+06
  -4.4450856e+05  -2.3863926e+06
  -4.4401050e+05  -2.3864366e+06
  -4.4351245e+05  -2.3864807e+06
  -4.4301439e+05  -2.3865247e+06
  -4.4251633e+05  -2.3865688e+06
  -4.4201828e+05  -2.3866128e+06
  -4.4152022e+05  -2.3866568e+06
  -4.4102217e+05  -2.3867009e+06
  -4.4052411e+05  -2.3867449e+06
  -4.4002605e+05  -2.3867890e+06
  -4.3952800e+05  -2.3868330e+06
  -4.3902994e+05  -2.3868771e+06
  -4.3853189e+05  -2.3869211e+06
  -4.3803383e+05  -2.3869652e+06
  -4.3753577e+05  -2.3870092e+06
  -4.3703772e+05  -2.3870533e+06
  -4.3653966e+05  -2.3870973e+06
  -4.3604160e+05  -2.3871413e+06
  -4.3554355e+05  -2.3871854e+06
  -4.3504549e+05  -2.3872294e+06
  -4.3454744e+05  -2.3872735e+06
  -4.3404938e+05  -2.3873175e+06
  -4.3355132e+05  -2.3873616e+06
  -4.3305327e+05  -2.3874056e+06
  -4.3255521e+05  -2.3874497e+06
  -4.3205716e+05  -2.3874937e+06
  -4.3155910e+05  -2.3875378e+06
  -4.3106104e+05  -2.3875818e+06
  -4.3056299e+05  -2.3876259e+06
  -4.3006493e+05  -2.3876699e+06
  -4.2956687e+05  -2.3877139e+06
  -4.2906882e+05  -2.3877580e+06
  -4.2857076e+05  -2.3878020e+06
  -4.2807271e+05  -2.3878461e+06
  -4.2757465e+05  -2.3878901e+06
  -4.2707659e+05  -2.3879342e+06
  -4.2657854e+05  -2.3879782e+06
  -4.2608048e+05  -2.3880223e+06
  -4.2558242e+05  -2.3880663e+06
  -4.2508437e+05  -2.3881104e+06
  -4.2458631e+05  -2.3881544e+06
  -4.2408826e+05  -2.3881985e+06
  -4.2359020e+05  -2.3882425e+06
  -4.2309214e+05  -2.3882865e+06
  -4.2259409e+05  -2.3883306e+06
  -4.2209603e+05  -2.3883746e+06
  -4.2159798e+05  -2.3884187e+06
  -4.2109992e+05  -2.3884627e+06
  -4.2060186e+05  -2.3885068e+06
  -4.2010381e+05  -2.3885508e+06
  -4.1960575e+05  -2.3885949e+06
  -4.1910769e+05  -2.3886389e+06
  -4.1860964e+05  -2.3886830e+06
  -4.1811158e+05  -2.3887270e+06
  -4.1761353e+05  -2.3887711e+06
  -4.1711547e+05  -2.3888151e+06
  -4.1661741e+05  -2.3888591e+06
  -4.1611936e+05  -2.3889032e+06
  -4.1562130e+05  -2.3889472e+06
  -4.1512325e+05  -2.3889913e+06
  -4.1462519e+05  -2.3890353e+06
  -4.1412713e+05  -2.3890794e+06
  -4.1362908e+05  -2.3891234e+06
  -4.1313102e+05  -2.3891675e+06
  -4.1263296e+05  -2.3892115e+06
  -4.1213491e+05  -2.3892556e+06
  -4.1163685e+05  -2.3892996e+06
  -4.1113880e+05  -2.3893436e+06
  -4.1064074e+05  -2.3893877e+06
  -4.1014268e+05  -2.3894317e+06
  -4.0964463e+05  -2.3894758e+06
  -4.0914657e+05  -2.3895198e+06
  -4.0864852e+05  -2.3895639e+06
  -4.0815046e+05  -2.3896079e+06
  -4.0765240e+05  -2.3896520e+06
  -4.0715435e+05  -2.3896960e+06
  -4.0665629e+05  -2.3897401e+06
  -4.0615823e+05  -2.3897841e+06
  -4.0566018e+05  -2.3898282e+06
  -4.0516212e+05  -2.3898722e+06
  -4.0466407e+05  -2.3899162e+06
  -4.0416601e+05  -2.3899603e+06
  -4.0366795e+05  -2.3900043e+06
  -4.0316990e+05  -2.3900484e+06
  -4.0267184e+05  -2.3900924e+06
  -4.0217378e+05  -2.3901365e+06
  -4.0167573e+05  -2.3901805e+06
  -4.0117767e+05  -2.3902246e+06
  -4.0067962e+05  -2.3902686e+06
  -4.0018156e+05  -2.3903127e+06
  -3.9968350e+05  -2.3903567e+06
  -3.9918545e+05  -2.3904008e+06
  -3.9868739e+05  -2.3904448e+06
  -3.9818934e+05  -2.3904888e+06
  -3.9769128e+05  -2.3905329e+06
  -3.9719322e+05  -2.3905769e+06
  -3.9669517e+05  -2.3906210e+06
  -3.9619711e+05  -2.3906650e+06
  -3.9569905e+05  -2.3907091e+06
  -3.9520100e+05  -2.3907531e+06
  -3.9470294e+05  -2.3907972e+06
  -3.9420489e+05  -2.3908412e+06
  -3.9370683e+05  -2.3908853e+06
  -3.9320877e+05  -2.3909293e+06
  -3.9271072e+05  -2.3909734e+06
  -3.9221266e+05  -2.3910174e+06
  -3.9171461e+05  -2.3910614e+06
  -3.9121655e+05  -2.3911055e+06
  -3.9071849e+05  -2.3911495e+06
  -3.9022044e+05  -2.3911936e+06
  -3.8972238e+05  -2.3912376e+06
  -3.8922432e+05  -2.3912817e+06
  -3.8872627e+05  -2.3913257e+06
  -3.8822821e+05  -2.3913698e+06
  -3.8773016e+05  -2.3914138e+06
  -3.8723210e+05  -2.3914579e+06
  -3.8673404e+05  -2.3915019e+06
  -3.8623599e+05  -2.3915459e+06
  -3.8573793e+05  -2.3915900e+06
  -3.8523988e+05  -2.3916340e+06
  -3.8474182e+05  -2.3916781e+06
  -3.8424376e+05  -2.3917221e+06
  -3.8374571e+05  -2.3917662e+06
  -3.8324765e+05  -2.3918102e+06
  -3.8274959e+05  -2.3918543e+06
  -3.8225154e+05  -2.3918983e+06
  -3.8175348e+05  -2.3919424e+06
  -3.8125543e+05  -2.3919864e+06
  -3.8075737e+05  -2.3920305e+06
  -3.8025931e+05  -2.3920745e+06
  -3.7976126e+05  -2.3921185e+06
  -3.7926320e+05  -2.3921626e+06
  -3.7876514e+05  -2.3922066e+06
  -3.7826709e+05  -2.3922507e+06
  -3.7776903e+05  -2.3922947e+06
  -3.7727098e+05  -2.3923388e+06
  -3.7677292e+05  -2.3923828e+06
  -3.7627486e+05  -2.3924269e+06
  -3.7577681e+05  -2.3924709e+06
  -3.7527875e+05  -2.3925150e+06
  -3.7478070e+05  -2.3925590e+06
  -3.7428264e+05  -2.3926031e+06
  -3.7378458e+05  -2.3926471e+06
  -3.7328653e+05  -2.3926911e+06
  -3.7278847e+05  -2.3927352e+06
  -3.7229041e+05  -2.3927792e+06
  -3.7179236e+05  -2.3928233e+06
  -3.7129430e+05  -2.3928673e+06
  -3.7079625e+05  -2.3929114e+06
  -3.7029819e+05  -2.3929554e+06
  -3.6980013e+05  -2.3929995e+06
  -3.6930208e+05  -2.3930435e+06
  -3.6880402e+05  -2.3930876e+06
  -3.6830597e+05  -2.3931316e+06
  -3.6780791e+05  -2.3931756e+06
  -3.6730985e+05  -2.3932197e+06
  -3.6681180e+05  -2.3932637e+06
  -3.6631374e+05  -2.3933078e+06
  -3.6581568e+05  -2.3933518e+06
  -3.6531763e+05  -2.3933959e+06
  -3.6481957e+05  -2.3934399e+06
  -3.6432152e+05  -2.3934840e+06
  -3.6382346e+05  -2.3935280e+06
  -3.6332540e+05  -2.3935721e+06
  -3.6282735e+05  -2.3936161e+06
  -3.6232929e+05  -2.3936602e+06
  -3.6183123e+05  -2.3937042e+06
  -3.6133318e+05  -2.3937482e+06
  -3.6083512e+05  -2.3937923e+06
  -3.6033707e+05  -2.3938363e+06
  -3.5983901e+05  -2.3938804e+06
  -3.5934095e+05  -2.3939244e+06
  -3.5884290e+05  -2.3939685e+06
  -3.5834484e+05  -2.3940125e+06
  -3.5784679e+05  -2.3940566e+06
  -3.5734873e+05  -2.3941006e+06
  -3.5685067e+05  -2.3941447e+06
  -3.5635262e+05  -2.3941887e+06
  -3.5585456e+05  -2.3942328e+06
  -3.5535650e+05  -2.3942768e+06
  -3.5485845e+05  -2.3943208e+06
  -3.5436039e+05  -2.3943649e+06
  -3.5386234e+05  -2.3944089e+06
  -3.5336428e+05  -2.3944530e+06
  -3.5286622e+05  -2.3944970e+06
  -3.5236817e+05  -2.3945411e+06
  -3.5187011e+05  -2.3945851e+06
  -3.5137206e+05  -2.3946292e+06
  -3.5087400e+05  -2.3946732e+06
  -3.5037594e+05  -2.3947173e+06
  -3.4987789e+05  -2.3947613e+06
  -3.4937983e+05  -2.3948054e+06
  -3.4888177e+05  -2.3948494e+06
  -3.4838372e+05  -2.3948934e+06
  -3.4788566e+05  -2.3949375e+06
  -3.4738761e+05  -2.3949815e+06
  -3.4688955e+05  -2.3950256e+06
  -3.4639149e+05  -2.3950696e+06
  -3.4589344e+05  -2.3951137e+06
  -3.4539538e+05  -2.3951577e+06
  -3.4489733e+05  -2.3952018e+06
  -3.4439927e+05  -2.3952458e+06
  -3.4390121e+05  -2.3952899e+06
  -3.4340316e+05  -2.3953339e+06
  -3.4290510e+05  -2.3953779e+06
  -3.4240704e+05  -2.3954220e+06
  -3.4190899e+05  -2.3954660e+06
  -3.4141093e+05  -2.3955101e+06
  -3.4091288e+05  -2.3955541e+06
  -3.4041482e+05  -2.3955982e+06
  -3.3991676e+05  -2.3956422e+06
  -3.3941871e+05  -2.3956863e+06
  -3.3892065e+05  -2.3957303e+06
  -3.3842259e+05  -2.3957744e+06
  -3.3792454e+05  -2.3958184e+06
  -3.3742648e+05  -2.3958625e+06
  -3.3692843e+05  -2.3959065e+06
  -3.3643037e+05  -2.3959505e+06
  -3.3593231e+05  -2.3959946e+06
  -3.3543426e+05  -2.3960386e+06
  -3.3493620e+05  -2.3960827e+06
  -3.3443815e+05  -2.3961267e+06
  -3.3394009e+05  -2.3961708e+06
  -3.3344203e+05  -2.3962148e+06
  -3.3294398e+05  -2.3962589e+06
  -3.3244592e+05  -2.3963029e+06
  -3.3194786e+05  -2.3963470e+06
  -3.3144981e+05  -2.3963910e+06
  -3.3095175e+05  -2.3964351e+06
  -3.3045370e+05  -2.3964791e+06
  -3.2995564e+05  -2.3965231e+06
  -3.2945758e+05  -2.3965672e+06
  -3.2895953e+05  -2.3966112e+06
  -3.2846147e+05  -2.3966553e+06
  -3.2796342e+05  -2.3966993e+06
  -3.2746536e+05  -2.3967434e+06
  -3.2696730e+05  -2.3967874e+06
  -3.2646925e+05  -2.3968315e+06
  -3.2597119e+05  -2.3968755e+06
  -3.2547313e+05  -2.3969196e+06
  -3.2497508e+05  -2.3969636e+06
  -3.2447702e+05  -2.3970077e+06
  -3.2397897e+05  -2.3970517e+06
  -3.2348091e+05  -2.3970957e+06
  -3.2298285e+05  -2.3971398e+06
  -3.2248480e+05  -2.3971838e+06
  -3.2198674e+05  -2.3972279e+06
  -3.2148868e+05  -2.3972719e+06
  -3.2099063e+05  -2.3973160e+06
  -3.2049257e+05  -2.3973600e+06
  -3.1999452e+05  -2.3974041e+06
  -3.1949646e+05  -2.3974481e+06
  -3.1899840e+05  -2.3974922e+06
  -3.1850035e+05  -2.3975362e+06
  -3.1800229e+05  -2.3975802e+06
  -3.1750424e+05  -2.3976243e+06
  -3.1700618e+05  -2.3976683e+06
  -3.1650812e+05  -2.3977124e+06
  -3.1601007e+05  -2.3977564e+06
  -3.1551201e+05  -2.3978005e+06
  -3.1501395e+05  -2.3978445e+06
  -3.1451590e+05  -2.3978886e+06
  -3.1401784e+05  -2.3979326e+06
  -3.1351979e+05  -2.3979767e+06
  -3.1302173e+05  -2.3980207e+06
  -3.1252367e+05  -2.3980648e+06
  -3.1202562e+05  -2.3981088e+06
  -3.1152756e+05  -2.3981528e+06
  -3.1102951e+05  -2.3981969e+06
  -3.1053145e+05  -2.3982409e+06
  -3.1003339e+05  -2.3982850e+06
  -3.0953534e+05  -2.3983290e+06
  -3.0903728e+05  -2.3983731e+06
  -3.0853922e+05  -2.3984171e+06
  -3.0804117e+05  -2.3984612e+06
  -3.0754311e+05  -2.3985052e+06
  -3.0704506e+05  -2.3985493e+06
  -3.0654700e+05  -2.3985933e+06
  -3.0604894e+05  -2.3986374e+06
  -3.0555089e+05  -2.3986814e+06
  -3.0505283e+05  -2.3987254e+06
  -3.0455478e+05  -2.3987695e+06
  -3.0405672e+05  -2.3988135e+06
  -3.0355866e+05  -2.3988576e+06
  -3.0306061e+05  -2.3989016e+06
  -3.0256255e+05  -2.3989457e+06
  -3.0206449e+05  -2.3989897e+06
  -3.0156644e+05  -2.3990338e+06
  -3.0106838e+05  -2.3990778e+06
  -3.0057033e+05  -2.3991219e+06
  -3.0007227e+05  -2.3991659e+06
  -2.9957421e+05  -2.3992099e+06
  -2.9907616e+05  -2.3992540e+06
  -2.9857810e+05  -2.3992980e+06
  -2.9808004e+05  -2.3993421e+06
  -2.9758199e+05  -2.3993861e+06
  -2.9708393e+05  -2.3994302e+06
  -2.9658588e+05  -2.3994742e+06
  -2.9608782e+05  -2.3995183e+06
  -2.9558976e+05  -2.3995623e+06
  -2.9509171e+05  -2.3996064e+06
  -2.9459365e+05  -2.3996504e+06
  -2.9409560e+05  -2.3996945e+06
  -2.9359754e+05  -2.3997385e+06
  -2.9309948e+05  -2.3997825e+06
  -2.9260143e+05  -2.3998266e+06
  -2.9210337e+05  -2.3998706e+06
  -2.9160531e+05  -2.3999147e+06
  -2.9110726e+05  -2.3999587e+06
  -2.9060920e+05  -2.4000028e+06
  -2.9011115e+05  -2.4000468e+06
  -2.8961309e+05  -2.4000909e+06
  -2.8911503e+05  -2.4001349e+06
  -2.8861698e+05  -2.4001790e+06
  -2.8811892e+05  -2.4002230e+06
  -2.8762087e+05  -2.4002671e+06
  -2.8712281e+05  -2.4003111e+06
  -2.8662475e+05  -2.4003551e+06
  -2.8612670e+05  -2.4003992e+06
  -2.8562864e+05  -2.4004432e+06
  -2.8513058e+05  -2.4004873e+06
  -2.8463253e+05  -2.4005313e+06
  -2.8413447e+05  -2.4005754e+06
  -2.8363642e+05  -2.4006194e+06
  -2.8313836e+05  -2.4006635e+06
  -2.8264030e+05  -2.4007075e+06
  -2.8214225e+05  -2.4007516e+06
  -2.8164419e+05  -2.4007956e+06
  -2.8114613e+05  -2.4008397e+06
  -2.8064808e+05  -2.4008837e+06
  -2.8015002e+05  -2.4009277e+06
  -2.7965197e+05  -2.4009718e+06
  -2.7915391e+05  -2.4010158e+06
  -2.7865585e+05  -2.4010599e+06
  -2.7815780e+05  -2.4011039e+06
  -2.7765974e+05  -2.4011480e+06
  -2.7716169e+05  -2.4011920e+06
  -2.7666363e+05  -2.4012361e+06
  -2.7616557e+05  -2.4012801e+06
  -2.7566752e+05  -2.4013242e+06
  -2.7516946e+05  -2.4013682e+06
  -2.7467140e+05  -2.4014122e+06
  -2.7417335e+05  -2.4014563e+06
  -2.7367529e+05  -2.4015003e+06
  -2.7317724e+05  -2.4015444e+06
  -2.7267918e+05  -2.4015884e+06
  -2.7218112e+05  -2.4016325e+06
  -2.7168307e+05  -2.4016765e+06
  -2.7118501e+05  -2.4017206e+06
  -2.7068696e+05  -2.4017646e+06
  -2.7018890e+05  -2.4018087e+06
  -2.6969084e+05  -2.4018527e+06
  -2.6919279e+05  -2.4018968e+06
  -2.6869473e+05  -2.4019408e+06
  -2.6819667e+05  -2.4019848e+06
  -2.6769862e+05  -2.4020289e+06
  -2.6720056e+05  -2.4020729e+06
  -2.6670251e+05  -2.4021170e+06
  -2.6620445e+05  -2.4021610e+06
  -2.6570639e+05  -2.4022051e+06
  -2.6520834e+05  -2.4022491e+06
  -2.6471028e+05  -2.4022932e+06
  -2.6421223e+05  -2.4023372e+06
  -2.6371417e+05  -2.4023813e+06
  -2.6321611e+05  -2.4024253e+06
  -2.6271806e+05  -2.4024694e+06
  -2.6222000e+05  -2.4025134e+06
  -2.6172194e+05  -2.4025574e+06
  -2.6122389e+05  -2.4026015e+06
  -2.6072583e+05  -2.4026455e+06
  -2.6022778e+05  -2.4026896e+06
  -2.5972972e+05  -2.4027336e+06
  -2.5923166e+05  -2.4027777e+06
  -2.5873361e+05  -2.4028217e+06
  -2.5823555e+05  -2.4028658e+06
  -2.5773749e+05  -2.4029098e+06
  -2.5723944e+05  -2.4029539e+06
  -2.5674138e+05  -2.4029979e+06
  -2.5624333e+05  -2.4030420e+06
  -2.5574527e+05  -2.4030860e+06
  -2.5524721e+05  -2.4031300e+06
  -2.5474916e+05  -2.4031741e+06
  -2.5425110e+05  -2.4032181e+06
  -2.5375305e+05  -2.4032622e+06
  -2.5325499e+05  -2.4033062e+06
  -2.5275693e+05  -2.4033503e+06
  -2.5225888e+05  -2.4033943e+06
  -2.5176082e+05  -2.4034384e+06
  -2.5126276e+05  -2.4034824e+06
  -2.5076471e+05  -2.4035265e+06
  -2.5026665e+05  -2.4035705e+06
  -2.4976860e+05  -2.4036145e+06
  -2.4927054e+05  -2.4036586e+06
  -2.4877248e+05  -2.4037026e+06
  -2.4827443e+05  -2.4037467e+06
  -2.4777637e+05  -2.4037907e+06
  -2.4727832e+05  -2.4038348e+06
  -2.4678026e+05  -2.4038788e+06
  -2.4628220e+05  -2.4039229e+06
  -2.4578415e+05  -2.4039669e+06
  -2.4528609e+05  -2.4040110e+06
  -2.4478803e+05  -2.4040550e+06
  -2.4428998e+05  -2.4040991e+06
  -2.4379192e+05  -2.4041431e+06
  -2.4329387e+05  -2.4041871e+06
  -2.4279581e+05  -2.4042312e+06
  -2.4229775e+05  -2.4042752e+06
  -2.4179970e+05  -2.4043193e+06
  -2.4130164e+05  -2.4043633e+06
  -2.4080358e+05  -2.4044074e+06
  -2.4030553e+05  -2.4044514e+06
  -2.3980747e+05  -2.4044955e+06
  -2.3930942e+05  -2.4045395e+06
  -2.3881136e+05  -2.4045836e+06
  -2.3831330e+05  -2.4046276e+06
  -2.3781525e+05  -2.4046717e+06
  -2.3731719e+05  -2.4047157e+06
  -2.3681914e+05  -2.4047597e+06
  -2.3632108e+05  -2.4048038e+06
  -2.3582302e+05  -2.4048478e+06
  -2.3532497e+05  -2.4048919e+06
  -2.3482691e+05  -2.4049359e+06
  -2.3432885e+05  -2.4049800e+06
  -2.3383080e+05  -2.4050240e+06
  -2.3333274e+05  -2.4050681e+06
  -2.3283469e+05  -2.4051121e+06
  -2.3233663e+05  -2.4051562e+06
  -2.3183857e+05  -2.4052002e+06
  -2.3134052e+05  -2.4052443e+06
  -2.3084246e+05  -2.4052883e+06
  -2.3034441e+05  -2.4053323e+06
  -2.2984635e+05  -2.4053764e+06
  -2.2934829e+05  -2.4054204e+06
  -2.2885024e+05  -2.4054645e+06
  -2.2835218e+05  -2.4055085e+06
  -2.2785412e+05  -2.4055526e+06
  -2.2735607e+05  -2.4055966e+06
  -2.2685801e+05  -2.4056407e+06
  -2.2635996e+05  -2.4056847e+06
  -2.2586190e+05  -2.4057288e+06
  -2.2536384e+05  -2.4057728e+06
  -2.2486579e+05  -2.4058168e+06
  -2.2436773e+05  -2.4058609e+06
  -2.2386968e+05  -2.4059049e+06
  -2.2337162e+05  -2.4059490e+06
  -2.2287356e+05  -2.4059930e+06
  -2.2237551e+05  -2.4060371e+06
  -2.2187745e+05  -2.4060811e+06
  -2.2137939e+05  -2.4061252e+06
  -2.2088134e+05  -2.4061692e+06
  -2.2038328e+05  -2.4062133e+06
  -2.1988523e+05  -2.4062573e+06
  -2.1938717e+05  -2.4063014e+06
  -2.1888911e+05  -2.4063454e+06
  -2.1839106e+05  -2.4063894e+06
  -2.1789300e+05  -2.4064335e+06
  -2.1739494e+05  -2.4064775e+06
  -2.1689689e+05  -2.4065216e+06
  -2.1639883e+05  -2.4065656e+06
  -2.1590078e+05  -2.4066097e+06
  -2.1540272e+05  -2.4066537e+06
  -2.1490466e+05  -2.4066978e+06
  -2.1440661e+05  -2.4067418e+06
  -2.1390855e+05  -2.4067859e+06
  -2.1341050e+05  -2.4068299e+06
  -2.1291244e+05  -2.4068740e+06
  -2.1241438e+05  -2.4069180e+06
  -2.1191633e+05  -2.4069620e+06
  -2.1141827e+05  -2.4070061e+06
  -2.1092021e+05  -2.4070501e+06
  -2.1042216e+05  -2.4070942e+06
  -2.0992410e+05  -2.4071382e+06
  -2.0942605e+05  -2.4071823e+06
  -2.0892799e+05  -2.4072263e+06
  -2.0842993e+05  -2.4072704e+06
  -2.0793188e+05  -2.4073144e+06
  -2.0743382e+05  -2.4073585e+06
  -2.0693577e+05  -2.4074025e+06
  -2.0643771e+05  -2.4074465e+06
  -2.0593965e+05  -2.4074906e+06
  -2.0544160e+05  -2.4075346e+06
  -2.0494354e+05  -2.4075787e+06
  -2.0444548e+05  -2.4076227e+06
  -2.0394743e+05  -2.4076668e+06
  -2.0344937e+05  -2.4077108e+06
  -2.0295132e+05  -2.4077549e+06
  -2.0245326e+05  -2.4077989e+06
  -2.0195520e+05  -2.4078430e+06
  -2.0145715e+05  -2.4078870e+06
  -2.0095909e+05  -2.4079311e+06
  -2.0046104e+05  -2.4079751e+06
  -1.9996298e+05  -2.4080191e+06
  -1.9946492e+05  -2.4080632e+06
  -1.9896687e+05  -2.4081072e+06
  -1.9846881e+05  -2.4081513e+06
  -1.9797075e+05  -2.4081953e+06
  -1.9747270e+05  -2.4082394e+06
  -1.9697464e+05  -2.4082834e+06
  -1.9647659e+05  -2.4083275e+06
  -1.9597853e+05  -2.4083715e+06
  -1.9548047e+05  -2.4084156e+06
  -1.9498242e+05  -2.4084596e+06
  -1.9448436e+05  -2.4085037e+06
  -1.9398630e+05  -2.4085477e+06
  -1.9348825e+05  -2.4085917e+06
  -1.9299019e+05  -2.4086358e+06
  -1.9249214e+05  -2.4086798e+06
  -1.9199408e+05  -2.4087239e+06
  -1.9149602e+05  -2.4087679e+06
  -1.9099797e+05  -2.4088120e+06
  -1.9049991e+05  -2.4088560e+06
  -1.9000186e+05  -2.4089001e+06
  -1.8950380e+05  -2.4089441e+06
  -1.8900574e+05  -2.4089882e+06
  -1.8850769e+05  -2.4090322e+06
  -1.8800963e+05  -2.4090763e+06
  -1.8751157e+05  -2.4091203e+06
  -1.8701352e+05  -2.4091643e+06
  -1.8651546e+05  -2.4092084e+06
  -1.8601741e+05  -2.4092524e+06
  -1.8551935e+05  -2.4092965e+06
  -1.8502129e+05  -2.4093405e+06
  -1.8452324e+05  -2.4093846e+06
  -1.8402518e+05  -2.4094286e+06
  -1.8352713e+05  -2.4094727e+06
  -1.8302907e+05  -2.4095167e+06
  -1.8253101e+05  -2.4095608e+06
  -1.8203296e+05  -2.4096048e+06
  -1.8153490e+05  -2.4096488e+06
  -1.8103684e+05  -2.4096929e+06
  -1.8053879e+05  -2.4097369e+06
  -1.8004073e+05  -2.4097810e+06
  -1.7954268e+05  -2.4098250e+06
  -1.7904462e+05  -2.4098691e+06
  -1.7854656e+05  -2.4099131e+06
  -1.7804851e+05  -2.4099572e+06
  -1.7755045e+05  -2.4100012e+06
  -1.7705239e+05  -2.4100453e+06
  -1.7655434e+05  -2.4100893e+06
  -1.7605628e+05  -2.4101334e+06
  -1.7555823e+05  -2.4101774e+06
  -1.7506017e+05  -2.4102214e+06
  -1.7456211e+05  -2.4102655e+06
  -1.7406406e+05  -2.4103095e+06
  -1.7356600e+05  -2.4103536e+06
  -1.7306795e+05  -2.4103976e+06
  -1.7256989e+05  -2.4104417e+06
  -1.7207183e+05  -2.4104857e+06
  -1.7157378e+05  -2.4105298e+06
  -1.7107572e+05  -2.4105738e+06
  -1.7057766e+05  -2.4106179e+06
  -1.7007961e+05  -2.4106619e+06
  -1.6958155e+05  -2.4107060e+06
  -1.6908350e+05  -2.4107500e+06
  -1.6858544e+05  -2.4107940e+06
  -1.6808738e+05  -2.4108381e+06
  -1.6758933e+05  -2.4108821e+06
  -1.6709127e+05  -2.4109262e+06
  -1.6659322e+05  -2.4109702e+06
  -1.6609516e+05  -2.4110143e+06
  -1.6559710e+05  -2.4110583e+06
  -1.6509905e+05  -2.4111024e+06
  -1.6460099e+05  -2.4111464e+06
  -1.6410293e+05  -2.4111905e+06
  -1.6360488e+05  -2.4112345e+06
  -1.6310682e+05  -2.4112786e+06
  -1.6260877e+05  -2.4113226e+06
  -1.6211071e+05  -2.4113666e+06
  -1.6161265e+05  -2.4114107e+06
  -1.6111460e+05  -2.4114547e+06
  -1.6061654e+05  -2.4114988e+06
  -1.6011849e+05  -2.4115428e+06
  -1.5962043e+05  -2.4115869e+06
  -1.5912237e+05  -2.4116309e+06
  -1.5862432e+05  -2.4116750e+06
  -1.5812626e+05  -2.4117190e+06
  -1.5762820e+05  -2.4117631e+06
  -1.5713015e+05  -2.4118071e+06
  -1.5663209e+05  -2.4118511e+06
  -1.5613404e+05  -2.4118952e+06
  -1.5563598e+05  -2.4119392e+06
  -1.5513792e+05  -2.4119833e+06
  -1.5463987e+05  -2.4120273e+06
  -1.5414181e+05  -2.4120714e+06
  -1.5364375e+05  -2.4121154e+06
  -1.5314570e+05  -2.4121595e+06
  -1.5264764e+05  -2.4122035e+06
  -1.5214959e+05  -2.4122476e+06
  -1.5165153e+05  -2.4122916e+06
  -1.5115347e+05  -2.4123357e+06
  -1.5065542e+05  -2.4123797e+06
  -1.5015736e+05  -2.4124237e+06
  -1.4965931e+05  -2.4124678e+06
  -1.4916125e+05  -2.4125118e+06
  -1.4866319e+05  -2.4125559e+06
  -1.4816514e+05  -2.4125999e+06
  -1.4766708e+05  -2.4126440e+06
  -1.4716902e+05  -2.4126880e+06
  -1.4667097e+05  -2.4127321e+06
  -1.4617291e+05  -2.4127761e+06
  -1.4567486e+05  -2.4128202e+06
  -1.4517680e+05  -2.4128642e+06
  -1.4467874e+05  -2.4129083e+06
  -1.4418069e+05  -2.4129523e+06
  -1.4368263e+05  -2.4129963e+06
  -1.4318458e+05  -2.4130404e+06
  -1.4268652e+05  -2.4130844e+06
  -1.4218846e+05  -2.4131285e+06
  -1.4169041e+05  -2.4131725e+06
  -1.4119235e+05  -2.4132166e+06
  -1.4069429e+05  -2.4132606e+06
  -1.4019624e+05  -2.4133047e+06
  -1.3969818e+05  -2.4133487e+06
  -1.3920013e+05  -2.4133928e+06
  -1.3870207e+05  -2.4134368e+06
  -1.3820401e+05  -2.4134808e+06
  -1.3770596e+05  -2.4135249e+06
  -1.3720790e+05  -2.4135689e+06
  -1.3670984e+05  -2.4136130e+06
  -1.3621179e+05  -2.4136570e+06
  -1.3571373e+05  -2.4137011e+06
  -1.3521568e+05  -2.4137451e+06
  -1.3471762e+05  -2.4137892e+06
  -1.3421956e+05  -2.4138332e+06
  -1.3372151e+05  -2.4138773e+06
  -1.3322345e+05  -2.4139213e+06
  -1.3272540e+05  -2.4139654e+06
  -1.3222734e+05  -2.4140094e+06
  -1.3172928e+05  -2.4140534e+06
  -1.3123123e+05  -2.4140975e+06
  -1.3073317e+05  -2.4141415e+06
  -1.3023511e+05  -2.4141856e+06
  -1.2973706e+05  -2.4142296e+06
  -1.2923900e+05  -2.4142737e+06
  -1.2874095e+05  -2.4143177e+06
  -1.2824289e+05  -2.4143618e+06
  -1.2774483e+05  -2.4144058e+06
  -1.2724678e+05  -2.4144499e+06
  -1.2674872e+05  -2.4144939e+06
  -1.2625067e+05  -2.4145380e+06
  -1.2575261e+05  -2.4145820e+06
  -1.2525455e+05  -2.4146260e+06
  -1.2475650e+05  -2.4146701e+06
  -1.2425844e+05  -2.4147141e+06
  -1.2376038e+05  -2.4147582e+06
  -1.2326233e+05  -2.4148022e+06
  -1.2276427e+05  -2.4148463e+06
  -1.2226622e+05  -2.4148903e+06
  -1.2176816e+05  -2.4149344e+06
  -1.2127010e+05  -2.4149784e+06
  -1.2077205e+05  -2.4150225e+06
  -1.2027399e+05  -2.4150665e+06
  -1.1977594e+05  -2.4151106e+06
  -1.1927788e+05  -2.4151546e+06
  -1.1877982e+05  -2.4151986e+06
  -1.1828177e+05  -2.4152427e+06
  -1.1778371e+05  -2.4152867e+06
  -1.1728565e+05  -2.4153308e+06
  -1.1678760e+05  -2.4153748e+06
  -1.1628954e+05  -2.4154189e+06
  -1.1579149e+05  -2.4154629e+06
  -1.1529343e+05  -2.4155070e+06
  -1.1479537e+05  -2.4155510e+06
  -1.1429732e+05  -2.4155951e+06
  -1.1379926e+05  -2.4156391e+06
  -1.1330120e+05  -2.4156831e+06
  -1.1280315e+05  -2.4157272e+06
  -1.1230509e+05  -2.4157712e+06
  -1.1180704e+05  -2.4158153e+06
  -1.1130898e+05  -2.4158593e+06
  -1.1081092e+05  -2.4159034e+06
  -1.1031287e+05  -2.4159474e+06
  -1.0981481e+05  -2.4159915e+06
  -1.0931676e+05  -2.4160355e+06
  -1.0881870e+05  -2.4160796e+06
  -1.0832064e+05  -2.4161236e+06
  -1.0782259e+05  -2.4161677e+06
  -1.0732453e+05  -2.4162117e+06
  -1.0682647e+05  -2.4162557e+06
  -1.0632842e+05  -2.4162998e+06
  -1.0583036e+05  -2.4163438e+06
  -1.0533231e+05  -2.4163879e+06
  -1.0483425e+05  -2.4164319e+06
  -1.0433619e+05  -2.4164760e+06
  -1.0383814e+05  -2.4165200e+06
  -1.0334008e+05  -2.4165641e+06
  -1.0284203e+05  -2.4166081e+06
  -1.0234397e+05  -2.4166522e+06
  -1.0184591e+05  -2.4166962e+06
  -1.0134786e+05  -2.4167403e+06
  -1.0084980e+05  -2.4167843e+06
  -1.0035174e+05  -2.4168283e+06
  -9.9853688e+04  -2.4168724e+06
  -9.9355632e+04  -2.4169164e+06
  -9.8857576e+04  -2.4169605e+06
  -9.8359520e+04  -2.4170045e+06
  -9.7861463e+04  -2.4170486e+06
  -9.7363407e+04  -2.4170926e+06
  -9.6865351e+04  -2.4171367e+06
  -9.6367295e+04  -2.4171807e+06
  -9.5869239e+04  -2.4172248e+06
  -9.5371183e+04  -2.4172688e+06
  -9.4873126e+04  -2.4173129e+06
  -9.4375070e+04  -2.4173569e+06
  -9.3877014e+04  -2.4174009e+06
  -9.3378958e+04  -2.4174450e+06
  -9.2880902e+04  -2.4174890e+06
  -9.2382846e+04  -2.4175331e+06
  -9.1884789e+04  -2.4175771e+06
  -9.1386733e+04  -2.4176212e+06
  -9.0888677e+04  -2.4176652e+06
  -9.0390621e+04  -2.4177093e+06
  -8.9892565e+04  -2.4177533e+06
  -8.9394509e+04  -2.4177974e+06
  -8.8896452e+04  -2.4178414e+06
  -8.8398396e+04  -2.4178854e+06
  -8.7900340e+04  -2.4179295e+06
  -8.7402284e+04  -2.4179735e+06
  -8.6904228e+04  -2.4180176e+06
  -8.6406172e+04  -2.4180616e+06
  -8.5908115e+04  -2.4181057e+06
  -8.5410059e+04  -2.4181497e+06
  -8.4912003e+04  -2.4181938e+06
  -8.4413947e+04  -2.4182378e+06
  -8.3915891e+04  -2.4182819e+06
  -8.3417834e+04  -2.4183259e+06
  -8.2919778e+04  -2.4183700e+06
  -8.2421722e+04  -2.4184140e+06
  -8.1923666e+04  -2.4184580e+06
  -8.1425610e+04  -2.4185021e+06
  -8.0927554e+04  -2.4185461e+06
  -8.0429497e+04  -2.4185902e+06
  -7.9931441e+04  -2.4186342e+06
  -7.9433385e+04  -2.4186783e+06
  -7.8935329e+04  -2.4187223e+06
  -7.8437273e+04  -2.4187664e+06
  -7.7939217e+04  -2.4188104e+06
  -7.7441160e+04  -2.4188545e+06
  -7.6943104e+04  -2.4188985e+06
  -7.6445048e+04  -2.4189426e+06
  -7.5946992e+04  -2.4189866e+06
  -7.5448936e+04  -2.4190306e+06
  -7.4950880e+04  -2.4190747e+06
  -7.4452823e+04  -2.4191187e+06
  -7.3954767e+04  -2.4191628e+06
  -7.3456711e+04  -2.4192068e+06
  -7.2958655e+04  -2.4192509e+06
  -7.2460599e+04  -2.4192949e+06
  -7.1962543e+04  -2.4193390e+06
  -7.1464486e+04  -2.4193830e+06
  -7.0966430e+04  -2.4194271e+06
  -7.0468374e+04  -2.4194711e+06
  -6.9970318e+04  -2.4195152e+06
  -6.9472262e+04  -2.4195592e+06
  -6.8974205e+04  -2.4196032e+06
  -6.8476149e+04  -2.4196473e+06
  -6.7978093e+04  -2.4196913e+06
  -6.7480037e+04  -2.4197354e+06
  -6.6981981e+04  -2.4197794e+06
  -6.6483925e+04  -2.4198235e+06
  -6.5985868e+04  -2.4198675e+06
  -6.5487812e+04  -2.4199116e+06
  -6.4989756e+04  -2.4199556e+06
  -6.4491700e+04  -2.4199997e+06
  -6.3993644e+04  -2.4200437e+06
  -6.3495588e+04  -2.4200877e+06
  -6.2997531e+04  -2.4201318e+06
  -6.2499475e+04  -2.4201758e+06
  -6.2001419e+04  -2.4202199e+06
  -6.1503363e+04  -2.4202639e+06
  -6.1005307e+04  -2.4203080e+06
  -6.0507251e+04  -2.4203520e+06
  -6.0009194e+04  -2.4203961e+06
  -5.9511138e+04  -2.4204401e+06
  -5.9013082e+04  -2.4204842e+06
  -5.8515026e+04  -2.4205282e+06
  -5.8016970e+04  -2.4205723e+06
  -5.7518914e+04  -2.4206163e+06
  -5.7020857e+04  -2.4206603e+06
  -5.6522801e+04  -2.4207044e+06
  -5.6024745e+04  -2.4207484e+06
  -5.5526689e+04  -2.4207925e+06
  -5.5028633e+04  -2.4208365e+06
  -5.4530576e+04  -2.4208806e+06
  -5.4032520e+04  -2.4209246e+06
  -5.3534464e+04  -2.4209687e+06
  -5.3036408e+04  -2.4210127e+06
  -5.2538352e+04  -2.4210568e+06
  -5.2040296e+04  -2.4211008e+06
  -5.1542239e+04  -2.4211449e+06
  -5.1044183e+04  -2.4211889e+06
  -5.0546127e+04  -2.4212329e+06
  -5.0048071e+04  -2.4212770e+06
  -4.9550015e+04  -2.4213210e+06
  -4.9051959e+04  -2.4213651e+06
  -4.8553902e+04  -2.4214091e+06
  -4.8055846e+04  -2.4214532e+06
  -4.7557790e+04  -2.4214972e+06
  -4.7059734e+04  -2.4215413e+06
  -4.6561678e+04  -2.4215853e+06
  -4.6063622e+04  -2.4216294e+06
  -4.5565565e+04  -2.4216734e+06
  -4.5067509e+04  -2.4217174e+06
  -4.4569453e+04  -2.4217615e+06
  -4.4071397e+04  -2.4218055e+06
  -4.3573341e+04  -2.4218496e+06
  -4.3075285e+04  -2.4218936e+06
  -4.2577228e+04  -2.4219377e+06
  -4.2079172e+04  -2.4219817e+06
  -4.1581116e+04  -2.4220258e+06
  -4.1083060e+04  -2.4220698e+06
  -4.0585004e+04  -2.4221139e+06
  -4.0086947e+04  -2.4221579e+06
  -3.9588891e+04  -2.4222020e+06
  -3.9090835e+04  -2.4222460e+06
  -3.8592779e+04  -2.4222900e+06
  -3.8094723e+04  -2.4223341e+06
  -3.7596667e+04  -2.4223781e+06
  -3.7098610e+04  -2.4224222e+06
  -3.6600554e+04  -2.4224662e+06
  -3.6102498e+04  -2.4225103e+06
  -3.5604442e+04  -2.4225543e+06
  -3.5106386e+04  -2.4225984e+06
  -3.4608330e+04  -2.4226424e+06
  -3.4110273e+04  -2.4226865e+06
  -3.3612217e+04  -2.4227305e+06
  -3.3114161e+04  -2.4227746e+06
  -3.2616105e+04  -2.4228186e+06
  -3.2118049e+04  -2.4228626e+06
  -3.1619993e+04  -2.4229067e+06
  -3.1121936e+04  -2.4229507e+06
  -3.0623880e+04  -2.4229948e+06
  -3.0125824e+04  -2.4230388e+06
  -2.9627768e+04  -2.4230829e+06
  -2.9129712e+04  -2.4231269e+06
  -2.8631656e+04  -2.4231710e+06
  -2.8133599e+04  -2.4232150e+06
  -2.7635543e+04  -2.4232591e+06
  -2.7137487e+04  -2.4233031e+06
  -2.6639431e+04  -2.4233472e+06
  -2.6141375e+04  -2.4233912e+06
  -2.5643318e+04  -2.4234352e+06
  -2.5145262e+04  -2.4234793e+06
  -2.4647206e+04  -2.4235233e+06
  -2.4149150e+04  -2.4235674e+06
  -2.3651094e+04  -2.4236114e+06
  -2.3153038e+04  -2.4236555e+06
  -2.2654981e+04  -2.4236995e+06
  -2.2156925e+04  -2.4237436e+06
  -2.1658869e+04  -2.4237876e+06
  -2.1160813e+04  -2.4238317e+06
  -2.0662757e+04  -2.4238757e+06
  -2.0164701e+04  -2.4239197e+06
  -1.9666644e+04  -2.4239638e+06
  -1.9168588e+04  -2.4240078e+06
  -1.8670532e+04  -2.4240519e+06
  -1.8172476e+04  -2.4240959e+06
  -1.7674420e+04  -2.4241400e+06
  -1.7176364e+04  -2.4241840e+06
  -1.6678307e+04  -2.4242281e+06
  -1.6180251e+04  -2.4242721e+06
  -1.5682195e+04  -2.4243162e+06
  -1.5184139e+04  -2.4243602e+06
  -1.4686083e+04  -2.4244043e+06
  -1.4188026e+04  -2.4244483e+06
  -1.3689970e+04  -2.4244923e+06
  -1.3191914e+04  -2.4245364e+06
  -1.2693858e+04  -2.4245804e+06
  -1.2195802e+04  -2.4246245e+06
  -1.1697746e+04  -2.4246685e+06
  -1.1199689e+04  -2.4247126e+06
  -1.0701633e+04  -2.4247566e+06
  -1.0203577e+04  -2.4248007e+06
  -9.7055209e+03  -2.4248447e+06
  -9.2074648e+03  -2.4248888e+06
  -8.7094086e+03  -2.4249328e+06
  -8.2113524e+03  -2.4249769e+06
  -7.7132963e+03  -2.4250209e+06
  -7.2152401e+03  -2.4250649e+06
  -6.7171839e+03  -2.4251090e+06
  -6.2191277e+03  -2.4251530e+06
  -5.7210716e+03  -2.4251971e+06
  -5.2230154e+03  -2.4252411e+06
  -4.7249592e+03  -2.4252852e+06
  -4.2269030e+03  -2.4253292e+06
  -3.7288469e+03  -2.4253733e+06
  -3.2307907e+03  -2.4254173e+06
  -2.7327345e+03  -2.4254614e+06
  -2.2346784e+03  -2.4255054e+06
  -1.7366222e+03  -2.4255495e+06
  -1.2385660e+03  -2.4255935e+06
  -7.4050984e+02  -2.4256375e+06
  -2.4245367e+02  -2.4256816e+06
   2.5560250e+02  -2.4257256e+06
   7.5365868e+02  -2.4257697e+06
   1.2517148e+03  -2.4258137e+06
   1.7497710e+03  -2.4258578e+06
   2.2478272e+03  -2.4259018e+06
   2.7458834e+03  -2.4259459e+06
   3.2439395e+03  -2.4259899e+06
   3.7419957e+03  -2.4260340e+06
   4.2400519e+03  -2.4260780e+06
   4.7381081e+03  -2.4261220e+06
   5.2361642e+03  -2.4261661e+06
   5.7342204e+03  -2.4262101e+06
   6.2322766e+03  -2.4262542e+06
   6.7303327e+03  -2.4262982e+06
   7.2283889e+03  -2.4263423e+06
   7.7264451e+03  -2.4263863e+06
   8.2245013e+03  -2.4264304e+06
   8.7225574e+03  -2.4264744e+06
   9.2206136e+03  -2.4265185e+06
   9.7186698e+03  -2.4265625e+06
   1.0216726e+04  -2.4266066e+06
   1.0714782e+04  -2.4266506e+06
   1.1212838e+04  -2.4266946e+06
   1.1710894e+04  -2.4267387e+06
   1.2208951e+04  -2.4267827e+06
   1.2707007e+04  -2.4268268e+06
   1.3205063e+04  -2.4268708e+06
   1.3703119e+04  -2.4269149e+06
   1.4201175e+04  -2.4269589e+06
   1.4699232e+04  -2.4270030e+06
   1.5197288e+04  -2.4270470e+06
   1.5695344e+04  -2.4270911e+06
   1.6193400e+04  -2.4271351e+06
   1.6691456e+04  -2.4271792e+06
   1.7189512e+04  -2.4272232e+06
   1.7687569e+04  -2.4272672e+06
   1.8185625e+04  -2.4273113e+06
   1.8683681e+04  -2.4273553e+06
   1.9181737e+04  -2.4273994e+06
   1.9679793e+04  -2.4274434e+06
   2.0177849e+04  -2.4274875e+06
   2.0675906e+04  -2.4275315e+06
   2.1173962e+04  -2.4275756e+06
   2.1672018e+04  -2.4276196e+06
   2.2170074e+04  -2.4276637e+06
   2.2668130e+04  -2.4277077e+06
   2.3166186e+04  -2.4277517e+06
   2.3664243e+04  -2.4277958e+06
   2.4162299e+04  -2.4278398e+06
   2.4660355e+04  -2.4278839e+06
   2.5158411e+04  -2.4279279e+06
   2.5656467e+04  -2.4279720e+06
   2.6154523e+04  -2.4280160e+06
   2.6652580e+04  -2.4280601e+06
   2.7150636e+04  -2.4281041e+06
   2.7648692e+04  -2.4281482e+06
   2.8146748e+04  -2.4281922e+06
   2.8644804e+04  -2.4282363e+06
   2.9142861e+04  -2.4282803e+06
   2.9640917e+04  -2.4283243e+06
   3.0138973e+04  -2.4283684e+06
   3.0637029e+04  -2.4284124e+06
   3.1135085e+04  -2.4284565e+06
   3.1633141e+04  -2.4285005e+06
   3.2131198e+04  -2.4285446e+06
   3.2629254e+04  -2.4285886e+06
   3.3127310e+04  -2.4286327e+06
   3.3625366e+04  -2.4286767e+06
   3.4123422e+04  -2.4287208e+06
   3.4621478e+04  -2.4287648e+06
   3.5119535e+04  -2.4288089e+06
   3.5617591e+04  -2.4288529e+06
   3.6115647e+04  -2.4288969e+06
   3.6613703e+04  -2.4289410e+06
   3.7111759e+04  -2.4289850e+06
   3.7609815e+04  -2.4290291e+06
   3.8107872e+04  -2.4290731e+06
   3.8605928e+04  -2.4291172e+06
   3.9103984e+04  -2.4291612e+06
   3.9602040e+04  -2.4292053e+06
   4.0100096e+04  -2.4292493e+06
   4.0598152e+04  -2.4292934e+06
   4.1096209e+04  -2.4293374e+06
   4.1594265e+04  -2.4293815e+06
   4.2092321e+04  -2.4294255e+06
   4.2590377e+04  -2.4294695e+06
   4.3088433e+04  -2.4295136e+06
   4.3586490e+04  -2.4295576e+06
   4.4084546e+04  -2.4296017e+06
   4.4582602e+04  -2.4296457e+06
   4.5080658e+04  -2.4296898e+06
   4.5578714e+04  -2.4297338e+06
   4.6076770e+04  -2.4297779e+06
   4.6574827e+04  -2.4298219e+06
   4.7072883e+04  -2.4298660e+06
   4.7570939e+04  -2.4299100e+06
   4.8068995e+04  -2.4299540e+06
   4.8567051e+04  -2.4299981e+06
   4.9065107e+04  -2.4300421e+06
   4.9563164e+04  -2.4300862e+06
   5.0061220e+04  -2.4301302e+06
   5.0559276e+04  -2.4301743e+06
   5.1057332e+04  -2.4302183e+06
   5.1555388e+04  -2.4302624e+06
   5.2053444e+04  -2.4303064e+06
   5.2551501e+04  -2.4303505e+06
   5.3049557e+04  -2.4303945e+06
   5.3547613e+04  -2.4304386e+06
   5.4045669e+04  -2.4304826e+06
   5.4543725e+04  -2.4305266e+06
   5.5041781e+04  -2.4305707e+06
   5.5539838e+04  -2.4306147e+06
   5.6037894e+04  -2.4306588e+06
   5.6535950e+04  -2.4307028e+06
   5.7034006e+04  -2.4307469e+06
   5.7532062e+04  -2.4307909e+06
   5.8030119e+04  -2.4308350e+06
   5.8528175e+04  -2.4308790e+06
   5.9026231e+04  -2.4309231e+06
   5.9524287e+04  -2.4309671e+06
   6.0022343e+04  -2.4310112e+06
   6.0520399e+04  -2.4310552e+06
   6.1018456e+04  -2.4310992e+06
   6.1516512e+04  -2.4311433e+06
   6.2014568e+04  -2.4311873e+06
   6.2512624e+04  -2.4312314e+06
   6.3010680e+04  -2.4312754e+06
   6.3508736e+04  -2.4313195e+06
   6.4006793e+04  -2.4313635e+06
   6.4504849e+04  -2.4314076e+06
   6.5002905e+04  -2.4314516e+06
   6.5500961e+04  -2.4314957e+06
   6.5999017e+04  -2.4315397e+06
   6.6497073e+04  -2.4315838e+06
   6.6995130e+04  -2.4316278e+06
   6.7493186e+04  -2.4316718e+06
   6.7991242e+04  -2.4317159e+06
   6.8489298e+04  -2.4317599e+06
   6.8987354e+04  -2.4318040e+06
   6.9485410e+04  -2.4318480e+06
   6.9983467e+04  -2.4318921e+06
   7.0481523e+04  -2.4319361e+06
   7.0979579e+04  -2.4319802e+06
   7.1477635e+04  -2.4320242e+06
   7.1975691e+04  -2.4320683e+06
   7.2473748e+04  -2.4321123e+06
   7.2971804e+04  -2.4321563e+06
   7.3469860e+04  -2.4322004e+06
   7.3967916e+04  -2.4322444e+06
   7.4465972e+04  -2.4322885e+06
   7.4964028e+04  -2.4323325e+06
   7.5462085e+04  -2.4323766e+06
   7.5960141e+04  -2.4324206e+06
   7.6458197e+04  -2.4324647e+06
   7.6956253e+04  -2.4325087e+06
   7.7454309e+04  -2.4325528e+06
   7.7952365e+04  -2.4325968e+06
   7.8450422e+04  -2.4326409e+06
   7.8948478e+04  -2.4326849e+06
   7.9446534e+04  -2.4327289e+06
   7.9944590e+04  -2.4327730e+06
   8.0442646e+04  -2.4328170e+06
   8.0940702e+04  -2.4328611e+06
   8.1438759e+04  -2.4329051e+06
   8.1936815e+04  -2.4329492e+06
   8.2434871e+04  -2.4329932e+06
   8.2932927e+04  -2.4330373e+06
   8.3430983e+04  -2.4330813e+06
   8.3929039e+04  -2.4331254e+06
   8.4427096e+04  -2.4331694e+06
   8.4925152e+04  -2.4332135e+06
   8.5423208e+04  -2.4332575e+06
   8.5921264e+04  -2.4333015e+06
   8.6419320e+04  -2.4333456e+06
   8.6917377e+04  -2.4333896e+06
   8.7415433e+04  -2.4334337e+06
   8.7913489e+04  -2.4334777e+06
   8.8411545e+04  -2.4335218e+06
   8.8909601e+04  -2.4335658e+06
   8.9407657e+04  -2.4336099e+06
   8.9905714e+04  -2.4336539e+06
   9.0403770e+04  -2.4336980e+06
   9.0901826e+04  -2.4337420e+06
   9.1399882e+04  -2.4337861e+06
   9.1897938e+04  -2.4338301e+06
   9.2395994e+04  -2.4338741e+06
   9.2894051e+04  -2.4339182e+06
   9.3392107e+04  -2.4339622e+06
   9.3890163e+04  -2.4340063e+06
   9.4388219e+04  -2.4340503e+06
   9.4886275e+04  -2.4340944e+06
   9.5384331e+04  -2.4341384e+06
   9.5882388e+04  -2.4341825e+06
   9.6380444e+04  -2.4342265e+06
   9.6878500e+04  -2.4342706e+06
   9.7376556e+04  -2.4343146e+06
   9.7874612e+04  -2.4343586e+06
   9.8372668e+04  -2.4344027e+06
   9.8870725e+04  -2.4344467e+06
   9.9368781e+04  -2.4344908e+06
   9.9866837e+04  -2.4345348e+06
   1.0036489e+05  -2.4345789e+06
   1.0086295e+05  -2.4346229e+06
   1.0136101e+05  -2.4346670e+06
   1.0185906e+05  -2.4347110e+06
   1.0235712e+05  -2.4347551e+06
   1.0285517e+05  -2.4347991e+06
   1.0335323e+05  -2.4348432e+06
   1.0385129e+05  -2.4348872e+06
   1.0434934e+05  -2.4349312e+06
   1.0484740e+05  -2.4349753e+06
   1.0534545e+05  -2.4350193e+06
   1.0584351e+05  -2.4350634e+06
   1.0634157e+05  -2.4351074e+06
   1.0683962e+05  -2.4351515e+06
   1.0733768e+05  -2.4351955e+06
   1.0783574e+05  -2.4352396e+06
   1.0833379e+05  -2.4352836e+06
   1.0883185e+05  -2.4353277e+06
   1.0932990e+05  -2.4353717e+06
   1.0982796e+05  -2.4354158e+06
   1.1032602e+05  -2.4354598e+06
   1.1082407e+05  -2.4355038e+06
   1.1132213e+05  -2.4355479e+06
   1.1182019e+05  -2.4355919e+06
   1.1231824e+05  -2.4356360e+06
   1.1281630e+05  -2.4356800e+06
   1.1331435e+05  -2.4357241e+06
   1.1381241e+05  -2.4357681e+06
   1.1431047e+05  -2.4358122e+06
   1.1480852e+05  -2.4358562e+06
   1.1530658e+05  -2.4359003e+06
   1.1580463e+05  -2.4359443e+06
   1.1630269e+05  -2.4359883e+06
   1.1680075e+05  -2.4360324e+06
   1.1729880e+05  -2.4360764e+06
   1.1779686e+05  -2.4361205e+06
   1.1829492e+05  -2.4361645e+06
   1.1879297e+05  -2.4362086e+06
   1.1929103e+05  -2.4362526e+06
   1.1978908e+05  -2.4362967e+06
   1.2028714e+05  -2.4363407e+06
   1.2078520e+05  -2.4363848e+06
   1.2128325e+05  -2.4364288e+06
   1.2178131e+05  -2.4364729e+06
   1.2227936e+05  -2.4365169e+06
   1.2277742e+05  -2.4365609e+06
   1.2327548e+05  -2.4366050e+06
   1.2377353e+05  -2.4366490e+06
   1.2427159e+05  -2.4366931e+06
   1.2476965e+05  -2.4367371e+06
   1.2526770e+05  -2.4367812e+06
   1.2576576e+05  -2.4368252e+06
   1.2626381e+05  -2.4368693e+06
   1.2676187e+05  -2.4369133e+06
   1.2725993e+05  -2.4369574e+06
   1.2775798e+05  -2.4370014e+06
   1.2825604e+05  -2.4370455e+06
   1.2875410e+05  -2.4370895e+06
   1.2925215e+05  -2.4371335e+06
   1.2975021e+05  -2.4371776e+06
   1.3024826e+05  -2.4372216e+06
   1.3074632e+05  -2.4372657e+06
   1.3124438e+05  -2.4373097e+06
   1.3174243e+05  -2.4373538e+06
   1.3224049e+05  -2.4373978e+06
   1.3273854e+05  -2.4374419e+06
   1.3323660e+05  -2.4374859e+06
   1.3373466e+05  -2.4375300e+06
   1.3423271e+05  -2.4375740e+06
   1.3473077e+05  -2.4376181e+06
   1.3522883e+05  -2.4376621e+06
   1.3572688e+05  -2.4377061e+06
   1.3622494e+05  -2.4377502e+06
   1.3672299e+05  -2.4377942e+06
   1.3722105e+05  -2.4378383e+06
   1.3771911e+05  -2.4378823e+06
   1.3821716e+05  -2.4379264e+06
   1.3871522e+05  -2.4379704e+06
   1.3921327e+05  -2.4380145e+06
   1.3971133e+05  -2.4380585e+06
   1.4020939e+05  -2.4381026e+06
   1.4070744e+05  -2.4381466e+06
   1.4120550e+05  -2.4381906e+06
   1.4170356e+05  -2.4382347e+06
   1.4220161e+05  -2.4382787e+06
   1.4269967e+05  -2.4383228e+06
   1.4319772e+05  -2.4383668e+06
   1.4369578e+05  -2.4384109e+06
   1.4419384e+05  -2.4384549e+06
   1.4469189e+05  -2.4384990e+06
   1.4518995e+05  -2.4385430e+06
   1.4568800e+05  -2.4385871e+06
   1.4618606e+05  -2.4386311e+06
   1.4668412e+05  -2.4386752e+06
   1.4718217e+05  -2.4387192e+06
   1.4768023e+05  -2.4387632e+06
   1.4817829e+05  -2.4388073e+06
   1.4867634e+05  -2.4388513e+06
   1.4917440e+05  -2.4388954e+06
   1.4967245e+05  -2.4389394e+06
   1.5017051e+05  -2.4389835e+06
   1.5066857e+05  -2.4390275e+06
   1.5116662e+05  -2.4390716e+06
   1.5166468e+05  -2.4391156e+06
   1.5216274e+05  -2.4391597e+06
   1.5266079e+05  -2.4392037e+06
   1.5315885e+05  -2.4392478e+06
   1.5365690e+05  -2.4392918e+06
   1.5415496e+05  -2.4393358e+06
   1.5465302e+05  -2.4393799e+06
   1.5515107e+05  -2.4394239e+06
   1.5564913e+05  -2.4394680e+06
   1.5614718e+05  -2.4395120e+06
   1.5664524e+05  -2.4395561e+06
   1.5714330e+05  -2.4396001e+06
   1.5764135e+05  -2.4396442e+06
   1.5813941e+05  -2.4396882e+06
   1.5863747e+05  -2.4397323e+06
   1.5913552e+05  -2.4397763e+06
   1.5963358e+05  -2.4398204e+06
   1.6013163e+05  -2.4398644e+06
   1.6062969e+05  -2.4399084e+06
   1.6112775e+05  -2.4399525e+06
   1.6162580e+05  -2.4399965e+06
   1.6212386e+05  -2.4400406e+06
   1.6262191e+05  -2.4400846e+06
   1.6311997e+05  -2.4401287e+06
   1.6361803e+05  -2.4401727e+06
   1.6411608e+05  -2.4402168e+06
   1.6461414e+05  -2.4402608e+06
   1.6511220e+05  -2.4403049e+06
   1.6561025e+05  -2.4403489e+06
   1.6610831e+05  -2.4403929e+06
   1.6660636e+05  -2.4404370e+06
   1.6710442e+05  -2.4404810e+06
   1.6760248e+05  -2.4405251e+06
   1.6810053e+05  -2.4405691e+06
   1.6859859e+05  -2.4406132e+06
   1.6909664e+05  -2.4406572e+06
   1.6959470e+05  -2.4407013e+06
   1.7009276e+05  -2.4407453e+06
   1.7059081e+05  -2.4407894e+06
   1.7108887e+05  -2.4408334e+06
   1.7158693e+05  -2.4408775e+06
   1.7208498e+05  -2.4409215e+06
   1.7258304e+05  -2.4409655e+06
   1.7308109e+05  -2.4410096e+06
   1.7357915e+05  -2.4410536e+06
   1.7407721e+05  -2.4410977e+06
   1.7457526e+05  -2.4411417e+06
   1.7507332e+05  -2.4411858e+06
   1.7557138e+05  -2.4412298e+06
   1.7606943e+05  -2.4412739e+06
   1.7656749e+05  -2.4413179e+06
   1.7706554e+05  -2.4413620e+06
   1.7756360e+05  -2.4414060e+06
   1.7806166e+05  -2.4414501e+06
   1.7855971e+05  -2.4414941e+06
   1.7905777e+05  -2.4415381e+06
   1.7955582e+05  -2.4415822e+06
   1.8005388e+05  -2.4416262e+06
   1.8055194e+05  -2.4416703e+06
   1.8104999e+05  -2.4417143e+06
   1.8154805e+05  -2.4417584e+06
   1.8204611e+05  -2.4418024e+06
   1.8254416e+05  -2.4418465e+06
   1.8304222e+05  -2.4418905e+06
   1.8354027e+05  -2.4419346e+06
   1.8403833e+05  -2.4419786e+06
   1.8453639e+05  -2.4420226e+06
   1.8503444e+05  -2.4420667e+06
   1.8553250e+05  -2.4421107e+06
   1.8603055e+05  -2.4421548e+06
   1.8652861e+05  -2.4421988e+06
   1.8702667e+05  -2.4422429e+06
   1.8752472e+05  -2.4422869e+06
   1.8802278e+05  -2.4423310e+06
   1.8852084e+05  -2.4423750e+06
   1.8901889e+05  -2.4424191e+06
   1.8951695e+05  -2.4424631e+06
   1.9001500e+05  -2.4425072e+06
   1.9051306e+05  -2.4425512e+06
   1.9101112e+05  -2.4425952e+06
   1.9150917e+05  -2.4426393e+06
   1.9200723e+05  -2.4426833e+06
   1.9250529e+05  -2.4427274e+06
   1.9300334e+05  -2.4427714e+06
   1.9350140e+05  -2.4428155e+06
   1.9399945e+05  -2.4428595e+06
   1.9449751e+05  -2.4429036e+06
   1.9499557e+05  -2.4429476e+06
   1.9549362e+05  -2.4429917e+06
   1.9599168e+05  -2.4430357e+06
   1.9648973e+05  -2.4430798e+06
   1.9698779e+05  -2.4431238e+06
   1.9748585e+05  -2.4431678e+06
   1.9798390e+05  -2.4432119e+06
   1.9848196e+05  -2.4432559e+06
   1.9898002e+05  -2.4433000e+06
   1.9947807e+05  -2.4433440e+06
   1.9997613e+05  -2.4433881e+06
   2.0047418e+05  -2.4434321e+06
   2.0097224e+05  -2.4434762e+06
   2.0147030e+05  -2.4435202e+06
   2.0196835e+05  -2.4435643e+06
   2.0246641e+05  -2.4436083e+06
   2.0296446e+05  -2.4436524e+06
   2.0346252e+05  -2.4436964e+06
   2.0396058e+05  -2.4437404e+06
   2.0445863e+05  -2.4437845e+06
   2.0495669e+05  -2.4438285e+06
   2.0545475e+05  -2.4438726e+06
   2.0595280e+05  -2.4439166e+06
   2.0645086e+05  -2.4439607e+06
   2.0694891e+05  -2.4440047e+06
   2.0744697e+05  -2.4440488e+06
   2.0794503e+05  -2.4440928e+06
   2.0844308e+05  -2.4441369e+06
   2.0894114e+05  -2.4441809e+06
   2.0943919e+05  -2.4442249e+06
   2.0993725e+05  -2.4442690e+06
   2.1043531e+05  -2.4443130e+06
   2.1093336e+05  -2.4443571e+06
   2.1143142e+05  -2.4444011e+06
   2.1192948e+05  -2.4444452e+06
   2.1242753e+05  -2.4444892e+06
   2.1292559e+05  -2.4445333e+06
   2.1342364e+05  -2.4445773e+06
   2.1392170e+05  -2.4446214e+06
   2.1441976e+05  -2.4446654e+06
   2.1491781e+05  -2.4447095e+06
   2.1541587e+05  -2.4447535e+06
   2.1591393e+05  -2.4447975e+06
   2.1641198e+05  -2.4448416e+06
   2.1691004e+05  -2.4448856e+06
   2.1740809e+05  -2.4449297e+06
   2.1790615e+05  -2.4449737e+06
   2.1840421e+05  -2.4450178e+06
   2.1890226e+05  -2.4450618e+06
   2.1940032e+05  -2.4451059e+06
   2.1989837e+05  -2.4451499e+06
   2.2039643e+05  -2.4451940e+06
   2.2089449e+05  -2.4452380e+06
   2.2139254e+05  -2.4452821e+06
   2.2189060e+05  -2.4453261e+06
   2.2238866e+05  -2.4453701e+06
   2.2288671e+05  -2.4454142e+06
   2.2338477e+05  -2.4454582e+06
   2.2388282e+05  -2.4455023e+06
   2.2438088e+05  -2.4455463e+06
   2.2487894e+05  -2.4455904e+06
   2.2537699e+05  -2.4456344e+06
   2.2587505e+05  -2.4456785e+06
   2.2637310e+05  -2.4457225e+06
   2.2687116e+05  -2.4457666e+06
   2.2736922e+05  -2.4458106e+06
   2.2786727e+05  -2.4458547e+06
   2.2836533e+05  -2.4458987e+06
   2.2886339e+05  -2.4459427e+06
   2.2936144e+05  -2.4459868e+06
   2.2985950e+05  -2.4460308e+06
   2.3035755e+05  -2.4460749e+06
   2.3085561e+05  -2.4461189e+06
   2.3135367e+05  -2.4461630e+06
   2.3185172e+05  -2.4462070e+06
   2.3234978e+05  -2.4462511e+06
   2.3284784e+05  -2.4462951e+06
   2.3334589e+05  -2.4463392e+06
   2.3384395e+05  -2.4463832e+06
   2.3434200e+05  -2.4464272e+06
   2.3484006e+05  -2.4464713e+06
   2.3533812e+05  -2.4465153e+06
   2.3583617e+05  -2.4465594e+06
   2.3633423e+05  -2.4466034e+06
   2.3683228e+05  -2.4466475e+06
   2.3733034e+05  -2.4466915e+06
   2.3782840e+05  -2.4467356e+06
   2.3832645e+05  -2.4467796e+06
   2.3882451e+05  -2.4468237e+06
   2.3932257e+05  -2.4468677e+06
   2.3982062e+05  -2.4469118e+06
   2.4031868e+05  -2.4469558e+06
   2.4081673e+05  -2.4469998e+06
   2.4131479e+05  -2.4470439e+06
   2.4181285e+05  -2.4470879e+06
   2.4231090e+05  -2.4471320e+06
   2.4280896e+05  -2.4471760e+06
   2.4330701e+05  -2.4472201e+06
   2.4380507e+05  -2.4472641e+06
   2.4430313e+05  -2.4473082e+06
   2.4480118e+05  -2.4473522e+06
   2.4529924e+05  -2.4473963e+06
   2.4579730e+05  -2.4474403e+06
   2.4629535e+05  -2.4474844e+06
   2.4679341e+05  -2.4475284e+06
   2.4729146e+05  -2.4475724e+06
   2.4778952e+05  -2.4476165e+06
   2.4828758e+05  -2.4476605e+06
   2.4878563e+05  -2.4477046e+06
   2.4928369e+05  -2.4477486e+06
   2.4978174e+05  -2.4477927e+06
   2.5027980e+05  -2.4478367e+06
   2.5077786e+05  -2.4478808e+06
   2.5127591e+05  -2.4479248e+06
   2.5177397e+05  -2.4479689e+06
   2.5227203e+05  -2.4480129e+06
   2.5277008e+05  -2.4480570e+06
   2.5326814e+05  -2.4481010e+06
   2.5376619e+05  -2.4481450e+06
   2.5426425e+05  -2.4481891e+06
   2.5476231e+05  -2.4482331e+06
   2.5526036e+05  -2.4482772e+06
   2.5575842e+05  -2.4483212e+06
   2.5625648e+05  -2.4483653e+06
   2.5675453e+05  -2.4484093e+06
   2.5725259e+05  -2.4484534e+06
   2.5775064e+05  -2.4484974e+06
   2.5824870e+05  -2.4485415e+06
   2.5874676e+05  -2.4485855e+06
   2.5924481e+05  -2.4486295e+06
   2.5974287e+05  -2.4486736e+06
   2.6024092e+05  -2.4487176e+06
   2.6073898e+05  -2.4487617e+06
   2.6123704e+05  -2.4488057e+06
   2.6173509e+05  -2.4488498e+06
   2.6223315e+05  -2.4488938e+06
   2.6273121e+05  -2.4489379e+06
   2.6322926e+05  -2.4489819e+06
   2.6372732e+05  -2.4490260e+06
   2.6422537e+05  -2.4490700e+06
   2.6472343e+05  -2.4491141e+06
   2.6522149e+05  -2.4491581e+06
   2.6571954e+05  -2.4492021e+06
   2.6621760e+05  -2.4492462e+06
   2.6671565e+05  -2.4492902e+06
   2.6721371e+05  -2.4493343e+06
   2.6771177e+05  -2.4493783e+06
   2.6820982e+05  -2.4494224e+06
   2.6870788e+05  -2.4494664e+06
   2.6920594e+05  -2.4495105e+06
   2.6970399e+05  -2.4495545e+06
   2.7020205e+05  -2.4495986e+06
   2.7070010e+05  -2.4496426e+06
   2.7119816e+05  -2.4496867e+06
   2.7169622e+05  -2.4497307e+06
   2.7219427e+05  -2.4497747e+06
   2.7269233e+05  -2.4498188e+06
   2.7319039e+05  -2.4498628e+06
   2.7368844e+05  -2.4499069e+06
   2.7418650e+05  -2.4499509e+06
   2.7468455e+05  -2.4499950e+06
   2.7518261e+05  -2.4500390e+06
   2.7568067e+05  -2.4500831e+06
   2.7617872e+05  -2.4501271e+06
   2.7667678e+05  -2.4501712e+06
   2.7717483e+05  -2.4502152e+06
   2.7767289e+05  -2.4502592e+06
   2.7817095e+05  -2.4503033e+06
   2.7866900e+05  -2.4503473e+06
   2.7916706e+05  -2.4503914e+06
   2.7966512e+05  -2.4504354e+06
   2.8016317e+05  -2.4504795e+06
   2.8066123e+05  -2.4505235e+06
   2.8115928e+05  -2.4505676e+06
