444 422 0.000000
455 412 0.000000
459 346 1.000000
391 216 1.000000
390 215 1.000000
395 273 1.000000
397 238 0.000000
398 238 0.000000
454 326 0.000000
454 323 0.000000
452 318 0.000000
452 317 0.000000
452 316 0.000000
391 215 0.000000
390 216 0.000000
380 212 0.000000
379 211 0.000000
383 214 0.000000
397 238 0.000000
398 238 0.000000
452 318 0.000000
452 317 0.000000
452 316 0.000000
454 323 0.000000
459 346 1.000000
444 422 0.000000
455 412 0.000000
454 326 0.000000
395 273 1.000000
395 221 0.000000
395 221 1.000000
397 223 0.000000
396 222 0.000000
395 221 0.000000
380 212 0.000000
383 214 0.000000
390 216 0.000000
391 215 0.000000
395 221 0.000000
396 222 0.000000
397 223 0.000000
399 224 0.000000
401 227 1.000000
401 226 0.000000
401 227 0.000000
397 238 0.000000
398 238 0.000000
394 273 0.000000
452 318 0.000000
452 317 0.000000
452 316 0.000000
454 323 0.000000
452 305 0.000000
452 304 0.000000
452 303 0.000000
454 326 0.000000
459 346 1.000000
444 422 0.000000
455 412 0.000000
448 420 0.000000
445 415 0.000000
438 407 1.000000
456 402 1.000000
457 392 0.000000
460 339 1.000000
458 358 0.000000
455 316 0.000000
422 290 0.000000
399 265 0.000000
399 231 0.000000
400 231 0.000000
392 209 0.000000
393 208 0.000000
382 204 0.000000
382 205 0.000000
382 202 0.000000
399 216 0.000000
398 215 0.000000
397 214 0.000000
438 408 0.000000
438 407 0.000000
438 406 0.000000
439 410 0.000000
439 404 0.000000
438 406 1.000000
438 406 0.000000
438 405 0.000000
456 407 0.000000
456 406 0.000000
456 405 0.000000
456 404 0.000000
456 403 0.000000
456 402 0.000000
456 401 0.000000
456 400 0.000000
456 399 0.000000
456 398 0.000000
456 397 0.000000
456 396 0.000000
456 396 1.000000
456 395 0.000000
456 396 0.000000
457 405 0.000000
457 404 0.000000
457 403 0.000000
457 402 0.000000
457 401 0.000000
457 400 0.000000
457 399 0.000000
457 398 0.000000
457 397 0.000000
457 396 0.000000
457 395 0.000000
457 394 0.000000
460 339 0.000000
460 340 0.000000
460 341 0.000000
460 342 0.000000
460 342 1.000000
461 344 0.000000
461 343 0.000000
460 342 0.000000
459 338 0.000000
456 333 0.000000
456 332 0.000000
456 332 1.000000
456 332 0.000000
457 335 0.000000
457 336 0.000000
458 338 1.000000
458 337 0.000000
458 338 0.000000
461 342 0.000000
442 416 1.000000
439 408 1.000000
439 407 1.000000
438 407 1.000000
439 405 1.000000
446 419 1.000000
447 419 1.000000
441 407 0.000000
441 406 0.000000
440 404 1.000000
440 400 1.000000
443 396 0.000000
444 395 0.000000
455 397 0.000000
457 390 1.000000
447 395 0.000000
443 410 1.000000
459 340 1.000000
460 339 1.000000
459 339 1.000000
442 342 1.000000
444 341 1.000000
441 351 0.000000
435 340 0.000000
434 339 0.000000
441 339 0.000000
439 339 1.000000
439 338 1.000000
440 339 1.000000
441 339 1.000000
444 337 0.000000
444 337 1.000000
443 337 0.000000
443 336 0.000000
444 336 0.000000
444 337 0.000000
444 329 0.000000
445 329 0.000000
444 328 0.000000
444 327 0.000000
444 326 0.000000
445 326 0.000000
446 326 0.000000
447 326 0.000000
443 325 0.000000
459 350 0.000000
459 349 0.000000
459 348 0.000000
459 347 0.000000
445 323 0.000000
446 323 0.000000
447 323 0.000000
448 323 0.000000
449 323 0.000000
447 324 0.000000
446 325 0.000000
446 324 0.000000
445 325 0.000000
445 324 0.000000
392 208 1.000000
382 204 0.000000
397 214 0.000000
398 215 0.000000
399 216 0.000000
400 217 0.000000
402 218 0.000000
403 220 0.000000
402 234 0.000000
403 234 1.000000
403 234 0.000000
406 237 0.000000
413 235 0.000000
412 235 0.000000
412 244 0.000000
411 244 0.000000
410 244 0.000000
410 243 0.000000
411 243 0.000000
411 242 0.000000
410 242 0.000000
410 241 0.000000
410 240 0.000000
410 239 0.000000
409 239 0.000000
408 239 0.000000
408 240 0.000000
408 241 0.000000
408 242 0.000000
408 256 0.000000
409 256 0.000000
409 255 0.000000
408 255 0.000000
409 254 0.000000
409 253 0.000000
409 251 0.000000
408 251 0.000000
408 250 0.000000
408 254 0.000000
408 253 0.000000
407 254 0.000000
407 253 0.000000
407 252 0.000000
407 251 0.000000
407 250 0.000000
407 249 0.000000
406 250 0.000000
406 251 0.000000
406 253 0.000000
406 254 0.000000
406 255 0.000000
405 254 0.000000
405 253 0.000000
405 252 0.000000
406 252 0.000000
405 251 0.000000
405 250 0.000000
404 250 0.000000
404 251 0.000000
404 252 0.000000
404 253 0.000000
403 253 0.000000
403 252 0.000000
403 251 0.000000
402 251 0.000000
402 250 0.000000
403 250 0.000000
401 260 1.000000
395 265 1.000000
396 265 1.000000
416 247 0.000000
423 243 0.000000
423 242 0.000000
422 242 0.000000
422 243 0.000000
422 244 0.000000
421 245 0.000000
421 244 0.000000
421 243 0.000000
421 242 0.000000
421 241 0.000000
420 240 0.000000
420 241 0.000000
420 242 0.000000
420 243 0.000000
420 244 0.000000
420 245 0.000000
420 246 0.000000
419 245 0.000000
419 244 0.000000
419 243 0.000000
418 243 0.000000
418 242 0.000000
419 242 0.000000
418 241 0.000000
419 241 0.000000
419 240 0.000000
418 240 0.000000
418 239 0.000000
419 239 0.000000
419 239 1.000000
414 244 0.000000
414 245 0.000000
415 245 0.000000
416 245 0.000000
417 245 0.000000
418 245 0.000000
419 239 0.000000
418 238 0.000000
401 261 0.000000
401 260 0.000000
394 263 1.000000
406 266 0.000000
406 265 0.000000
405 265 0.000000
405 264 0.000000
409 267 0.000000
409 266 0.000000
409 265 0.000000
409 264 0.000000
409 263 0.000000
409 262 0.000000
409 261 0.000000
409 260 0.000000
409 257 0.000000
409 258 0.000000
408 257 0.000000
408 258 0.000000
408 259 0.000000
408 260 0.000000
408 261 0.000000
408 263 0.000000
408 264 0.000000
408 262 0.000000
407 263 0.000000
407 262 0.000000
407 261 0.000000
407 260 0.000000
407 259 0.000000
407 258 0.000000
405 258 0.000000
406 259 0.000000
405 259 0.000000
405 260 0.000000
406 260 0.000000
406 261 0.000000
406 262 0.000000
406 258 0.000000
411 255 0.000000
412 255 0.000000
432 258 0.000000
432 257 0.000000
431 258 0.000000
431 257 0.000000
430 257 0.000000
430 256 0.000000
431 256 0.000000
431 254 0.000000
430 254 0.000000
430 255 0.000000
429 255 0.000000
429 254 0.000000
429 253 0.000000
428 252 0.000000
428 253 0.000000
428 254 0.000000
428 256 1.000000
427 254 0.000000
427 253 0.000000
427 252 0.000000
427 251 0.000000
428 256 0.000000
428 255 0.000000
422 258 1.000000
414 256 0.000000
414 255 0.000000
413 255 0.000000
413 254 0.000000
412 254 0.000000
413 253 0.000000
414 253 0.000000
426 248 0.000000
427 244 1.000000
425 263 0.000000
424 263 0.000000
424 262 0.000000
425 262 0.000000
426 262 0.000000
427 262 0.000000
427 261 0.000000
414 252 0.000000
453 312 0.000000
453 311 0.000000
453 310 0.000000
453 309 0.000000
454 308 0.000000
454 307 0.000000
454 306 0.000000
454 305 0.000000
453 304 0.000000
453 305 0.000000
453 306 0.000000
453 307 0.000000
453 308 0.000000
454 304 0.000000
454 303 0.000000
453 302 0.000000
454 302 0.000000
453 301 0.000000
453 300 0.000000
453 299 0.000000
453 298 0.000000
453 297 0.000000
453 296 0.000000
453 295 0.000000
453 294 0.000000
452 291 1.000000
451 291 1.000000
452 289 1.000000
453 288 0.000000
453 286 0.000000
453 287 0.000000
453 288 1.000000
449 282 0.000000
446 322 0.000000
446 321 0.000000
446 320 0.000000
446 319 0.000000
455 319 1.000000
455 318 1.000000
455 315 1.000000
453 315 1.000000
454 314 0.000000
454 315 0.000000
453 315 0.000000
446 318 0.000000
446 317 0.000000
446 316 0.000000
446 315 0.000000
446 314 0.000000
446 313 0.000000
446 312 0.000000
446 312 1.000000
447 312 0.000000
447 311 0.000000
446 311 0.000000
446 312 0.000000
445 320 0.000000
445 319 0.000000
445 318 0.000000
445 317 0.000000
445 316 0.000000
445 315 0.000000
445 314 0.000000
445 313 0.000000
445 312 0.000000
445 311 0.000000
445 310 0.000000
445 309 0.000000
445 308 0.000000
445 305 0.000000
445 306 0.000000
444 305 0.000000
444 306 0.000000
444 307 0.000000
444 308 0.000000
444 309 0.000000
444 310 0.000000
444 311 0.000000
444 312 0.000000
444 313 0.000000
444 314 0.000000
444 315 0.000000
444 318 0.000000
444 317 0.000000
442 308 0.000000
442 307 0.000000
443 307 0.000000
443 306 0.000000
443 305 0.000000
442 305 0.000000
442 306 0.000000
441 306 0.000000
441 305 0.000000
441 304 0.000000
440 303 0.000000
440 304 0.000000
440 305 0.000000
440 306 0.000000
439 306 0.000000
439 305 0.000000
438 304 0.000000
439 304 0.000000
439 302 0.000000
439 303 0.000000
436 303 0.000000
434 301 0.000000
434 300 0.000000
434 299 0.000000
434 298 0.000000
436 296 0.000000
436 297 0.000000
436 298 0.000000
436 299 0.000000
436 300 0.000000
435 300 0.000000
435 301 0.000000
435 302 0.000000
433 298 0.000000
433 297 0.000000
433 296 0.000000
433 293 0.000000
433 294 0.000000
432 293 0.000000
432 294 0.000000
432 295 0.000000
432 296 0.000000
432 297 0.000000
428 292 0.000000
429 292 0.000000
430 292 0.000000
431 293 0.000000
431 292 0.000000
431 291 0.000000
432 290 0.000000
431 288 0.000000
430 287 0.000000
429 285 0.000000
428 284 0.000000
428 283 0.000000
428 281 0.000000
427 282 0.000000
426 281 0.000000
426 280 0.000000
426 279 0.000000
427 279 0.000000
426 278 0.000000
426 277 0.000000
425 277 0.000000
425 278 0.000000
425 279 0.000000
425 280 0.000000
424 282 0.000000
424 281 0.000000
423 282 0.000000
423 281 0.000000
422 281 0.000000
422 280 0.000000
421 280 0.000000
421 279 0.000000
421 278 0.000000
421 277 0.000000
422 277 0.000000
423 277 0.000000
424 277 0.000000
424 278 0.000000
424 279 0.000000
423 278 0.000000
418 277 0.000000
419 277 0.000000
420 277 0.000000
420 278 0.000000
450 280 0.000000
452 278 0.000000
450 279 0.000000
449 279 0.000000
449 278 0.000000
450 278 0.000000
451 277 0.000000
450 277 0.000000
449 277 0.000000
408 275 1.000000
409 275 1.000000
451 275 0.000000
451 274 0.000000
451 276 0.000000
450 276 0.000000
450 275 0.000000
449 276 0.000000
449 275 0.000000
449 274 0.000000
448 274 0.000000
448 275 0.000000
448 276 0.000000
447 273 0.000000
448 273 0.000000
448 272 0.000000
448 271 0.000000
449 271 0.000000
448 270 0.000000
448 269 0.000000
448 268 0.000000
447 268 0.000000
447 267 0.000000
446 266 0.000000
447 272 0.000000
447 271 0.000000
447 270 0.000000
446 271 0.000000
446 270 0.000000
442 266 0.000000
443 265 0.000000
443 264 0.000000
443 263 0.000000
444 264 0.000000
444 265 0.000000
445 265 0.000000
442 263 0.000000
441 263 0.000000
441 262 0.000000
442 262 0.000000
441 261 0.000000
440 258 0.000000
440 259 0.000000
440 260 0.000000
440 261 0.000000
440 262 0.000000
439 261 0.000000
439 260 0.000000
439 259 0.000000
439 258 0.000000
439 257 0.000000
438 256 0.000000
438 257 0.000000
438 258 0.000000
438 259 0.000000
438 260 0.000000
437 260 0.000000
437 259 0.000000
435 259 0.000000
436 259 0.000000
436 260 0.000000
436 262 0.000000
436 263 0.000000
436 264 0.000000
435 265 0.000000
434 266 0.000000
434 267 0.000000
433 268 0.000000
432 268 0.000000
431 268 0.000000
431 269 0.000000
430 269 0.000000
429 269 0.000000
430 269 1.000000
425 276 0.000000
427 275 0.000000
427 274 0.000000
427 274 1.000000
427 274 0.000000
427 273 0.000000
427 272 0.000000
427 271 0.000000
427 270 0.000000
427 268 0.000000
427 269 0.000000
430 268 0.000000
430 269 0.000000
430 272 0.000000
430 272 1.000000
430 273 0.000000
429 274 0.000000
429 273 0.000000
429 272 0.000000
429 271 0.000000
429 270 0.000000
430 271 0.000000
430 272 0.000000
428 270 0.000000
428 271 0.000000
428 272 0.000000
428 273 0.000000
428 274 0.000000
428 275 0.000000
423 276 0.000000
423 275 0.000000
423 274 0.000000
423 273 0.000000
423 272 0.000000
423 271 0.000000
423 270 0.000000
423 269 0.000000
423 268 0.000000
423 267 0.000000
423 266 0.000000
423 265 0.000000
423 264 0.000000
423 263 0.000000
423 262 0.000000
423 260 0.000000
423 258 0.000000
423 259 0.000000
424 264 0.000000
424 265 0.000000
424 266 0.000000
424 267 0.000000
425 268 0.000000
425 269 0.000000
425 270 0.000000
425 271 0.000000
425 272 0.000000
425 273 0.000000
426 273 0.000000
426 272 0.000000
426 271 0.000000
426 270 0.000000
426 269 0.000000
426 268 0.000000
425 265 0.000000
425 266 0.000000
424 268 0.000000
424 269 0.000000
424 270 0.000000
424 271 0.000000
424 272 0.000000
424 273 0.000000
424 274 0.000000
424 275 0.000000
412 269 0.000000
412 268 0.000000
412 267 0.000000
412 266 0.000000
412 265 0.000000
412 264 0.000000
412 262 0.000000
412 261 0.000000
412 260 0.000000
412 259 0.000000
412 258 0.000000
412 256 0.000000
412 257 0.000000
413 257 0.000000
413 258 0.000000
410 268 0.000000
410 268 1.000000
410 267 0.000000
410 268 0.000000
410 265 0.000000
410 264 0.000000
410 263 0.000000
410 262 0.000000
410 261 0.000000
410 260 0.000000
410 259 0.000000
410 258 0.000000
410 257 0.000000
410 256 0.000000
411 256 0.000000
411 257 0.000000
411 258 0.000000
411 259 0.000000
411 260 0.000000
411 268 0.000000
411 267 0.000000
411 266 0.000000
411 265 0.000000
411 264 0.000000
411 263 0.000000
411 262 0.000000
413 270 0.000000
413 269 0.000000
413 267 0.000000
413 266 0.000000
413 265 0.000000
413 264 0.000000
413 263 0.000000
413 262 0.000000
413 261 0.000000
413 260 0.000000
413 259 0.000000
414 257 0.000000
414 258 0.000000
414 259 0.000000
414 260 0.000000
414 261 0.000000
414 262 0.000000
414 263 0.000000
414 264 0.000000
414 265 0.000000
414 266 0.000000
414 267 0.000000
414 268 0.000000
414 270 0.000000
415 271 0.000000
415 270 0.000000
415 269 0.000000
415 267 0.000000
415 266 0.000000
415 265 0.000000
415 264 0.000000
415 263 0.000000
415 262 0.000000
415 261 0.000000
415 260 0.000000
415 259 0.000000
415 258 0.000000
415 257 0.000000
415 256 0.000000
416 256 0.000000
416 257 0.000000
416 259 0.000000
416 258 0.000000
416 260 0.000000
416 262 0.000000
416 262 1.000000
416 263 0.000000
416 261 0.000000
416 262 0.000000
416 264 0.000000
416 265 0.000000
416 266 0.000000
416 267 0.000000
416 268 0.000000
416 269 0.000000
414 269 0.000000
416 270 0.000000
416 273 0.000000
416 272 0.000000
416 271 0.000000
417 276 0.000000
417 275 0.000000
417 274 0.000000
417 273 0.000000
417 272 0.000000
417 271 0.000000
417 270 0.000000
417 269 0.000000
417 268 0.000000
417 267 0.000000
417 266 0.000000
417 265 0.000000
417 264 0.000000
417 263 0.000000
417 262 0.000000
417 261 0.000000
417 260 0.000000
417 259 0.000000
417 258 0.000000
418 258 0.000000
418 259 0.000000
418 260 0.000000
418 261 0.000000
418 262 0.000000
418 263 0.000000
418 264 0.000000
418 265 0.000000
418 266 0.000000
418 267 0.000000
418 269 0.000000
418 270 0.000000
418 268 0.000000
418 271 0.000000
418 272 0.000000
418 273 0.000000
418 274 0.000000
418 275 0.000000
418 276 0.000000
419 276 0.000000
419 275 0.000000
419 274 0.000000
419 273 0.000000
419 272 0.000000
419 271 0.000000
419 270 0.000000
419 269 0.000000
419 268 0.000000
419 267 0.000000
419 266 0.000000
419 265 0.000000
419 264 0.000000
419 263 0.000000
419 262 0.000000
419 261 0.000000
419 260 0.000000
419 259 0.000000
419 258 0.000000
420 259 0.000000
420 260 0.000000
420 261 0.000000
420 262 0.000000
420 263 0.000000
420 264 0.000000
420 265 0.000000
420 266 0.000000
420 267 0.000000
420 269 0.000000
420 270 0.000000
420 271 0.000000
420 272 0.000000
420 273 0.000000
420 274 0.000000
420 275 0.000000
420 276 0.000000
421 276 0.000000
421 275 0.000000
421 274 0.000000
421 273 0.000000
421 272 0.000000
421 271 0.000000
421 270 0.000000
421 269 0.000000
421 268 0.000000
420 268 0.000000
422 258 0.000000
422 259 0.000000
422 260 0.000000
422 262 0.000000
422 262 1.000000
422 264 0.000000
422 265 0.000000
422 266 0.000000
422 268 0.000000
422 269 0.000000
422 270 0.000000
422 271 0.000000
422 272 0.000000
422 273 0.000000
422 274 0.000000
421 275 1.000000
422 276 0.000000
422 275 0.000000
421 275 0.000000
421 267 0.000000
422 267 0.000000
421 266 0.000000
421 265 0.000000
421 264 0.000000
421 263 0.000000
422 263 0.000000
422 262 0.000000
421 262 0.000000
421 261 0.000000
422 261 0.000000
421 260 0.000000
421 259 0.000000
444 398 0.000000
442 397 0.000000
446 390 0.000000
446 387 0.000000
447 389 0.000000
478 326 0.000000
460 355 0.000000
460 354 0.000000
460 353 0.000000
460 352 0.000000
457 338 0.000000
456 337 0.000000
456 336 0.000000
445 351 0.000000
446 351 0.000000
457 357 0.000000
447 351 0.000000
457 341 1.000000
457 340 1.000000
456 342 1.000000
456 341 1.000000
454 341 1.000000
454 340 1.000000
453 339 1.000000
453 338 1.000000
452 338 1.000000
451 338 1.000000
450 338 1.000000
449 338 1.000000
448 338 1.000000
450 337 1.000000
451 337 1.000000
452 337 1.000000
453 337 1.000000
450 344 1.000000
450 343 1.000000
450 341 1.000000
450 339 1.000000
450 340 1.000000
450 342 1.000000
449 342 1.000000
449 341 1.000000
449 340 1.000000
449 339 1.000000
448 339 1.000000
448 340 1.000000
448 341 1.000000
448 342 1.000000
451 343 1.000000
452 342 1.000000
453 341 1.000000
453 340 1.000000
452 340 1.000000
452 341 1.000000
451 342 1.000000
451 341 1.000000
451 340 1.000000
451 339 1.000000
452 339 1.000000
455 341 1.000000
455 340 1.000000
455 339 1.000000
454 339 1.000000
454 338 1.000000
453 342 1.000000
454 342 1.000000
452 343 1.000000
458 342 1.000000
456 342 0.000000
455 342 1.000000
457 340 0.000000
457 340 1.000000
456 341 0.000000
444 338 0.000000
445 338 0.000000
447 338 0.000000
448 338 0.000000
447 338 1.000000
445 339 0.000000
446 339 0.000000
446 338 0.000000
447 338 0.000000
447 339 0.000000
445 339 1.000000
449 338 0.000000
450 337 0.000000
446 339 1.000000
447 339 1.000000
456 341 1.000000
456 340 1.000000
451 348 1.000000
452 348 1.000000
451 347 1.000000
450 348 1.000000
452 348 0.000000
398 231 1.000000
478 327 0.000000
478 326 1.000000
478 327 1.000000
453 401 1.000000
453 397 1.000000
455 404 0.000000
455 403 0.000000
455 397 0.000000
455 396 0.000000
457 390 1.000000
447 388 0.000000
444 395 0.000000
442 400 0.000000
442 399 0.000000
439 407 1.000000
439 405 1.000000
441 408 0.000000
441 407 0.000000
441 406 0.000000
441 405 0.000000
450 419 0.000000
450 418 0.000000
449 418 0.000000
449 417 0.000000
448 417 0.000000
448 419 1.000000
447 419 1.000000
445 411 0.000000
455 407 0.000000
446 390 0.000000
447 389 0.000000
447 386 0.000000
448 386 1.000000
448 386 0.000000
448 388 0.000000
443 397 0.000000
443 396 0.000000
444 398 0.000000
442 397 0.000000
439 400 0.000000
440 400 1.000000
439 400 1.000000
432 348 0.000000
433 348 0.000000
431 346 0.000000
432 346 0.000000
433 347 0.000000
433 345 0.000000
433 346 0.000000
433 338 0.000000
434 339 0.000000
435 340 0.000000
439 339 1.000000
440 339 1.000000
442 332 0.000000
444 332 1.000000
447 332 0.000000
447 331 0.000000
460 355 0.000000
461 352 0.000000
460 354 0.000000
460 353 0.000000
460 352 0.000000
459 352 0.000000
459 351 0.000000
459 350 0.000000
459 349 0.000000
459 348 0.000000
459 347 0.000000
461 351 0.000000
461 350 0.000000
458 340 0.000000
459 341 0.000000
459 342 0.000000
458 341 0.000000
459 339 1.000000
460 342 0.000000
460 344 1.000000
460 344 0.000000
460 343 0.000000
445 351 0.000000
446 351 0.000000
448 351 0.000000
447 351 0.000000
441 351 0.000000
444 352 0.000000
457 357 0.000000
455 336 1.000000
454 334 0.000000
454 333 0.000000
452 332 0.000000
451 332 0.000000
443 332 0.000000
444 332 0.000000
444 333 1.000000
448 333 0.000000
450 333 0.000000
449 333 0.000000
445 333 1.000000
456 335 0.000000
456 334 0.000000
456 333 0.000000
457 335 0.000000
457 334 0.000000
456 332 0.000000
456 331 0.000000
456 330 0.000000
455 331 0.000000
457 335 1.000000
457 334 1.000000
456 338 0.000000
442 325 0.000000
443 325 0.000000
444 326 0.000000
444 327 0.000000
444 328 0.000000
444 329 0.000000
445 329 0.000000
455 328 0.000000
455 327 0.000000
455 326 0.000000
455 325 0.000000
455 324 0.000000
445 326 0.000000
446 326 0.000000
447 326 0.000000
445 325 0.000000
446 325 0.000000
445 324 0.000000
446 324 0.000000
447 324 0.000000
445 323 0.000000
446 323 0.000000
446 322 0.000000
446 321 0.000000
446 320 0.000000
446 319 0.000000
446 318 0.000000
446 317 0.000000
446 316 0.000000
446 315 0.000000
446 314 0.000000
446 313 0.000000
446 312 0.000000
446 311 0.000000
447 311 0.000000
447 312 0.000000
445 320 0.000000
445 320 1.000000
455 323 0.000000
455 322 0.000000
455 321 0.000000
455 320 0.000000
449 323 0.000000
448 323 0.000000
447 323 0.000000
438 304 0.000000
439 302 0.000000
439 303 0.000000
439 304 0.000000
439 305 0.000000
439 306 0.000000
440 306 0.000000
440 305 0.000000
440 304 0.000000
440 303 0.000000
441 304 0.000000
441 305 0.000000
441 306 0.000000
442 305 0.000000
442 306 0.000000
442 307 0.000000
442 307 1.000000
442 308 0.000000
442 307 0.000000
443 308 0.000000
443 307 0.000000
443 306 0.000000
443 305 0.000000
444 305 0.000000
444 306 0.000000
444 307 0.000000
444 308 0.000000
444 309 0.000000
444 310 0.000000
444 311 0.000000
444 312 0.000000
444 313 0.000000
444 314 0.000000
444 315 0.000000
444 317 0.000000
444 318 0.000000
445 320 0.000000
445 319 0.000000
445 319 1.000000
445 317 0.000000
445 319 0.000000
445 318 0.000000
445 316 0.000000
445 315 0.000000
445 314 0.000000
445 313 0.000000
445 311 0.000000
445 310 0.000000
445 309 0.000000
445 308 0.000000
445 306 0.000000
445 305 0.000000
445 312 0.000000
436 303 0.000000
435 302 0.000000
435 301 0.000000
435 300 0.000000
436 300 0.000000
436 298 0.000000
436 297 0.000000
436 296 0.000000
436 299 0.000000
434 301 0.000000
434 300 0.000000
434 299 0.000000
434 298 0.000000
433 299 0.000000
433 298 0.000000
433 297 0.000000
433 296 0.000000
433 294 0.000000
433 293 0.000000
431 291 0.000000
432 290 0.000000
431 292 0.000000
431 293 0.000000
429 292 0.000000
430 292 0.000000
430 292 1.000000
431 297 0.000000
432 297 0.000000
432 296 0.000000
432 295 0.000000
432 294 0.000000
432 293 0.000000
430 292 0.000000
453 294 0.000000
453 296 0.000000
453 296 1.000000
453 295 0.000000
453 297 0.000000
453 296 0.000000
453 298 0.000000
453 299 0.000000
453 300 0.000000
453 301 0.000000
453 302 0.000000
454 303 0.000000
454 306 0.000000
454 305 0.000000
454 304 0.000000
453 304 0.000000
453 305 0.000000
453 312 0.000000
453 311 0.000000
453 310 0.000000
453 309 0.000000
453 308 0.000000
453 307 0.000000
454 307 0.000000
453 306 0.000000
455 315 1.000000
454 319 0.000000
454 318 0.000000
454 317 0.000000
454 316 0.000000
454 315 0.000000
454 314 0.000000
454 302 0.000000
431 288 0.000000
451 290 0.000000
453 287 0.000000
453 286 0.000000
459 295 0.000000
422 281 0.000000
422 280 0.000000
422 277 0.000000
422 276 0.000000
422 275 0.000000
422 274 0.000000
422 273 0.000000
422 272 0.000000
422 271 0.000000
422 270 0.000000
422 269 0.000000
422 268 0.000000
422 267 0.000000
422 266 0.000000
422 265 0.000000
422 264 0.000000
422 263 0.000000
422 262 0.000000
422 261 0.000000
422 260 0.000000
422 259 0.000000
423 258 0.000000
423 259 0.000000
423 260 0.000000
423 262 0.000000
423 263 0.000000
424 264 0.000000
423 265 0.000000
423 267 0.000000
423 268 0.000000
423 269 0.000000
423 270 0.000000
423 271 0.000000
423 272 0.000000
423 273 0.000000
423 274 0.000000
423 276 0.000000
423 278 0.000000
423 283 1.000000
424 282 0.000000
423 283 0.000000
423 282 0.000000
423 281 0.000000
424 281 0.000000
424 278 0.000000
424 277 0.000000
424 276 0.000000
424 275 0.000000
424 274 0.000000
424 273 0.000000
424 272 0.000000
424 271 0.000000
424 270 0.000000
424 269 0.000000
424 268 0.000000
424 267 0.000000
424 266 0.000000
424 265 0.000000
425 261 0.000000
425 262 0.000000
425 263 0.000000
425 264 0.000000
425 265 0.000000
425 266 0.000000
425 268 0.000000
425 269 0.000000
425 270 0.000000
425 271 0.000000
425 272 0.000000
425 273 0.000000
430 287 0.000000
429 285 0.000000
429 283 0.000000
428 284 0.000000
428 283 0.000000
428 281 0.000000
427 282 0.000000
427 279 0.000000
427 280 0.000000
427 278 0.000000
427 277 0.000000
426 281 0.000000
426 280 0.000000
426 279 0.000000
426 278 0.000000
426 277 0.000000
425 276 0.000000
425 277 0.000000
425 278 0.000000
425 279 0.000000
425 280 0.000000
425 280 1.000000
408 275 1.000000
400 261 0.000000
401 261 0.000000
403 259 0.000000
403 260 0.000000
403 261 0.000000
404 262 0.000000
404 261 0.000000
404 260 0.000000
404 259 0.000000
405 258 0.000000
405 259 0.000000
405 260 0.000000
405 261 0.000000
405 262 0.000000
405 263 0.000000
405 264 0.000000
405 265 0.000000
406 266 0.000000
406 265 0.000000
406 264 0.000000
406 263 0.000000
406 262 0.000000
406 261 0.000000
406 260 0.000000
406 259 0.000000
406 258 0.000000
407 258 0.000000
407 259 0.000000
407 260 0.000000
407 261 0.000000
407 262 0.000000
407 263 0.000000
407 264 0.000000
407 265 0.000000
408 267 0.000000
408 266 0.000000
408 265 0.000000
408 264 0.000000
408 263 0.000000
408 262 0.000000
408 261 0.000000
408 260 0.000000
408 259 0.000000
408 258 0.000000
409 258 0.000000
409 259 1.000000
409 261 0.000000
409 262 0.000000
409 263 0.000000
409 264 0.000000
409 265 0.000000
409 266 0.000000
409 267 0.000000
409 268 0.000000
410 268 0.000000
410 267 0.000000
410 265 0.000000
410 264 0.000000
410 263 0.000000
410 262 0.000000
410 261 0.000000
410 260 0.000000
409 260 0.000000
409 259 0.000000
410 259 0.000000
410 258 0.000000
411 269 0.000000
411 268 0.000000
411 267 0.000000
411 265 0.000000
411 266 0.000000
411 264 0.000000
411 263 0.000000
411 262 0.000000
411 260 0.000000
411 259 0.000000
411 258 0.000000
412 270 0.000000
412 269 0.000000
412 268 0.000000
412 267 0.000000
412 266 0.000000
412 265 0.000000
412 264 0.000000
412 261 0.000000
412 262 0.000000
412 260 0.000000
412 259 0.000000
412 258 0.000000
413 271 0.000000
413 270 0.000000
413 269 0.000000
413 267 0.000000
413 266 0.000000
413 265 0.000000
413 264 0.000000
413 264 1.000000
413 262 0.000000
413 264 0.000000
413 263 0.000000
413 261 0.000000
413 260 0.000000
413 259 0.000000
413 258 0.000000
414 258 0.000000
414 259 0.000000
414 260 0.000000
414 261 0.000000
414 262 0.000000
414 263 0.000000
414 264 0.000000
414 265 0.000000
414 266 0.000000
414 267 0.000000
414 267 1.000000
414 269 0.000000
414 268 0.000000
414 267 0.000000
414 272 0.000000
414 271 0.000000
414 270 0.000000
415 272 0.000000
415 271 0.000000
415 270 0.000000
415 269 0.000000
415 267 0.000000
415 266 0.000000
415 265 0.000000
415 264 0.000000
415 263 0.000000
415 262 0.000000
415 261 0.000000
415 260 0.000000
415 259 0.000000
415 258 0.000000
416 258 0.000000
416 259 0.000000
416 260 0.000000
416 261 0.000000
416 262 0.000000
416 263 0.000000
416 264 0.000000
416 265 0.000000
416 266 0.000000
416 267 0.000000
416 268 0.000000
416 269 0.000000
416 270 0.000000
416 271 0.000000
416 272 0.000000
416 273 0.000000
417 276 0.000000
417 275 0.000000
417 274 0.000000
417 273 0.000000
417 272 0.000000
417 271 0.000000
417 270 0.000000
417 269 0.000000
417 268 0.000000
417 267 0.000000
417 266 0.000000
417 265 0.000000
417 264 0.000000
417 263 0.000000
417 262 0.000000
417 261 0.000000
417 260 0.000000
417 260 1.000000
417 259 0.000000
417 260 0.000000
417 258 0.000000
421 280 0.000000
425 280 0.000000
424 279 0.000000
423 277 0.000000
423 275 0.000000
421 279 0.000000
421 278 0.000000
421 277 0.000000
421 276 0.000000
421 275 0.000000
421 274 0.000000
421 273 0.000000
421 272 0.000000
421 271 0.000000
421 270 0.000000
421 269 0.000000
421 268 0.000000
421 267 0.000000
421 266 0.000000
421 265 0.000000
421 264 0.000000
421 263 0.000000
421 262 0.000000
421 261 0.000000
421 260 0.000000
421 259 0.000000
420 259 0.000000
420 260 0.000000
420 261 0.000000
420 263 0.000000
420 262 0.000000
420 264 0.000000
420 265 0.000000
420 266 0.000000
420 267 0.000000
420 268 0.000000
420 270 0.000000
420 271 0.000000
420 272 0.000000
420 273 0.000000
420 275 0.000000
420 275 1.000000
420 277 0.000000
420 278 0.000000
420 276 0.000000
420 274 0.000000
419 274 0.000000
419 277 0.000000
418 277 0.000000
418 276 0.000000
418 275 0.000000
418 274 0.000000
418 273 0.000000
418 272 0.000000
418 271 0.000000
418 270 0.000000
418 269 0.000000
418 268 0.000000
418 267 0.000000
418 266 0.000000
418 265 0.000000
418 264 0.000000
418 263 0.000000
418 262 0.000000
418 261 0.000000
418 260 0.000000
418 259 0.000000
418 258 0.000000
419 258 0.000000
419 259 0.000000
419 260 0.000000
419 261 0.000000
419 263 0.000000
419 263 1.000000
419 265 0.000000
419 266 0.000000
419 267 0.000000
419 268 0.000000
419 269 0.000000
420 269 0.000000
419 270 0.000000
419 271 0.000000
419 272 0.000000
419 273 0.000000
420 275 0.000000
419 275 0.000000
419 276 0.000000
417 286 1.000000
417 286 0.000000
417 285 0.000000
419 264 0.000000
419 263 0.000000
419 262 0.000000
423 264 0.000000
423 266 0.000000
431 261 0.000000
432 263 0.000000
432 264 0.000000
436 262 0.000000
436 263 0.000000
436 264 0.000000
435 264 0.000000
435 265 0.000000
435 266 0.000000
434 266 0.000000
434 267 0.000000
433 268 0.000000
432 268 0.000000
431 268 0.000000
431 269 0.000000
430 269 0.000000
430 271 0.000000
430 272 0.000000
430 273 0.000000
430 274 0.000000
429 275 0.000000
429 274 0.000000
429 273 0.000000
429 272 0.000000
429 271 0.000000
429 270 0.000000
429 269 0.000000
430 268 0.000000
430 270 0.000000
428 269 0.000000
428 270 0.000000
428 271 0.000000
428 272 0.000000
428 273 0.000000
428 275 0.000000
428 274 0.000000
427 275 0.000000
427 274 0.000000
427 273 0.000000
427 272 0.000000
427 271 0.000000
427 270 0.000000
427 269 0.000000
427 268 0.000000
427 267 0.000000
426 268 0.000000
426 269 0.000000
426 270 0.000000
426 271 0.000000
426 272 0.000000
426 273 0.000000
424 263 0.000000
424 262 0.000000
426 262 0.000000
426 261 0.000000
427 261 0.000000
427 262 0.000000
428 262 0.000000
431 258 0.000000
432 258 0.000000
433 258 0.000000
450 282 0.000000
449 282 0.000000
451 275 0.000000
451 276 0.000000
452 283 0.000000
452 282 0.000000
452 279 0.000000
452 278 0.000000
450 280 0.000000
450 279 0.000000
450 278 0.000000
450 277 0.000000
450 276 0.000000
450 275 0.000000
451 277 0.000000
449 279 0.000000
449 278 0.000000
449 277 0.000000
449 276 0.000000
449 275 0.000000
449 274 0.000000
449 271 0.000000
448 277 0.000000
448 276 0.000000
448 275 0.000000
448 274 0.000000
448 273 0.000000
448 272 0.000000
448 271 0.000000
448 270 0.000000
448 269 0.000000
448 268 0.000000
448 268 1.000000
447 274 0.000000
447 273 0.000000
447 272 0.000000
447 271 0.000000
446 271 0.000000
446 270 0.000000
447 270 0.000000
448 268 0.000000
447 268 0.000000
447 267 0.000000
446 265 0.000000
446 266 0.000000
445 266 0.000000
445 265 0.000000
442 266 0.000000
443 265 0.000000
443 264 0.000000
443 263 0.000000
444 263 0.000000
444 264 0.000000
444 265 0.000000
442 263 0.000000
442 262 0.000000
441 263 0.000000
441 262 0.000000
441 261 0.000000
440 262 0.000000
440 261 0.000000
440 260 0.000000
440 259 0.000000
440 258 0.000000
439 258 0.000000
439 259 0.000000
439 260 0.000000
439 261 0.000000
438 260 0.000000
438 259 0.000000
438 258 0.000000
437 259 0.000000
437 260 0.000000
436 260 0.000000
436 259 0.000000
435 259 0.000000
434 259 0.000000
382 205 0.000000
382 204 0.000000
402 234 0.000000
406 237 0.000000
401 233 0.000000
408 240 0.000000
409 240 0.000000
410 240 0.000000
410 239 0.000000
410 238 0.000000
410 237 0.000000
410 236 0.000000
410 235 0.000000
410 234 0.000000
411 234 0.000000
413 235 0.000000
412 235 0.000000
412 234 0.000000
412 236 0.000000
411 237 0.000000
411 236 0.000000
411 235 0.000000
411 235 1.000000
408 239 0.000000
409 239 0.000000
409 238 0.000000
409 237 0.000000
409 236 0.000000
409 235 0.000000
411 235 0.000000
414 239 0.000000
413 240 0.000000
420 240 0.000000
420 240 1.000000
418 240 0.000000
419 240 0.000000
420 240 0.000000
419 239 0.000000
418 239 0.000000
418 238 0.000000
397 214 0.000000
398 215 0.000000
399 216 0.000000
400 217 0.000000
402 218 0.000000
403 219 0.000000
403 220 0.000000
402 257 0.000000
402 256 0.000000
402 255 0.000000
402 254 0.000000
402 253 0.000000
402 252 0.000000
402 251 0.000000
402 250 0.000000
402 249 0.000000
402 248 0.000000
402 247 0.000000
401 249 0.000000
401 250 0.000000
404 255 0.000000
404 254 0.000000
404 253 0.000000
404 252 0.000000
404 251 0.000000
404 250 0.000000
404 249 0.000000
404 248 0.000000
403 248 0.000000
403 249 0.000000
403 250 0.000000
403 251 0.000000
403 252 0.000000
403 253 0.000000
403 255 0.000000
403 254 0.000000
406 255 0.000000
408 257 0.000000
408 256 0.000000
408 255 0.000000
408 254 0.000000
408 253 0.000000
408 251 0.000000
408 250 0.000000
407 249 0.000000
407 250 0.000000
407 251 0.000000
407 252 0.000000
407 253 0.000000
407 254 0.000000
407 257 0.000000
406 257 0.000000
406 254 0.000000
405 254 0.000000
405 253 0.000000
406 253 0.000000
406 252 0.000000
405 252 0.000000
405 251 0.000000
406 251 0.000000
406 250 0.000000
405 250 0.000000
405 249 0.000000
405 248 0.000000
413 241 0.000000
413 243 0.000000
413 244 0.000000
413 245 0.000000
413 247 0.000000
412 248 0.000000
412 247 0.000000
412 246 0.000000
412 245 0.000000
412 244 0.000000
412 243 0.000000
412 242 0.000000
411 242 0.000000
411 243 0.000000
411 244 0.000000
411 245 0.000000
411 246 0.000000
411 247 0.000000
409 245 0.000000
410 245 0.000000
408 241 0.000000
408 242 0.000000
409 242 0.000000
409 241 0.000000
410 241 0.000000
410 242 0.000000
410 243 0.000000
410 244 0.000000
410 244 1.000000
410 244 0.000000
409 243 0.000000
420 247 0.000000
420 246 0.000000
420 245 0.000000
420 244 0.000000
420 243 0.000000
420 242 0.000000
420 241 0.000000
419 241 0.000000
419 242 0.000000
419 243 0.000000
419 244 0.000000
419 245 0.000000
419 247 0.000000
418 247 0.000000
418 247 1.000000
418 245 0.000000
418 247 0.000000
417 245 0.000000
417 245 1.000000
414 247 0.000000
415 247 0.000000
416 247 0.000000
416 246 0.000000
415 246 0.000000
414 246 0.000000
414 245 0.000000
415 245 0.000000
417 245 0.000000
418 243 0.000000
418 242 0.000000
418 241 0.000000
415 242 0.000000
415 243 0.000000
415 244 0.000000
416 244 0.000000
416 245 0.000000
416 245 1.000000
414 242 0.000000
414 243 0.000000
414 244 0.000000
416 245 0.000000
423 242 0.000000
423 243 0.000000
425 244 0.000000
422 245 0.000000
422 244 0.000000
422 243 0.000000
422 242 0.000000
422 241 0.000000
421 241 0.000000
421 242 0.000000
421 243 0.000000
421 244 0.000000
421 245 0.000000
418 257 0.000000
419 253 0.000000
419 252 0.000000
417 251 0.000000
414 252 0.000000
414 253 0.000000
413 253 0.000000
413 254 0.000000
413 255 0.000000
413 257 0.000000
414 257 0.000000
414 256 0.000000
415 256 0.000000
415 257 0.000000
416 257 0.000000
416 256 0.000000
416 256 1.000000
409 257 0.000000
410 257 0.000000
411 257 0.000000
412 257 0.000000
412 256 0.000000
411 256 0.000000
410 256 0.000000
409 256 0.000000
409 255 0.000000
409 254 0.000000
409 253 0.000000
409 252 0.000000
409 251 0.000000
412 251 0.000000
411 252 0.000000
410 253 0.000000
412 253 0.000000
412 254 0.000000
412 255 0.000000
411 255 0.000000
414 255 0.000000
416 256 0.000000
428 254 0.000000
427 254 0.000000
427 251 0.000000
428 252 0.000000
428 253 0.000000
427 253 0.000000
427 252 0.000000
426 248 0.000000
427 244 1.000000
426 246 0.000000
426 245 0.000000
430 254 0.000000
429 253 0.000000
432 257 0.000000
431 257 0.000000
430 257 0.000000
431 256 0.000000
430 256 0.000000
430 255 0.000000
429 254 0.000000
429 255 0.000000
429 256 0.000000
428 257 0.000000
428 256 0.000000
428 255 0.000000
459 295 1.000000
455 338 1.000000
455 338 0.000000
457 338 0.000000
457 338 1.000000
458 339 0.000000
458 339 1.000000
458 339 0.000000
458 339 1.000000
458 339 0.000000
458 339 1.000000
458 339 0.000000
458 339 1.000000
458 339 0.000000
458 339 1.000000
458 339 0.000000
458 339 1.000000
458 339 0.000000
458 339 1.000000
458 339 0.000000
458 339 1.000000
457 339 1.000000
457 339 0.000000
458 339 0.000000
458 339 1.000000
463 334 0.000000
463 334 1.000000
457 338 0.000000
457 338 1.000000
458 339 0.000000
458 339 1.000000
457 338 0.000000
457 338 1.000000
441 408 0.000000
441 407 0.000000
441 406 0.000000
441 405 0.000000
453 401 1.000000
453 397 1.000000
455 397 0.000000
455 396 0.000000
455 404 0.000000
455 403 0.000000
455 407 0.000000
457 390 1.000000
444 389 0.000000
445 388 0.000000
446 387 0.000000
447 386 0.000000
447 388 0.000000
445 395 1.000000
444 399 0.000000
445 398 0.000000
444 398 0.000000
445 395 0.000000
444 395 0.000000
439 407 1.000000
439 405 1.000000
440 400 1.000000
442 400 0.000000
442 399 0.000000
449 420 0.000000
450 419 0.000000
450 418 0.000000
447 419 1.000000
448 418 0.000000
449 418 0.000000
449 418 1.000000
449 418 0.000000
449 417 0.000000
448 417 0.000000
448 419 1.000000
448 418 1.000000
445 411 0.000000
433 348 0.000000
432 348 0.000000
432 346 0.000000
431 346 0.000000
433 347 0.000000
441 351 0.000000
440 339 1.000000
439 339 1.000000
435 340 0.000000
434 339 0.000000
433 337 1.000000
433 338 0.000000
442 333 0.000000
444 333 1.000000
442 332 0.000000
442 332 1.000000
447 332 0.000000
447 331 0.000000
442 332 0.000000
442 333 1.000000
444 333 0.000000
449 333 0.000000
448 333 0.000000
446 334 0.000000
447 334 0.000000
448 334 0.000000
445 334 0.000000
443 332 0.000000
442 333 0.000000
443 333 0.000000
452 333 0.000000
454 334 0.000000
454 335 0.000000
453 334 0.000000
454 333 0.000000
453 333 0.000000
451 332 0.000000
451 332 1.000000
451 332 0.000000
452 332 0.000000
442 325 0.000000
443 325 0.000000
444 326 0.000000
444 327 0.000000
444 329 0.000000
444 329 1.000000
445 329 0.000000
444 329 0.000000
444 328 0.000000
445 326 0.000000
445 325 0.000000
445 324 0.000000
445 323 0.000000
446 322 0.000000
446 323 0.000000
446 324 0.000000
446 325 0.000000
446 326 0.000000
447 326 0.000000
447 326 1.000000
447 326 0.000000
447 324 0.000000
447 323 0.000000
448 323 0.000000
449 323 0.000000
455 322 0.000000
455 323 0.000000
455 324 0.000000
455 326 0.000000
455 325 0.000000
455 327 0.000000
455 328 0.000000
455 331 0.000000
458 340 0.000000
458 341 0.000000
459 340 1.000000
459 339 1.000000
460 354 0.000000
460 353 0.000000
460 352 0.000000
459 352 0.000000
459 351 0.000000
459 350 0.000000
459 349 0.000000
459 348 0.000000
459 347 0.000000
461 352 0.000000
461 351 0.000000
461 350 0.000000
460 355 0.000000
457 357 0.000000
452 340 1.000000
455 338 1.000000
453 340 1.000000
454 339 1.000000
456 336 0.000000
457 336 0.000000
457 335 0.000000
456 335 0.000000
456 334 0.000000
456 333 0.000000
456 332 0.000000
456 331 0.000000
456 330 0.000000
455 339 1.000000
445 351 0.000000
446 351 0.000000
448 351 0.000000
447 351 0.000000
443 350 0.000000
431 347 0.000000
432 349 0.000000
434 351 1.000000
433 351 0.000000
434 351 0.000000
454 315 0.000000
454 314 0.000000
453 312 0.000000
453 311 0.000000
453 310 0.000000
453 309 0.000000
453 308 0.000000
454 308 0.000000
454 307 0.000000
453 307 0.000000
453 306 0.000000
454 306 0.000000
454 305 0.000000
453 305 0.000000
453 304 0.000000
454 304 0.000000
453 302 0.000000
453 301 0.000000
454 303 0.000000
454 302 0.000000
454 301 0.000000
453 300 0.000000
453 299 0.000000
453 298 0.000000
453 297 0.000000
453 296 0.000000
453 295 0.000000
453 294 0.000000
452 292 0.000000
452 291 0.000000
451 290 0.000000
452 290 0.000000
429 292 0.000000
430 292 0.000000
430 291 1.000000
431 288 0.000000
432 290 0.000000
431 291 0.000000
431 292 0.000000
431 293 0.000000
430 291 0.000000
431 297 0.000000
432 297 0.000000
432 296 0.000000
432 295 0.000000
432 294 0.000000
432 293 0.000000
433 293 0.000000
433 294 0.000000
433 296 0.000000
433 297 0.000000
433 298 0.000000
433 299 0.000000
434 302 1.000000
434 300 0.000000
434 299 0.000000
434 298 0.000000
434 302 0.000000
435 302 0.000000
434 301 0.000000
435 301 0.000000
435 300 0.000000
436 300 0.000000
436 299 0.000000
436 298 0.000000
436 297 0.000000
436 296 0.000000
436 303 0.000000
438 304 0.000000
439 306 0.000000
439 305 0.000000
439 304 0.000000
439 304 1.000000
439 302 0.000000
439 303 0.000000
439 304 0.000000
440 306 0.000000
440 305 0.000000
440 304 0.000000
440 303 0.000000
441 306 0.000000
441 305 0.000000
441 304 0.000000
442 308 0.000000
442 307 0.000000
442 306 0.000000
442 305 0.000000
446 321 0.000000
446 320 0.000000
446 319 0.000000
446 318 0.000000
446 317 0.000000
446 316 0.000000
446 315 0.000000
446 314 0.000000
446 313 0.000000
446 312 0.000000
448 312 1.000000
447 311 0.000000
446 311 0.000000
446 311 1.000000
448 312 0.000000
447 312 0.000000
446 311 0.000000
445 305 0.000000
444 305 0.000000
444 306 0.000000
444 307 0.000000
444 308 0.000000
444 309 0.000000
445 320 0.000000
445 319 0.000000
445 318 0.000000
445 317 0.000000
445 316 0.000000
445 315 0.000000
445 314 0.000000
445 313 0.000000
445 312 0.000000
445 311 0.000000
445 310 0.000000
445 309 0.000000
445 308 0.000000
445 306 0.000000
443 305 0.000000
443 306 0.000000
443 307 0.000000
443 308 0.000000
444 311 0.000000
444 311 1.000000
444 313 0.000000
444 314 0.000000
444 315 0.000000
444 317 0.000000
444 318 0.000000
444 312 0.000000
444 311 0.000000
444 310 0.000000
455 315 1.000000
455 319 1.000000
455 318 1.000000
403 220 0.000000
403 219 0.000000
402 218 0.000000
401 217 0.000000
400 217 0.000000
399 216 0.000000
399 216 1.000000
397 214 0.000000
398 215 0.000000
399 216 0.000000
402 234 0.000000
401 233 0.000000
406 237 0.000000
412 248 0.000000
412 247 0.000000
412 246 0.000000
412 245 0.000000
412 244 0.000000
412 243 0.000000
412 242 0.000000
411 242 0.000000
411 243 0.000000
411 244 0.000000
411 245 0.000000
411 246 0.000000
411 247 0.000000
410 245 0.000000
409 245 0.000000
410 244 0.000000
410 243 0.000000
410 242 0.000000
410 241 0.000000
410 240 0.000000
410 239 0.000000
410 238 0.000000
410 237 0.000000
410 236 0.000000
410 235 0.000000
410 234 0.000000
411 234 0.000000
411 235 0.000000
411 236 0.000000
411 237 0.000000
411 237 1.000000
413 235 0.000000
412 236 0.000000
412 235 0.000000
412 234 0.000000
411 237 0.000000
409 235 0.000000
409 236 0.000000
409 237 0.000000
409 238 0.000000
409 239 0.000000
408 239 0.000000
408 240 0.000000
409 240 0.000000
409 241 0.000000
408 241 0.000000
408 242 0.000000
408 242 1.000000
409 243 0.000000
408 242 0.000000
409 242 0.000000
416 247 0.000000
416 246 0.000000
416 245 0.000000
416 244 0.000000
415 242 0.000000
415 243 0.000000
415 244 0.000000
415 245 0.000000
415 246 0.000000
415 247 0.000000
414 247 0.000000
413 247 0.000000
413 247 1.000000
414 239 0.000000
413 240 0.000000
413 241 0.000000
413 247 0.000000
414 246 0.000000
413 245 0.000000
414 245 0.000000
413 244 0.000000
414 244 0.000000
413 243 0.000000
414 243 0.000000
414 242 0.000000
418 238 0.000000
418 239 0.000000
418 240 0.000000
418 241 0.000000
418 242 0.000000
418 243 0.000000
418 245 0.000000
417 245 0.000000
418 247 0.000000
419 247 0.000000
419 245 0.000000
419 244 0.000000
419 243 0.000000
419 242 0.000000
419 241 0.000000
419 240 0.000000
419 239 0.000000
420 240 0.000000
420 241 0.000000
420 242 0.000000
420 243 0.000000
420 244 0.000000
420 245 0.000000
420 246 0.000000
420 247 0.000000
421 245 0.000000
422 245 0.000000
422 245 1.000000
423 243 0.000000
424 242 1.000000
425 244 0.000000
424 242 0.000000
423 242 0.000000
422 245 0.000000
422 244 0.000000
421 244 0.000000
421 243 0.000000
422 243 0.000000
421 242 0.000000
422 242 0.000000
421 241 0.000000
422 241 0.000000
426 248 0.000000
426 245 0.000000
427 245 0.000000
426 246 0.000000
401 249 0.000000
402 249 0.000000
403 249 0.000000
404 249 0.000000
405 249 0.000000
407 249 0.000000
405 248 0.000000
404 248 0.000000
403 248 0.000000
402 248 0.000000
402 247 0.000000
397 232 0.000000
397 233 0.000000
397 231 0.000000
449 282 0.000000
450 282 0.000000
450 280 0.000000
450 279 0.000000
450 278 0.000000
450 277 0.000000
450 276 0.000000
450 275 0.000000
451 275 0.000000
451 276 0.000000
451 277 0.000000
449 279 0.000000
449 278 0.000000
449 277 0.000000
449 276 0.000000
449 275 0.000000
449 274 0.000000
449 271 0.000000
448 268 0.000000
447 267 0.000000
447 268 0.000000
448 269 0.000000
448 270 0.000000
448 271 0.000000
448 272 0.000000
448 274 0.000000
448 275 0.000000
448 277 0.000000
448 277 1.000000
447 274 0.000000
447 273 0.000000
447 272 0.000000
446 271 0.000000
447 270 0.000000
446 270 0.000000
447 271 0.000000
447 271 1.000000
448 277 0.000000
448 276 0.000000
448 273 0.000000
447 271 0.000000
446 265 0.000000
446 266 0.000000
445 266 0.000000
445 265 0.000000
442 266 0.000000
443 265 0.000000
444 265 0.000000
444 264 0.000000
444 263 0.000000
443 264 0.000000
443 263 0.000000
442 263 0.000000
441 263 0.000000
441 262 0.000000
442 262 0.000000
441 261 0.000000
440 262 0.000000
440 261 0.000000
440 260 0.000000
440 259 0.000000
440 258 0.000000
439 257 0.000000
439 256 0.000000
438 256 0.000000
438 257 0.000000
438 258 0.000000
438 259 0.000000
438 260 0.000000
439 261 0.000000
439 260 0.000000
439 259 0.000000
439 258 0.000000
437 260 0.000000
437 259 0.000000
436 259 0.000000
436 260 0.000000
436 260 1.000000
426 273 0.000000
426 272 0.000000
426 271 0.000000
426 270 0.000000
426 269 0.000000
426 268 0.000000
427 267 0.000000
427 268 0.000000
427 269 0.000000
427 270 0.000000
427 271 0.000000
427 272 0.000000
427 273 0.000000
427 274 0.000000
427 275 0.000000
428 275 0.000000
428 274 0.000000
428 273 0.000000
428 272 0.000000
428 271 0.000000
428 270 0.000000
428 269 0.000000
429 269 0.000000
429 270 0.000000
429 271 0.000000
429 272 0.000000
429 273 0.000000
429 274 0.000000
429 275 0.000000
430 274 0.000000
430 273 0.000000
430 272 0.000000
430 271 0.000000
430 270 0.000000
430 269 0.000000
430 268 0.000000
431 268 0.000000
431 269 0.000000
431 269 1.000000
436 262 0.000000
436 263 0.000000
436 264 0.000000
435 264 0.000000
435 265 0.000000
435 266 0.000000
434 266 0.000000
434 267 0.000000
433 268 0.000000
432 268 0.000000
431 269 0.000000
432 264 0.000000
432 263 0.000000
431 261 0.000000
436 260 0.000000
435 259 0.000000
434 259 0.000000
433 258 0.000000
432 258 0.000000
432 257 0.000000
431 258 0.000000
431 257 0.000000
431 256 0.000000
430 255 0.000000
430 254 0.000000
429 253 0.000000
429 254 0.000000
429 255 0.000000
429 256 0.000000
430 256 0.000000
430 257 0.000000
428 257 0.000000
428 256 0.000000
428 255 0.000000
427 254 0.000000
428 254 0.000000
428 253 0.000000
427 253 0.000000
427 252 0.000000
428 252 0.000000
423 258 0.000000
423 259 0.000000
423 260 0.000000
423 262 0.000000
423 263 0.000000
423 264 0.000000
423 265 0.000000
423 266 0.000000
423 267 0.000000
423 268 0.000000
423 269 0.000000
423 270 0.000000
423 271 0.000000
423 272 0.000000
423 273 0.000000
423 274 0.000000
423 275 0.000000
423 276 0.000000
423 277 0.000000
423 278 0.000000
422 281 0.000000
422 280 0.000000
423 282 0.000000
423 281 0.000000
424 282 0.000000
424 281 0.000000
428 284 0.000000
428 283 0.000000
429 283 0.000000
427 282 0.000000
428 281 0.000000
427 280 0.000000
427 279 0.000000
427 277 0.000000
427 278 0.000000
426 277 0.000000
426 278 0.000000
426 279 0.000000
426 280 0.000000
426 281 0.000000
425 280 0.000000
424 279 0.000000
425 279 0.000000
424 278 0.000000
425 278 0.000000
424 277 0.000000
425 277 0.000000
425 276 0.000000
424 276 0.000000
424 275 0.000000
424 274 0.000000
424 273 0.000000
425 273 0.000000
425 272 0.000000
424 272 0.000000
424 271 0.000000
425 271 0.000000
425 270 0.000000
424 270 0.000000
424 269 0.000000
425 269 0.000000
425 268 0.000000
425 268 1.000000
425 268 0.000000
424 268 0.000000
424 267 0.000000
424 266 0.000000
425 266 0.000000
424 265 0.000000
425 265 0.000000
425 264 0.000000
424 264 0.000000
424 263 0.000000
425 263 0.000000
424 262 0.000000
425 262 0.000000
425 261 0.000000
426 261 0.000000
426 262 0.000000
428 262 0.000000
427 262 0.000000
427 261 0.000000
422 277 0.000000
422 276 0.000000
422 275 0.000000
422 274 0.000000
422 272 0.000000
422 273 0.000000
422 271 0.000000
422 270 0.000000
422 269 0.000000
422 268 0.000000
422 267 0.000000
422 266 0.000000
422 265 0.000000
422 264 0.000000
422 263 0.000000
422 262 0.000000
422 261 0.000000
422 260 0.000000
422 259 0.000000
403 260 0.000000
403 259 0.000000
402 257 0.000000
402 256 0.000000
402 255 0.000000
402 254 0.000000
402 253 0.000000
402 252 0.000000
402 251 0.000000
402 250 0.000000
401 250 0.000000
403 250 0.000000
403 251 0.000000
403 252 0.000000
403 253 0.000000
403 254 0.000000
403 255 0.000000
404 255 0.000000
404 254 0.000000
404 253 0.000000
404 252 0.000000
404 251 0.000000
404 250 0.000000
405 250 0.000000
405 251 0.000000
405 252 0.000000
405 253 0.000000
405 254 0.000000
404 260 0.000000
405 260 0.000000
404 259 0.000000
405 259 0.000000
405 258 0.000000
406 260 0.000000
406 259 0.000000
406 258 0.000000
406 257 0.000000
406 255 0.000000
406 254 0.000000
407 254 0.000000
406 253 0.000000
407 253 0.000000
406 252 0.000000
407 252 0.000000
406 250 0.000000
406 251 0.000000
407 251 0.000000
407 250 0.000000
408 250 0.000000
408 251 0.000000
409 251 0.000000
409 252 0.000000
410 253 0.000000
409 253 0.000000
408 253 0.000000
408 254 0.000000
409 254 0.000000
409 255 0.000000
408 255 0.000000
408 256 0.000000
409 256 0.000000
409 257 0.000000
409 258 0.000000
409 260 0.000000
408 260 0.000000
407 260 0.000000
407 259 0.000000
408 259 0.000000
407 258 0.000000
408 258 0.000000
407 257 0.000000
408 257 0.000000
410 260 0.000000
411 260 0.000000
412 260 0.000000
412 259 0.000000
412 258 0.000000
412 257 0.000000
412 256 0.000000
412 255 0.000000
412 254 0.000000
412 253 0.000000
412 251 0.000000
411 252 0.000000
411 255 0.000000
411 256 0.000000
411 257 0.000000
411 258 0.000000
411 259 0.000000
410 259 0.000000
410 258 0.000000
410 257 0.000000
410 256 0.000000
416 260 0.000000
416 259 0.000000
416 258 0.000000
416 258 1.000000
416 258 0.000000
419 253 0.000000
419 252 0.000000
427 251 0.000000
417 251 0.000000
413 255 0.000000
414 255 0.000000
413 254 0.000000
413 253 0.000000
414 253 0.000000
414 252 0.000000
413 260 0.000000
414 260 0.000000
415 260 0.000000
415 259 0.000000
414 259 0.000000
413 259 0.000000
413 258 0.000000
415 258 0.000000
413 257 0.000000
414 257 0.000000
414 258 0.000000
414 256 0.000000
415 256 0.000000
415 257 0.000000
416 257 0.000000
416 256 0.000000
416 256 1.000000
417 260 0.000000
418 260 0.000000
419 260 0.000000
420 260 0.000000
421 260 0.000000
421 259 0.000000
420 259 0.000000
419 259 0.000000
419 258 0.000000
418 259 0.000000
418 258 0.000000
418 257 0.000000
418 257 1.000000
418 257 0.000000
417 258 0.000000
417 259 0.000000
416 256 0.000000
421 280 0.000000
421 279 0.000000
421 278 0.000000
421 277 0.000000
421 276 0.000000
421 275 0.000000
421 274 0.000000
421 273 0.000000
421 272 0.000000
421 271 0.000000
421 270 0.000000
421 269 0.000000
421 268 0.000000
421 267 0.000000
421 266 0.000000
421 265 0.000000
421 264 0.000000
421 263 0.000000
421 262 0.000000
421 261 0.000000
420 261 0.000000
420 262 0.000000
420 263 0.000000
420 264 0.000000
420 265 0.000000
420 266 0.000000
420 267 0.000000
420 268 0.000000
420 269 0.000000
420 270 0.000000
420 271 0.000000
420 272 0.000000
420 273 0.000000
420 274 0.000000
420 275 0.000000
420 276 0.000000
420 277 0.000000
420 278 0.000000
419 277 0.000000
418 277 0.000000
418 276 0.000000
419 276 0.000000
418 275 0.000000
419 275 0.000000
418 274 0.000000
419 274 0.000000
418 273 0.000000
418 273 1.000000
419 273 0.000000
419 272 0.000000
417 276 0.000000
417 275 0.000000
417 274 0.000000
417 273 0.000000
417 272 0.000000
417 271 0.000000
417 270 0.000000
417 269 0.000000
417 268 0.000000
417 267 0.000000
417 266 0.000000
417 265 0.000000
417 264 0.000000
417 263 0.000000
417 262 0.000000
417 261 0.000000
418 261 0.000000
418 262 0.000000
419 262 0.000000
419 261 0.000000
419 263 0.000000
418 263 0.000000
418 264 0.000000
419 264 0.000000
419 265 0.000000
418 265 0.000000
418 266 0.000000
419 266 0.000000
419 267 0.000000
418 267 0.000000
418 268 0.000000
419 268 0.000000
419 269 0.000000
418 269 0.000000
418 270 0.000000
419 270 0.000000
419 271 0.000000
418 271 0.000000
418 272 0.000000
418 273 0.000000
416 273 0.000000
416 272 0.000000
416 271 0.000000
416 270 0.000000
416 269 0.000000
416 268 0.000000
416 267 0.000000
416 266 0.000000
416 265 0.000000
416 264 0.000000
416 263 0.000000
416 262 0.000000
416 261 0.000000
415 261 0.000000
415 262 0.000000
415 264 0.000000
415 263 0.000000
415 265 0.000000
415 266 0.000000
415 267 0.000000
415 272 0.000000
415 271 0.000000
415 270 0.000000
415 269 0.000000
414 272 0.000000
414 271 0.000000
414 270 0.000000
414 269 0.000000
414 267 0.000000
414 268 0.000000
414 266 0.000000
414 265 0.000000
414 264 0.000000
414 263 0.000000
414 262 0.000000
414 261 0.000000
413 261 0.000000
413 262 0.000000
413 263 0.000000
413 264 0.000000
413 265 0.000000
413 266 0.000000
413 267 0.000000
413 271 0.000000
413 270 0.000000
413 269 0.000000
412 270 0.000000
412 269 0.000000
412 268 0.000000
412 267 0.000000
412 265 0.000000
412 266 0.000000
411 266 0.000000
411 265 0.000000
411 264 0.000000
412 264 0.000000
411 263 0.000000
411 262 0.000000
412 262 0.000000
412 261 0.000000
395 265 1.000000
396 265 1.000000
394 262 0.000000
408 275 1.000000
411 269 0.000000
411 268 0.000000
411 267 0.000000
410 268 0.000000
410 267 0.000000
409 268 0.000000
409 267 0.000000
409 266 0.000000
409 265 0.000000
409 264 0.000000
409 263 0.000000
409 262 0.000000
409 261 0.000000
410 261 0.000000
410 262 0.000000
410 263 0.000000
410 264 0.000000
410 265 0.000000
408 267 0.000000
407 266 1.000000
408 266 0.000000
407 266 0.000000
407 265 0.000000
407 264 0.000000
407 263 0.000000
407 261 0.000000
407 262 0.000000
408 261 0.000000
408 262 0.000000
408 263 0.000000
408 264 0.000000
408 265 0.000000
406 266 0.000000
406 265 0.000000
405 265 0.000000
405 264 0.000000
406 264 0.000000
406 263 0.000000
405 263 0.000000
405 262 0.000000
406 262 0.000000
406 261 0.000000
405 261 0.000000
404 261 0.000000
404 262 0.000000
403 261 0.000000
401 261 0.000000
400 261 0.000000
430 287 0.000000
429 285 0.000000
453 287 0.000000
453 286 0.000000
382 204 0.000000
381 204 0.000000
382 205 0.000000
444 352 0.000000
445 352 0.000000
446 352 0.000000
447 352 0.000000
448 352 0.000000
450 352 0.000000
449 352 0.000000
450 353 0.000000
451 353 0.000000
453 354 1.000000
452 354 0.000000
453 354 0.000000
453 355 0.000000
454 356 0.000000
455 357 0.000000
436 355 0.000000
436 354 0.000000
435 354 0.000000
435 353 0.000000
434 353 0.000000
454 357 0.000000
453 356 0.000000
452 355 0.000000
451 354 0.000000
450 354 0.000000
449 353 0.000000
290 339 0.000000
289 339 0.000000
288 339 0.000000
288 340 0.000000
285 333 0.000000
279 335 0.000000
279 334 0.000000
275 338 0.000000
274 338 0.000000
275 337 0.000000
275 336 0.000000
270 337 0.000000
267 335 0.000000
262 333 1.000000
260 335 0.000000
259 339 0.000000
260 338 0.000000
260 341 0.000000
261 340 0.000000
262 344 0.000000
263 344 0.000000
263 343 0.000000
264 343 0.000000
264 342 0.000000
265 342 0.000000
266 342 0.000000
266 341 0.000000
266 340 0.000000
267 340 0.000000
267 342 0.000000
268 342 0.000000
264 348 0.000000
265 347 0.000000
266 346 0.000000
267 346 0.000000
261 344 0.000000
265 352 0.000000
266 351 0.000000
266 354 0.000000
266 353 0.000000
265 353 0.000000
279 348 0.000000
279 347 0.000000
279 346 0.000000
277 351 0.000000
278 351 0.000000
278 350 0.000000
277 350 0.000000
277 349 0.000000
278 349 0.000000
274 350 0.000000
274 357 0.000000
275 357 0.000000
276 358 0.000000
276 357 0.000000
277 356 0.000000
278 356 0.000000
275 362 0.000000
278 362 0.000000
279 361 0.000000
280 361 0.000000
282 358 0.000000
282 357 0.000000
285 355 0.000000
286 354 0.000000
286 354 1.000000
291 348 0.000000
291 349 0.000000
289 351 0.000000
288 351 0.000000
287 351 0.000000
287 352 0.000000
288 350 0.000000
286 354 0.000000
273 355 1.000000
273 355 0.000000
273 356 0.000000
273 357 0.000000
273 355 1.000000
293 333 0.000000
293 332 0.000000
272 360 0.000000
305 352 0.000000
304 352 0.000000
302 351 0.000000
302 347 0.000000
300 337 0.000000
301 337 0.000000
301 336 0.000000
301 335 0.000000
300 335 0.000000
300 336 0.000000
299 336 0.000000
295 333 0.000000
295 332 0.000000
293 331 0.000000
293 330 0.000000
293 329 0.000000
308 346 0.000000
282 332 0.000000
283 332 0.000000
284 333 0.000000
283 333 0.000000
282 333 0.000000
282 334 0.000000
283 334 0.000000
275 335 1.000000
279 329 0.000000
278 328 0.000000
277 327 0.000000
277 326 0.000000
282 323 0.000000
283 323 0.000000
283 322 0.000000
284 322 0.000000
285 322 0.000000
285 323 0.000000
285 324 0.000000
286 325 0.000000
286 326 0.000000
285 325 0.000000
284 324 0.000000
284 323 0.000000
281 322 0.000000
274 323 0.000000
275 323 0.000000
274 322 1.000000
270 321 0.000000
276 322 0.000000
275 322 0.000000
274 322 0.000000
273 322 0.000000
268 320 0.000000
263 319 0.000000
259 317 0.000000
259 319 0.000000
264 316 0.000000
274 315 0.000000
275 315 0.000000
276 315 0.000000
277 315 0.000000
282 331 0.000000
280 306 0.000000
281 306 0.000000
282 306 0.000000
282 307 0.000000
283 308 0.000000
284 308 0.000000
285 309 0.000000
278 312 0.000000
285 302 0.000000
286 303 0.000000
284 301 0.000000
282 297 0.000000
282 295 0.000000
280 294 0.000000
275 295 0.000000
273 292 0.000000
273 291 0.000000
291 290 0.000000
282 305 0.000000
282 304 0.000000
282 303 0.000000
298 289 0.000000
298 288 0.000000
273 289 0.000000
273 288 0.000000
274 288 0.000000
285 289 0.000000
284 298 0.000000
284 299 0.000000
294 290 1.000000
334 284 0.000000
333 282 0.000000
332 280 0.000000
331 279 0.000000
330 279 0.000000
329 278 0.000000
329 278 1.000000
329 278 0.000000
328 279 0.000000
326 277 0.000000
323 276 0.000000
321 276 0.000000
317 276 0.000000
318 276 0.000000
368 304 0.000000
368 303 0.000000
366 302 0.000000
365 302 0.000000
364 302 0.000000
363 302 0.000000
362 302 0.000000
362 301 0.000000
363 301 0.000000
364 301 0.000000
359 300 0.000000
358 299 0.000000
356 298 0.000000
355 297 0.000000
354 296 0.000000
353 295 0.000000
352 294 0.000000
351 293 0.000000
348 289 1.000000
347 289 1.000000
347 288 1.000000
347 289 0.000000
335 285 0.000000
337 286 0.000000
337 286 1.000000
339 287 0.000000
337 286 0.000000
372 311 0.000000
373 316 0.000000
374 315 0.000000
376 312 1.000000
373 313 0.000000
374 313 0.000000
375 314 0.000000
369 305 0.000000
370 306 0.000000
379 319 0.000000
379 318 0.000000
378 317 0.000000
378 339 0.000000
380 339 0.000000
380 335 0.000000
381 332 0.000000
381 331 0.000000
381 330 0.000000
381 329 0.000000
380 328 0.000000
381 328 0.000000
381 327 0.000000
382 329 0.000000
381 323 0.000000
380 323 0.000000
379 323 0.000000
379 324 0.000000
378 324 0.000000
377 325 0.000000
377 325 1.000000
377 325 0.000000
377 324 0.000000
381 322 0.000000
380 321 0.000000
377 341 0.000000
376 341 0.000000
374 341 0.000000
375 341 0.000000
373 342 0.000000
372 342 0.000000
371 343 0.000000
366 346 0.000000
366 345 0.000000
366 344 0.000000
367 344 0.000000
367 352 0.000000
365 361 0.000000
363 361 0.000000
363 358 0.000000
361 358 0.000000
358 355 0.000000
357 356 0.000000
355 357 0.000000
352 364 0.000000
352 363 0.000000
352 362 0.000000
352 364 1.000000
348 364 0.000000
345 362 0.000000
341 353 0.000000
341 352 0.000000
341 352 1.000000
343 353 0.000000
342 353 0.000000
341 352 0.000000
339 355 0.000000
340 355 0.000000
367 347 0.000000
367 347 1.000000
362 354 0.000000
366 360 0.000000
364 358 0.000000
365 359 0.000000
358 356 0.000000
347 364 0.000000
346 364 0.000000
352 364 0.000000
337 352 0.000000
333 349 0.000000
333 350 0.000000
332 351 0.000000
331 352 0.000000
330 353 0.000000
336 350 0.000000
324 348 0.000000
326 348 0.000000
326 347 0.000000
327 346 0.000000
327 345 0.000000
328 341 0.000000
328 342 0.000000
328 343 0.000000
328 344 0.000000
328 345 0.000000
323 351 0.000000
319 354 0.000000
319 353 0.000000
316 351 0.000000
304 352 1.000000
305 352 1.000000
306 351 0.000000
304 352 0.000000
305 352 0.000000
307 349 0.000000
308 347 0.000000
310 344 0.000000
311 342 0.000000
313 342 0.000000
313 342 1.000000
292 334 0.000000
291 342 0.000000
291 341 0.000000
300 338 0.000000
303 342 0.000000
303 341 0.000000
312 342 0.000000
313 342 0.000000
292 347 0.000000
292 346 0.000000
292 345 0.000000
292 344 0.000000
300 338 1.000000
15 272 0.000000
15 271 0.000000
15 270 0.000000
14 270 0.000000
13 269 0.000000
12 269 0.000000
11 268 0.000000
11 266 0.000000
11 266 1.000000
8 266 0.000000
9 265 0.000000
10 265 0.000000
9 263 0.000000
8 262 0.000000
8 261 0.000000
6 258 1.000000
6 257 0.000000
5 257 0.000000
3 256 0.000000
4 254 1.000000
4 256 0.000000
0 250 0.000000
1 250 0.000000
6 258 0.000000
11 266 0.000000
11 267 0.000000
15 273 0.000000
24 287 0.000000
23 288 0.000000
23 287 0.000000
22 287 0.000000
22 287 1.000000
22 287 0.000000
23 286 0.000000
24 285 1.000000
22 283 0.000000
22 282 0.000000
19 279 0.000000
18 279 0.000000
19 277 0.000000
18 277 0.000000
18 275 1.000000
18 276 0.000000
15 274 0.000000
44 310 0.000000
43 310 0.000000
42 309 0.000000
41 309 0.000000
40 310 0.000000
40 309 0.000000
39 309 0.000000
36 312 0.000000
35 312 0.000000
35 311 0.000000
36 311 0.000000
39 306 0.000000
37 306 0.000000
36 306 0.000000
36 307 0.000000
35 305 0.000000
34 304 0.000000
34 305 0.000000
29 301 0.000000
30 302 0.000000
29 302 0.000000
29 303 0.000000
28 303 0.000000
27 303 0.000000
26 303 0.000000
26 304 0.000000
26 305 0.000000
26 306 0.000000
27 307 0.000000
30 306 0.000000
19 307 0.000000
20 306 0.000000
22 305 0.000000
23 305 0.000000
23 304 0.000000
24 304 0.000000
25 304 0.000000
25 305 0.000000
28 301 0.000000
27 302 0.000000
27 301 0.000000
27 300 0.000000
26 300 0.000000
26 301 0.000000
26 302 0.000000
28 299 0.000000
28 298 0.000000
27 297 0.000000
26 298 0.000000
26 297 0.000000
26 296 0.000000
24 295 0.000000
21 296 0.000000
21 297 0.000000
22 297 0.000000
20 299 0.000000
19 300 0.000000
25 294 0.000000
25 293 0.000000
25 292 0.000000
26 293 0.000000
26 294 0.000000
27 292 0.000000
27 291 0.000000
26 291 0.000000
25 291 0.000000
45 313 0.000000
44 313 0.000000
43 311 0.000000
42 311 0.000000
46 312 0.000000
45 312 0.000000
45 311 0.000000
50 316 0.000000
49 316 0.000000
48 315 0.000000
47 317 0.000000
47 316 0.000000
47 315 0.000000
42 316 0.000000
42 315 0.000000
43 314 0.000000
44 314 0.000000
37 316 0.000000
47 314 0.000000
60 332 0.000000
59 332 0.000000
59 331 0.000000
58 330 0.000000
59 330 0.000000
58 326 0.000000
58 324 0.000000
58 323 0.000000
57 323 0.000000
56 322 1.000000
55 323 0.000000
54 323 0.000000
53 323 0.000000
53 324 0.000000
52 325 0.000000
50 327 0.000000
49 327 0.000000
48 328 0.000000
46 329 0.000000
40 320 0.000000
41 319 0.000000
41 318 0.000000
41 318 1.000000
44 321 0.000000
43 320 0.000000
41 318 0.000000
48 317 0.000000
50 317 0.000000
50 318 0.000000
51 318 0.000000
52 319 0.000000
50 320 0.000000
50 319 0.000000
54 320 0.000000
54 321 0.000000
55 321 0.000000
58 326 1.000000
67 349 0.000000
67 346 0.000000
67 345 0.000000
68 344 0.000000
68 343 0.000000
68 342 0.000000
68 341 0.000000
67 341 0.000000
67 342 0.000000
66 341 0.000000
66 341 1.000000
64 352 0.000000
67 352 0.000000
66 350 0.000000
65 350 0.000000
65 349 0.000000
65 348 0.000000
66 347 0.000000
66 346 0.000000
64 345 0.000000
64 344 0.000000
63 344 0.000000
66 341 0.000000
65 341 0.000000
66 342 0.000000
65 343 0.000000
66 340 0.000000
66 339 0.000000
65 339 0.000000
64 339 0.000000
64 340 0.000000
63 340 0.000000
61 342 0.000000
61 341 0.000000
61 340 0.000000
62 340 0.000000
60 341 0.000000
59 341 0.000000
58 341 0.000000
57 341 0.000000
56 341 0.000000
56 339 0.000000
56 340 0.000000
55 342 0.000000
52 343 0.000000
53 343 0.000000
52 342 0.000000
53 342 0.000000
52 341 0.000000
53 341 0.000000
52 340 0.000000
53 339 0.000000
53 340 0.000000
54 340 0.000000
54 339 0.000000
55 338 0.000000
60 337 0.000000
60 336 0.000000
58 338 0.000000
59 338 0.000000
60 338 0.000000
61 339 0.000000
81 366 0.000000
82 366 0.000000
82 366 1.000000
82 366 0.000000
83 365 0.000000
83 364 0.000000
82 364 0.000000
81 364 0.000000
81 365 0.000000
80 365 0.000000
79 365 0.000000
79 364 0.000000
80 363 0.000000
80 362 0.000000
82 363 0.000000
83 363 0.000000
83 362 0.000000
83 361 0.000000
82 361 0.000000
82 362 0.000000
80 360 1.000000
80 359 0.000000
77 360 0.000000
78 360 0.000000
78 361 0.000000
79 361 0.000000
80 361 0.000000
81 361 0.000000
80 360 0.000000
79 360 0.000000
79 358 0.000000
78 357 0.000000
78 357 1.000000
77 355 0.000000
76 355 0.000000
76 356 0.000000
77 356 0.000000
77 357 0.000000
78 357 0.000000
78 358 0.000000
78 359 0.000000
77 359 0.000000
77 358 0.000000
76 358 0.000000
75 358 0.000000
75 359 0.000000
76 359 0.000000
71 358 0.000000
71 357 0.000000
71 356 0.000000
72 356 0.000000
73 357 0.000000
74 357 0.000000
74 358 0.000000
75 357 0.000000
68 360 0.000000
69 360 0.000000
69 359 0.000000
69 358 0.000000
66 360 0.000000
67 359 0.000000
62 358 0.000000
63 357 0.000000
64 357 0.000000
64 353 0.000000
66 356 0.000000
66 356 1.000000
67 354 0.000000
101 369 0.000000
101 368 0.000000
100 367 0.000000
97 367 0.000000
97 366 0.000000
96 366 0.000000
95 366 0.000000
95 367 0.000000
96 368 0.000000
93 365 0.000000
92 365 0.000000
93 366 0.000000
94 366 0.000000
93 367 0.000000
91 367 0.000000
89 370 0.000000
89 369 0.000000
89 368 0.000000
88 368 0.000000
87 368 0.000000
86 368 0.000000
87 367 0.000000
87 366 0.000000
83 370 0.000000
84 370 0.000000
84 369 0.000000
82 369 0.000000
82 368 0.000000
82 367 0.000000
81 367 0.000000
81 368 0.000000
80 369 0.000000
80 368 0.000000
80 367 0.000000
79 368 0.000000
87 365 0.000000
88 365 0.000000
88 366 0.000000
88 367 0.000000
89 367 0.000000
90 367 0.000000
143 376 0.000000
141 376 0.000000
140 375 0.000000
139 375 0.000000
136 375 0.000000
135 375 0.000000
135 376 0.000000
134 376 0.000000
133 377 0.000000
132 377 0.000000
134 374 0.000000
133 373 0.000000
132 372 0.000000
131 372 0.000000
131 372 1.000000
129 370 1.000000
131 373 0.000000
131 372 0.000000
128 372 0.000000
128 371 0.000000
128 370 0.000000
128 369 0.000000
126 369 0.000000
125 368 0.000000
124 368 0.000000
123 369 0.000000
123 364 0.000000
122 364 0.000000
122 365 0.000000
123 365 0.000000
121 367 1.000000
120 368 0.000000
120 368 1.000000
119 368 0.000000
119 367 0.000000
119 366 0.000000
118 366 0.000000
117 366 0.000000
116 366 0.000000
118 370 0.000000
117 370 0.000000
117 369 0.000000
117 368 0.000000
116 365 0.000000
115 365 0.000000
115 364 0.000000
115 363 0.000000
115 362 0.000000
114 361 0.000000
113 361 0.000000
112 361 0.000000
114 362 0.000000
114 363 0.000000
114 364 0.000000
114 366 0.000000
114 367 0.000000
114 368 0.000000
113 368 0.000000
113 367 0.000000
112 367 0.000000
112 366 0.000000
111 367 0.000000
111 366 0.000000
110 367 0.000000
109 367 0.000000
110 366 0.000000
110 365 0.000000
109 364 0.000000
108 364 0.000000
106 364 0.000000
110 364 0.000000
111 363 0.000000
110 362 0.000000
110 363 0.000000
107 377 0.000000
106 377 0.000000
106 376 0.000000
105 376 0.000000
105 375 0.000000
105 374 0.000000
104 374 0.000000
105 373 0.000000
105 372 0.000000
104 372 0.000000
104 373 0.000000
103 373 0.000000
103 372 0.000000
103 371 0.000000
104 371 0.000000
103 370 0.000000
102 370 0.000000
102 371 0.000000
102 372 0.000000
101 372 0.000000
101 373 0.000000
100 374 0.000000
102 366 1.000000
102 367 0.000000
102 369 0.000000
102 368 0.000000
102 367 1.000000
144 376 0.000000
66 356 0.000000
453 279 0.000000
463 267 0.000000
463 267 1.000000
474 263 0.000000
475 263 0.000000
474 262 0.000000
476 262 0.000000
477 262 0.000000
478 261 0.000000
478 263 0.000000
476 264 0.000000
482 264 0.000000
481 264 0.000000
479 265 0.000000
480 265 0.000000
482 262 0.000000
481 261 0.000000
477 253 0.000000
478 255 0.000000
479 255 0.000000
477 256 0.000000
478 256 0.000000
474 255 0.000000
474 256 0.000000
468 255 0.000000
468 256 0.000000
467 256 0.000000
470 254 0.000000
479 259 0.000000
479 258 0.000000
453 279 1.000000
476 252 0.000000
477 252 0.000000
478 252 0.000000
476 251 0.000000
478 249 0.000000
479 248 0.000000
478 244 0.000000
481 241 0.000000
482 239 0.000000
481 238 0.000000
479 251 0.000000
561 204 1.000000
563 242 0.000000
563 241 0.000000
563 240 0.000000
563 239 0.000000
563 238 0.000000
563 237 0.000000
562 237 0.000000
561 237 0.000000
559 236 0.000000
562 235 0.000000
562 236 0.000000
564 236 0.000000
564 235 0.000000
558 234 0.000000
558 233 0.000000
558 232 0.000000
559 232 0.000000
559 233 0.000000
555 232 0.000000
562 231 0.000000
562 231 1.000000
562 231 0.000000
561 229 0.000000
561 230 0.000000
561 231 0.000000
560 231 0.000000
562 232 0.000000
562 231 1.000000
563 230 0.000000
563 229 0.000000
563 229 1.000000
562 233 0.000000
562 231 0.000000
562 230 0.000000
563 229 0.000000
564 228 0.000000
563 227 0.000000
557 227 0.000000
557 228 0.000000
562 234 0.000000
559 222 0.000000
560 222 0.000000
560 223 0.000000
555 225 0.000000
556 225 0.000000
557 226 0.000000
563 226 0.000000
563 222 0.000000
563 221 0.000000
563 220 0.000000
563 219 0.000000
561 219 0.000000
561 221 0.000000
551 195 0.000000
551 194 0.000000
552 194 0.000000
544 194 0.000000
545 194 0.000000
544 192 0.000000
545 192 0.000000
546 192 0.000000
547 192 0.000000
548 191 0.000000
549 192 0.000000
549 191 0.000000
550 191 0.000000
549 190 0.000000
550 190 0.000000
551 190 0.000000
549 188 0.000000
550 188 0.000000
550 189 0.000000
549 189 0.000000
548 189 0.000000
544 191 0.000000
545 191 0.000000
546 191 0.000000
547 191 0.000000
547 191 1.000000
543 183 0.000000
543 184 0.000000
543 185 0.000000
547 185 0.000000
547 186 0.000000
547 187 0.000000
547 188 0.000000
548 188 0.000000
547 189 0.000000
547 190 0.000000
547 191 0.000000
545 190 0.000000
546 190 0.000000
546 189 0.000000
545 188 0.000000
546 187 0.000000
546 186 0.000000
548 186 0.000000
549 187 0.000000
549 186 0.000000
545 182 0.000000
546 182 0.000000
547 182 0.000000
548 182 0.000000
549 182 0.000000
550 183 0.000000
547 183 0.000000
548 181 0.000000
547 181 0.000000
546 181 0.000000
545 180 0.000000
547 180 0.000000
545 179 0.000000
546 179 0.000000
547 179 0.000000
548 179 0.000000
545 178 0.000000
551 184 0.000000
551 185 0.000000
552 190 0.000000
550 192 0.000000
549 193 0.000000
550 185 0.000000
548 178 0.000000
550 182 0.000000
541 185 0.000000
551 192 0.000000
551 192 1.000000
549 193 1.000000
552 193 0.000000
551 192 0.000000
551 191 0.000000
549 193 0.000000
506 59 0.000000
506 58 0.000000
487 9 0.000000
488 9 0.000000
489 9 0.000000
490 8 0.000000
489 8 0.000000
488 8 0.000000
487 6 0.000000
480 3 1.000000
481 3 1.000000
476 4 0.000000
479 4 0.000000
478 11 0.000000
478 10 0.000000
477 10 0.000000
477 9 0.000000
477 8 0.000000
478 7 0.000000
477 7 1.000000
479 7 0.000000
471 11 0.000000
474 11 0.000000
474 9 0.000000
475 9 0.000000
479 3 0.000000
478 3 0.000000
471 36 0.000000
467 33 0.000000
467 32 0.000000
468 32 0.000000
469 32 0.000000
469 33 0.000000
470 34 0.000000
471 30 0.000000
470 31 0.000000
469 31 0.000000
468 31 0.000000
468 29 0.000000
468 30 0.000000
469 30 0.000000
469 29 0.000000
469 28 0.000000
470 29 0.000000
470 29 1.000000
469 19 1.000000
467 17 0.000000
467 16 0.000000
468 16 0.000000
468 15 0.000000
469 16 0.000000
470 16 0.000000
469 14 0.000000
471 24 0.000000
471 23 0.000000
472 22 0.000000
473 22 0.000000
473 23 0.000000
472 23 0.000000
472 24 0.000000
473 24 0.000000
474 23 0.000000
474 24 0.000000
474 25 0.000000
475 25 0.000000
475 24 0.000000
475 23 0.000000
477 23 0.000000
476 23 0.000000
476 25 0.000000
471 26 0.000000
471 27 0.000000
471 28 0.000000
470 29 0.000000
466 27 0.000000
466 26 0.000000
467 26 0.000000
468 26 0.000000
470 23 0.000000
470 24 0.000000
469 25 0.000000
495 49 0.000000
496 49 0.000000
495 48 0.000000
495 47 0.000000
489 48 0.000000
490 48 0.000000
491 48 0.000000
489 43 1.000000
489 40 0.000000
490 40 0.000000
490 39 0.000000
490 39 1.000000
487 38 0.000000
490 39 0.000000
490 39 1.000000
489 40 1.000000
491 38 0.000000
490 39 0.000000
490 39 1.000000
467 35 0.000000
492 47 0.000000
493 48 0.000000
494 48 0.000000
493 47 0.000000
494 47 0.000000
494 46 0.000000
494 45 0.000000
490 39 0.000000
489 41 0.000000
489 40 0.000000
489 39 0.000000
482 36 0.000000
482 37 0.000000
483 37 0.000000
512 69 0.000000
511 68 0.000000
511 67 0.000000
511 66 0.000000
511 65 0.000000
512 65 0.000000
510 65 0.000000
510 66 0.000000
510 67 0.000000
509 66 0.000000
509 65 0.000000
492 67 1.000000
497 66 0.000000
504 70 0.000000
502 69 0.000000
502 68 0.000000
502 67 0.000000
504 65 0.000000
504 63 0.000000
505 63 0.000000
489 59 0.000000
489 58 0.000000
491 56 0.000000
490 55 0.000000
490 56 0.000000
489 53 0.000000
491 62 0.000000
499 68 0.000000
513 69 0.000000
540 50 0.000000
540 51 0.000000
540 53 0.000000
539 56 0.000000
533 59 0.000000
532 58 0.000000
532 57 0.000000
522 74 0.000000
522 73 0.000000
522 72 0.000000
524 73 0.000000
524 72 0.000000
523 72 0.000000
523 73 0.000000
524 74 0.000000
536 55 0.000000
537 55 0.000000
537 54 0.000000
538 54 0.000000
538 53 0.000000
538 52 0.000000
543 69 0.000000
543 68 0.000000
544 68 0.000000
534 60 0.000000
535 59 0.000000
534 59 0.000000
534 59 1.000000
534 59 0.000000
527 70 0.000000
527 70 1.000000
539 48 0.000000
537 47 0.000000
535 46 0.000000
530 41 0.000000
531 40 0.000000
532 40 0.000000
533 40 0.000000
534 41 0.000000
535 42 0.000000
535 43 0.000000
535 44 0.000000
535 45 0.000000
536 46 0.000000
535 20 0.000000
535 21 0.000000
535 24 0.000000
535 22 0.000000
537 22 0.000000
536 23 0.000000
531 31 0.000000
532 30 0.000000
529 35 0.000000
529 38 0.000000
530 38 0.000000
530 35 0.000000
531 35 0.000000
531 35 1.000000
531 34 0.000000
531 35 0.000000
534 28 0.000000
536 21 0.000000
536 20 0.000000
537 23 0.000000
538 16 0.000000
539 12 0.000000
539 7 0.000000
574 7 0.000000
575 7 0.000000
573 11 0.000000
572 13 0.000000
571 17 0.000000
568 16 0.000000
567 15 0.000000
564 12 0.000000
561 11 0.000000
562 11 0.000000
561 10 1.000000
561 12 0.000000
566 22 0.000000
566 21 0.000000
567 23 0.000000
561 25 0.000000
560 26 0.000000
567 27 0.000000
570 27 0.000000
570 26 0.000000
569 26 0.000000
575 29 0.000000
572 29 0.000000
572 28 0.000000
582 33 0.000000
582 32 0.000000
583 32 0.000000
586 34 0.000000
587 33 0.000000
588 33 0.000000
589 33 0.000000
590 33 0.000000
585 31 0.000000
585 30 0.000000
584 32 0.000000
584 31 0.000000
583 31 0.000000
553 45 0.000000
553 45 1.000000
553 45 0.000000
554 45 0.000000
554 46 0.000000
555 46 0.000000
556 46 0.000000
556 47 0.000000
557 48 0.000000
555 55 0.000000
558 54 0.000000
556 56 0.000000
584 43 0.000000
584 42 0.000000
578 52 0.000000
577 51 0.000000
578 51 0.000000
576 54 0.000000
572 58 0.000000
582 56 0.000000
580 55 0.000000
582 55 0.000000
583 54 0.000000
583 56 1.000000
583 55 0.000000
583 56 0.000000
583 51 0.000000
583 50 0.000000
582 49 0.000000
583 39 0.000000
583 38 0.000000
582 45 0.000000
573 76 0.000000
572 76 0.000000
570 74 0.000000
570 75 0.000000
569 75 0.000000
568 75 0.000000
566 74 0.000000
564 71 0.000000
563 70 0.000000
563 69 0.000000
554 68 0.000000
556 68 0.000000
556 68 1.000000
555 68 0.000000
556 68 0.000000
546 61 0.000000
544 64 0.000000
545 63 0.000000
548 61 0.000000
547 63 0.000000
546 65 0.000000
547 66 0.000000
548 66 0.000000
549 66 0.000000
551 65 0.000000
552 64 0.000000
558 67 0.000000
560 67 0.000000
567 74 0.000000
569 61 0.000000
568 63 0.000000
571 59 0.000000
570 60 0.000000
577 51 1.000000
579 52 0.000000
579 53 0.000000
579 52 1.000000
579 51 0.000000
579 52 0.000000
538 101 0.000000
543 97 0.000000
542 97 0.000000
541 98 0.000000
541 97 0.000000
540 97 0.000000
539 98 0.000000
535 103 0.000000
533 99 0.000000
532 96 0.000000
531 95 0.000000
532 95 0.000000
532 94 0.000000
532 93 0.000000
533 92 0.000000
535 93 0.000000
539 96 0.000000
539 95 0.000000
539 94 0.000000
539 93 0.000000
539 90 0.000000
540 90 0.000000
540 92 0.000000
539 92 0.000000
539 91 0.000000
538 93 0.000000
537 94 0.000000
533 84 0.000000
533 85 0.000000
533 86 0.000000
533 87 0.000000
533 88 0.000000
534 88 0.000000
534 89 0.000000
534 90 0.000000
536 92 0.000000
535 91 0.000000
534 91 0.000000
536 91 0.000000
535 90 0.000000
535 89 0.000000
542 88 0.000000
546 85 0.000000
546 84 0.000000
536 89 0.000000
537 90 0.000000
536 90 0.000000
537 88 0.000000
537 89 0.000000
538 86 0.000000
539 85 0.000000
534 84 0.000000
533 79 0.000000
533 77 0.000000
532 76 0.000000
529 76 0.000000
525 101 1.000000
526 100 0.000000
527 100 0.000000
526 99 0.000000
527 99 0.000000
527 98 0.000000
528 98 0.000000
527 97 0.000000
528 95 0.000000
527 95 0.000000
526 96 0.000000
527 96 0.000000
526 95 0.000000
526 94 0.000000
525 93 0.000000
526 93 0.000000
528 92 0.000000
529 87 0.000000
529 86 0.000000
528 85 0.000000
529 85 0.000000
529 84 0.000000
530 89 0.000000
531 90 0.000000
529 88 0.000000
523 87 0.000000
523 88 0.000000
522 88 0.000000
518 89 0.000000
517 89 0.000000
518 88 0.000000
518 85 0.000000
518 84 0.000000
519 84 0.000000
521 82 0.000000
522 83 0.000000
524 90 0.000000
525 91 0.000000
525 92 0.000000
522 93 0.000000
521 92 0.000000
521 91 0.000000
516 88 0.000000
516 87 0.000000
516 86 0.000000
516 85 0.000000
516 84 0.000000
525 98 0.000000
529 75 0.000000
530 75 0.000000
514 101 1.000000
515 100 0.000000
509 107 0.000000
508 107 0.000000
507 106 0.000000
508 105 0.000000
507 104 0.000000
508 108 0.000000
510 107 0.000000
509 109 0.000000
510 110 0.000000
509 106 0.000000
515 111 0.000000
516 111 0.000000
515 110 0.000000
517 112 0.000000
517 111 0.000000
518 112 0.000000
518 111 0.000000
519 112 0.000000
519 110 0.000000
520 109 0.000000
516 107 0.000000
514 108 0.000000
514 107 0.000000
515 106 1.000000
517 105 0.000000
518 103 0.000000
522 103 0.000000
525 103 0.000000
524 103 0.000000
525 104 0.000000
526 104 0.000000
526 105 0.000000
525 105 0.000000
525 106 0.000000
526 106 0.000000
532 110 0.000000
528 113 0.000000
528 112 0.000000
527 112 0.000000
527 111 0.000000
526 110 0.000000
526 109 0.000000
523 108 0.000000
524 108 0.000000
525 108 0.000000
525 109 0.000000
525 107 0.000000
526 107 0.000000
527 107 0.000000
527 108 0.000000
528 108 0.000000
528 109 0.000000
527 109 0.000000
510 111 0.000000
511 111 0.000000
508 108 1.000000
493 111 1.000000
494 117 0.000000
495 120 0.000000
496 119 0.000000
495 119 0.000000
495 118 0.000000
496 118 0.000000
496 117 0.000000
496 116 0.000000
495 114 0.000000
509 121 0.000000
510 121 0.000000
510 119 0.000000
509 120 0.000000
508 120 0.000000
513 120 0.000000
513 119 0.000000
514 119 0.000000
514 117 0.000000
513 118 0.000000
512 118 0.000000
518 122 0.000000
519 122 0.000000
518 123 0.000000
519 123 0.000000
521 122 0.000000
530 118 0.000000
529 115 0.000000
528 114 0.000000
518 115 0.000000
519 115 0.000000
520 117 0.000000
520 118 0.000000
515 119 0.000000
494 138 1.000000
494 135 0.000000
494 131 0.000000
494 128 0.000000
494 127 0.000000
496 127 0.000000
496 128 0.000000
496 130 0.000000
497 134 0.000000
497 133 0.000000
497 132 0.000000
494 125 0.000000
497 121 0.000000
497 122 0.000000
504 132 0.000000
507 129 0.000000
513 124 0.000000
513 125 0.000000
515 125 0.000000
515 126 0.000000
515 126 1.000000
520 127 0.000000
520 126 0.000000
519 126 0.000000
519 125 0.000000
519 124 0.000000
518 124 0.000000
514 124 0.000000
515 124 0.000000
515 126 0.000000
516 125 0.000000
514 136 0.000000
514 135 0.000000
514 134 0.000000
515 136 0.000000
515 135 0.000000
515 134 0.000000
514 133 0.000000
515 133 0.000000
516 133 0.000000
519 132 0.000000
518 131 0.000000
518 130 0.000000
518 129 0.000000
517 129 0.000000
517 130 0.000000
517 131 0.000000
516 132 0.000000
516 131 0.000000
516 130 0.000000
516 129 0.000000
515 130 0.000000
515 131 0.000000
515 132 0.000000
514 132 0.000000
514 129 0.000000
513 130 0.000000
512 132 0.000000
512 133 0.000000
517 137 0.000000
516 138 0.000000
520 137 0.000000
519 137 0.000000
502 142 1.000000
501 142 0.000000
501 141 0.000000
497 142 0.000000
496 141 0.000000
494 136 0.000000
496 136 0.000000
507 139 0.000000
507 138 0.000000
505 135 0.000000
508 136 1.000000
506 135 0.000000
507 135 0.000000
507 136 0.000000
508 136 0.000000
506 134 0.000000
507 134 0.000000
506 144 1.000000
498 152 0.000000
494 146 0.000000
495 146 0.000000
496 143 0.000000
497 143 0.000000
498 143 0.000000
506 155 0.000000
506 156 0.000000
506 157 0.000000
506 154 0.000000
507 153 0.000000
505 154 0.000000
505 153 0.000000
505 152 0.000000
504 150 0.000000
505 149 0.000000
520 161 1.000000
521 158 0.000000
518 156 0.000000
519 157 0.000000
519 155 0.000000
519 150 1.000000
520 150 0.000000
521 148 0.000000
521 149 0.000000
521 147 0.000000
520 149 0.000000
518 146 0.000000
519 146 0.000000
518 147 0.000000
519 147 0.000000
516 145 0.000000
516 146 0.000000
517 144 0.000000
517 145 0.000000
530 168 0.000000
530 167 0.000000
527 167 0.000000
526 168 0.000000
525 168 0.000000
524 168 0.000000
520 165 0.000000
520 164 0.000000
505 161 0.000000
497 153 0.000000
494 150 0.000000
495 144 0.000000
499 139 0.000000
499 139 1.000000
502 143 0.000000
500 140 0.000000
499 139 0.000000
499 138 0.000000
519 152 1.000000
518 151 0.000000
519 152 0.000000
547 176 1.000000
547 175 0.000000
543 174 0.000000
544 173 0.000000
549 171 0.000000
549 167 0.000000
548 165 0.000000
546 163 0.000000
542 173 0.000000
545 175 0.000000
544 159 0.000000
543 158 0.000000
540 153 0.000000
540 152 0.000000
540 151 0.000000
540 150 0.000000
539 150 0.000000
538 150 0.000000
542 151 0.000000
541 151 0.000000
541 146 0.000000
540 146 0.000000
536 142 0.000000
537 144 0.000000
538 145 0.000000
538 145 1.000000
537 140 0.000000
538 140 0.000000
539 140 0.000000
540 141 0.000000
540 142 0.000000
541 142 0.000000
541 143 0.000000
541 144 0.000000
538 145 0.000000
547 146 0.000000
547 147 0.000000
560 151 0.000000
559 151 0.000000
542 147 0.000000
542 146 0.000000
542 145 0.000000
542 144 0.000000
543 144 0.000000
573 136 0.000000
573 139 0.000000
573 143 0.000000
559 151 1.000000
570 121 0.000000
571 125 0.000000
571 126 0.000000
571 127 0.000000
571 126 1.000000
571 125 1.000000
564 116 0.000000
563 116 0.000000
563 115 0.000000
562 114 0.000000
571 114 0.000000
571 112 0.000000
570 111 0.000000
569 110 0.000000
568 110 0.000000
567 110 0.000000
566 109 0.000000
565 107 0.000000
564 105 0.000000
564 104 0.000000
563 104 0.000000
563 103 0.000000
555 104 0.000000
557 103 0.000000
558 103 0.000000
559 103 0.000000
560 103 0.000000
561 103 0.000000
565 107 1.000000
565 106 0.000000
567 103 0.000000
565 106 1.000000
588 100 0.000000
588 101 1.000000
589 100 0.000000
594 93 0.000000
593 96 0.000000
592 97 0.000000
591 99 0.000000
587 101 0.000000
584 103 0.000000
585 102 0.000000
585 102 1.000000
583 104 0.000000
582 105 0.000000
577 106 0.000000
574 107 0.000000
569 105 0.000000
537 23 1.000000
537 21 0.000000
548 62 0.000000
64 361 0.000000
86 366 1.000000
86 367 1.000000
294 290 0.000000
294 288 0.000000
474 136 1.000000
516 141 0.000000
496 139 0.000000
497 138 0.000000
496 138 0.000000
496 137 0.000000
497 137 0.000000
495 138 0.000000
511 124 0.000000
511 123 0.000000
511 122 0.000000
512 122 0.000000
512 123 0.000000
513 123 0.000000
515 123 0.000000
514 122 0.000000
513 121 0.000000
513 122 0.000000
514 123 0.000000
515 122 0.000000
514 121 0.000000
514 120 0.000000
515 121 0.000000
515 120 0.000000
512 136 0.000000
513 136 0.000000
512 135 0.000000
513 135 0.000000
512 134 0.000000
513 134 0.000000
506 128 0.000000
507 128 0.000000
516 116 0.000000
517 115 0.000000
516 115 0.000000
517 116 0.000000
518 116 0.000000
519 116 0.000000
519 117 0.000000
518 117 0.000000
518 118 0.000000
518 119 0.000000
518 121 0.000000
518 120 0.000000
517 121 0.000000
516 121 0.000000
516 120 0.000000
517 120 0.000000
516 119 0.000000
517 119 0.000000
516 118 0.000000
517 118 0.000000
516 117 0.000000
517 117 0.000000
512 110 0.000000
512 110 1.000000
511 107 0.000000
512 109 0.000000
512 109 1.000000
512 107 0.000000
513 107 0.000000
513 109 0.000000
512 109 0.000000
512 109 1.000000
512 109 0.000000
511 108 0.000000
512 108 0.000000
513 108 0.000000
512 110 0.000000
515 106 0.000000
506 106 0.000000
508 108 0.000000
477 7 0.000000
477 6 0.000000
477 5 0.000000
478 5 0.000000
479 5 0.000000
479 6 0.000000
478 6 0.000000
476 5 0.000000
483 8 0.000000
484 8 0.000000
484 8 1.000000
485 7 0.000000
484 8 0.000000
486 8 0.000000
487 8 0.000000
487 7 0.000000
486 7 0.000000
485 8 0.000000
580 51 0.000000
580 51 1.000000
580 51 0.000000
580 51 1.000000
582 50 0.000000
582 51 0.000000
582 52 0.000000
582 53 0.000000
582 54 0.000000
581 54 0.000000
580 54 0.000000
580 54 1.000000
580 54 0.000000
580 53 0.000000
581 53 0.000000
581 53 1.000000
580 52 0.000000
580 51 0.000000
580 51 1.000000
581 50 0.000000
581 51 0.000000
581 52 0.000000
581 53 0.000000
580 51 0.000000
576 53 0.000000
550 219 0.000000
550 218 0.000000
304 277 0.000000
304 276 0.000000
260 320 0.000000
261 320 0.000000
262 320 0.000000
263 320 0.000000
264 320 0.000000
267 321 0.000000
268 321 0.000000
272 322 0.000000
324 351 0.000000
325 351 0.000000
324 350 0.000000
325 350 0.000000
324 349 0.000000
325 349 0.000000
326 354 0.000000
327 354 0.000000
328 354 0.000000
334 350 0.000000
335 350 0.000000
335 350 1.000000
336 351 0.000000
335 350 0.000000
335 349 0.000000
334 349 0.000000
326 354 1.000000
328 354 1.000000
328 354 0.000000
329 354 0.000000
327 354 1.000000
328 354 1.000000
329 354 1.000000
331 353 0.000000
332 352 0.000000
332 352 1.000000
332 352 0.000000
333 351 0.000000
59 329 0.000000
58 326 0.000000
58 325 0.000000
56 322 0.000000
498 120 0.000000
498 119 0.000000
497 118 0.000000
496 115 0.000000
497 117 0.000000
494 118 0.000000
117 365 0.000000
116 364 0.000000
115 361 0.000000
12 268 0.000000
14 269 0.000000
13 268 0.000000
12 267 0.000000
11 265 0.000000
103 364 0.000000
49 315 0.000000
514 143 0.000000
514 144 0.000000
514 145 0.000000
50 315 0.000000
49 314 0.000000
48 314 0.000000
47 313 0.000000
47 312 0.000000
50 315 1.000000
49 314 1.000000
48 314 1.000000
10 264 0.000000
6 261 1.000000
6 259 0.000000
6 262 1.000000
6 260 0.000000
6 261 0.000000
6 262 0.000000
7 260 0.000000
48 314 0.000000
44 304 0.000000
44 303 0.000000
44 304 1.000000
44 303 1.000000
50 315 0.000000
49 314 0.000000
48 313 0.000000
116 363 0.000000
116 362 0.000000
344 354 0.000000
86 367 0.000000
55 320 0.000000
54 319 0.000000
52 318 0.000000
51 317 0.000000
52 317 0.000000
51 316 0.000000
272 355 0.000000
273 355 0.000000
271 354 0.000000
272 354 0.000000
273 354 0.000000
272 353 0.000000
273 353 0.000000
274 353 0.000000
274 352 0.000000
275 352 0.000000
276 352 0.000000
276 351 0.000000
275 351 0.000000
274 351 0.000000
273 351 0.000000
273 352 0.000000
270 354 0.000000
52 317 1.000000
51 316 1.000000
50 315 1.000000
49 314 1.000000
48 313 1.000000
53 318 0.000000
52 317 0.000000
51 316 0.000000
50 315 0.000000
49 314 0.000000
48 313 0.000000
54 318 0.000000
53 317 0.000000
52 316 0.000000
51 315 0.000000
50 314 0.000000
49 313 0.000000
48 312 0.000000
46 311 0.000000
89 366 0.000000
90 366 0.000000
89 365 0.000000
90 365 0.000000
91 365 0.000000
94 365 0.000000
83 366 0.000000
83 367 0.000000
83 368 0.000000
84 368 0.000000
85 368 0.000000
85 367 0.000000
84 366 0.000000
84 367 0.000000
502 142 0.000000
503 143 0.000000
503 143 1.000000
503 143 0.000000
497 136 0.000000
498 137 0.000000
85 366 0.000000
86 366 0.000000
84 365 0.000000
526 92 0.000000
527 92 0.000000
527 91 0.000000
528 91 0.000000
526 91 0.000000
525 90 0.000000
526 90 0.000000
527 90 0.000000
528 90 0.000000
528 89 0.000000
528 88 0.000000
524 88 0.000000
525 89 0.000000
526 89 0.000000
527 89 0.000000
527 88 0.000000
528 84 0.000000
529 82 0.000000
527 87 0.000000
527 86 0.000000
526 88 0.000000
525 88 0.000000
528 85 1.000000
527 85 0.000000
529 85 1.000000
528 85 0.000000
529 85 0.000000
17 274 0.000000
16 274 0.000000
16 273 0.000000
15 272 1.000000
16 272 0.000000
15 272 0.000000
515 139 0.000000
514 138 0.000000
514 138 1.000000
514 138 0.000000
513 137 0.000000
514 137 0.000000
515 137 0.000000
515 138 0.000000
105 363 0.000000
106 363 0.000000
107 363 0.000000
346 358 0.000000
346 357 0.000000
346 356 0.000000
345 355 0.000000
343 354 0.000000
343 354 1.000000
104 363 0.000000
103 364 1.000000
101 367 0.000000
102 367 0.000000
103 364 0.000000
515 141 0.000000
515 140 0.000000
102 366 0.000000
102 365 0.000000
98 366 0.000000
99 366 0.000000
100 366 0.000000
101 366 0.000000
345 361 0.000000
345 360 0.000000
345 364 0.000000
2 251 0.000000
3 252 0.000000
345 359 0.000000
345 358 0.000000
345 357 0.000000
345 356 0.000000
344 355 0.000000
343 354 0.000000
341 354 0.000000
342 354 0.000000
344 363 0.000000
344 362 0.000000
344 361 0.000000
344 360 0.000000
350 291 0.000000
349 290 0.000000
348 289 0.000000
347 288 0.000000
345 287 0.000000
344 287 0.000000
343 287 0.000000
338 355 0.000000
337 354 0.000000
337 353 0.000000
336 352 0.000000
496 153 0.000000
496 152 0.000000
495 152 0.000000
494 151 0.000000
472 263 0.000000
471 262 0.000000
471 262 1.000000
471 262 0.000000
470 261 0.000000
470 260 0.000000
469 257 0.000000
340 287 0.000000
341 287 0.000000
342 287 0.000000
338 286 0.000000
73 356 0.000000
75 356 0.000000
75 356 1.000000
74 356 0.000000
75 356 0.000000
75 355 0.000000
22 279 0.000000
23 281 0.000000
23 280 0.000000
23 283 0.000000
23 282 0.000000
20 278 0.000000
59 328 0.000000
60 331 0.000000
59 327 0.000000
57 322 0.000000
505 151 0.000000
505 150 0.000000
507 152 0.000000
507 155 0.000000
55 319 0.000000
24 290 0.000000
25 290 0.000000
24 289 0.000000
18 275 0.000000
17 273 0.000000
15 271 1.000000
16 271 0.000000
15 271 0.000000
24 286 0.000000
24 285 0.000000
60 330 0.000000
61 330 0.000000
60 329 0.000000
61 331 0.000000
61 329 0.000000
60 328 0.000000
21 278 0.000000
20 277 0.000000
19 276 0.000000
20 276 0.000000
20 276 1.000000
20 276 0.000000
19 275 0.000000
18 274 0.000000
17 272 0.000000
20 276 1.000000
19 275 1.000000
18 274 1.000000
17 272 1.000000
17 273 1.000000
16 271 1.000000
17 274 1.000000
18 275 1.000000
19 276 1.000000
17 274 0.000000
316 276 0.000000
315 277 0.000000
314 277 0.000000
315 276 0.000000
319 276 0.000000
320 276 0.000000
317 275 0.000000
318 275 0.000000
541 70 0.000000
541 67 0.000000
317 275 1.000000
319 275 0.000000
318 275 1.000000
319 275 1.000000
321 354 0.000000
323 353 0.000000
323 353 1.000000
322 353 0.000000
317 275 0.000000
319 275 0.000000
319 275 1.000000
318 275 0.000000
527 71 0.000000
527 70 0.000000
527 69 0.000000
528 69 0.000000
528 69 1.000000
120 368 0.000000
122 368 1.000000
122 368 0.000000
121 368 0.000000
121 368 1.000000
120 366 0.000000
121 366 0.000000
121 367 0.000000
120 367 0.000000
121 368 0.000000
317 275 1.000000
318 275 1.000000
316 275 0.000000
317 275 0.000000
318 275 0.000000
319 275 0.000000
320 275 0.000000
321 275 0.000000
322 275 0.000000
317 274 0.000000
318 274 0.000000
319 274 0.000000
320 274 0.000000
321 274 0.000000
318 273 0.000000
319 273 0.000000
318 273 1.000000
318 273 0.000000
319 273 1.000000
318 273 1.000000
317 274 1.000000
318 274 1.000000
319 274 1.000000
320 274 1.000000
321 274 1.000000
322 275 1.000000
321 275 1.000000
320 275 1.000000
319 275 1.000000
318 275 1.000000
317 275 1.000000
316 275 1.000000
315 276 1.000000
314 277 1.000000
316 276 1.000000
316 276 0.000000
315 276 0.000000
316 275 0.000000
317 275 0.000000
318 275 0.000000
315 275 0.000000
314 277 0.000000
314 276 0.000000
316 274 0.000000
317 274 0.000000
318 274 0.000000
319 275 0.000000
320 275 0.000000
319 274 0.000000
321 275 0.000000
320 274 0.000000
322 275 0.000000
321 274 0.000000
321 274 1.000000
322 274 0.000000
321 274 0.000000
322 274 1.000000
316 273 0.000000
317 273 0.000000
318 273 0.000000
319 273 0.000000
320 273 0.000000
313 277 0.000000
313 277 1.000000
314 275 0.000000
313 276 0.000000
313 277 0.000000
315 274 0.000000
312 278 0.000000
312 277 0.000000
311 278 0.000000
310 279 0.000000
314 277 1.000000
314 277 0.000000
313 276 1.000000
314 275 1.000000
315 274 1.000000
316 273 1.000000
317 273 1.000000
318 273 1.000000
319 273 1.000000
320 273 1.000000
316 274 1.000000
316 274 0.000000
319 273 0.000000
320 273 0.000000
321 273 0.000000
314 275 0.000000
540 55 0.000000
18 275 0.000000
22 267 0.000000
22 267 1.000000
318 273 0.000000
324 276 0.000000
327 277 0.000000
323 275 0.000000
325 276 0.000000
322 274 0.000000
325 275 0.000000
326 276 0.000000
324 275 0.000000
523 83 0.000000
522 82 0.000000
19 276 0.000000
18 274 0.000000
19 275 0.000000
18 274 1.000000
19 275 1.000000
23 279 0.000000
22 278 0.000000
21 277 0.000000
21 277 1.000000
21 277 0.000000
20 276 0.000000
19 275 0.000000
18 274 0.000000
17 273 0.000000
23 279 1.000000
22 278 1.000000
21 277 1.000000
20 276 1.000000
19 275 1.000000
18 274 1.000000
17 273 1.000000
16 272 1.000000
18 274 0.000000
19 275 0.000000
19 274 0.000000
330 278 0.000000
10 263 0.000000
563 231 0.000000
520 72 0.000000
497 116 0.000000
91 364 0.000000
92 364 0.000000
514 142 0.000000
95 365 0.000000
20 276 0.000000
20 275 0.000000
20 275 1.000000
19 271 0.000000
19 271 1.000000
19 274 1.000000
20 276 1.000000
19 275 1.000000
18 274 1.000000
18 274 0.000000
19 275 0.000000
19 274 0.000000
564 152 0.000000
266 321 0.000000
318 354 0.000000
265 321 0.000000
539 81 0.000000
364 357 0.000000
363 355 0.000000
519 72 0.000000
524 87 0.000000
518 71 0.000000
541 184 0.000000
470 258 0.000000
470 259 0.000000
469 258 0.000000
348 288 0.000000
533 76 0.000000
273 294 0.000000
319 355 0.000000
320 355 0.000000
542 65 0.000000
281 324 0.000000
281 323 0.000000
280 324 0.000000
280 323 0.000000
279 324 0.000000
279 323 0.000000
322 354 0.000000
321 355 0.000000
322 355 0.000000
570 154 0.000000
569 154 0.000000
533 83 0.000000
533 82 0.000000
533 81 0.000000
533 80 0.000000
534 83 0.000000
534 82 0.000000
535 82 0.000000
84 362 0.000000
84 361 0.000000
541 173 0.000000
84 363 0.000000
84 364 0.000000
519 150 0.000000
519 149 0.000000
519 148 0.000000
301 350 0.000000
301 349 0.000000
301 351 0.000000
20 275 0.000000
20 276 0.000000
121 365 0.000000
518 150 0.000000
313 276 0.000000
20 274 0.000000
20 273 0.000000
19 273 0.000000
18 273 0.000000
17 273 0.000000
313 275 0.000000
121 364 0.000000
541 89 0.000000
564 230 0.000000
273 295 0.000000
264 321 0.000000
116 361 0.000000
531 65 0.000000
468 14 0.000000
561 218 0.000000
74 355 0.000000
556 229 0.000000
333 281 0.000000
571 154 0.000000
302 346 0.000000
312 348 0.000000
312 347 0.000000
312 349 0.000000
541 51 0.000000
541 52 0.000000
312 276 0.000000
312 275 0.000000
541 53 0.000000
470 36 0.000000
493 147 0.000000
493 148 0.000000
493 146 0.000000
493 149 0.000000
306 352 0.000000
531 75 0.000000
24 284 0.000000
532 64 0.000000
468 257 0.000000
315 351 0.000000
492 149 0.000000
492 148 0.000000
518 149 0.000000
518 148 0.000000
543 64 0.000000
541 188 0.000000
271 360 0.000000
344 364 0.000000
529 79 0.000000
90 364 0.000000
267 355 0.000000
268 355 0.000000
368 302 0.000000
537 59 0.000000
544 63 0.000000
291 338 0.000000
539 57 0.000000
469 12 0.000000
469 13 0.000000
314 351 0.000000
538 58 0.000000
539 58 0.000000
538 59 0.000000
536 60 0.000000
535 60 0.000000
535 61 0.000000
537 60 0.000000
538 60 0.000000
534 63 0.000000
7 259 0.000000
369 304 0.000000
7 258 0.000000
526 72 0.000000
291 340 0.000000
291 339 0.000000
281 332 0.000000
281 331 0.000000
280 333 0.000000
365 352 0.000000
80 358 0.000000
318 355 0.000000
365 301 0.000000
468 13 0.000000
267 316 0.000000
85 365 0.000000
86 365 0.000000
529 81 0.000000
529 80 0.000000
360 358 0.000000
89 364 0.000000
370 305 0.000000
371 306 0.000000
359 358 0.000000
371 305 0.000000
503 160 0.000000
573 140 0.000000
573 141 0.000000
573 141 1.000000
573 142 0.000000
573 141 0.000000
293 334 0.000000
294 334 0.000000
