   7.9600000e+05  -1.7518000e+07
   7.9600000e+05  -1.7478000e+07
   7.9600000e+05  -1.7442000e+07
   7.9600000e+05  -1.7410000e+07
   7.9600000e+05  -1.7382000e+07
   7.9600000e+05  -1.7358000e+07
   7.9600000e+05  -1.7338000e+07
   7.9600000e+05  -1.7322000e+07
   7.9600000e+05  -1.7310000e+07
   7.9600000e+05  -1.7302000e+07
   7.9600000e+05  -1.7298000e+07
   7.9600000e+05  -1.7294000e+07
   7.9600000e+05  -1.7290000e+07
   7.9600000e+05  -1.7286000e+07
   7.9600000e+05  -1.7282000e+07
   7.9600000e+05  -1.7278000e+07
   7.9600000e+05  -1.7274000e+07
   7.9600000e+05  -1.7270000e+07
   7.9600000e+05  -1.7266000e+07
   7.9600000e+05  -1.7262000e+07
   7.9600000e+05  -1.7258000e+07
   7.9600000e+05  -1.7254000e+07
   7.9600000e+05  -1.7250000e+07
   7.9600000e+05  -1.7246000e+07
   7.9600000e+05  -1.7242000e+07
   7.9600000e+05  -1.7238000e+07
   7.9600000e+05  -1.7234000e+07
   7.9600000e+05  -1.7230000e+07
   7.9600000e+05  -1.7226000e+07
   7.9600000e+05  -1.7222000e+07
   7.9600000e+05  -1.7218000e+07
   7.9600000e+05  -1.7214000e+07
   7.9600000e+05  -1.7210000e+07
   7.9600000e+05  -1.7206000e+07
   7.9600000e+05  -1.7202000e+07
   7.9600000e+05  -1.7198000e+07
   7.9600000e+05  -1.7194000e+07
   7.9600000e+05  -1.7190000e+07
   7.9600000e+05  -1.7186000e+07
   7.9600000e+05  -1.7182000e+07
   7.9600000e+05  -1.7178000e+07
   7.9600000e+05  -1.7174000e+07
   7.9600000e+05  -1.7170000e+07
   7.9600000e+05  -1.7166000e+07
   7.9600000e+05  -1.7162000e+07
   7.9600000e+05  -1.7158000e+07
   7.9600000e+05  -1.7154000e+07
   7.9600000e+05  -1.7150000e+07
   7.9600000e+05  -1.7146000e+07
   7.9600000e+05  -1.7142000e+07
   7.9600000e+05  -1.7138000e+07
   7.9600000e+05  -1.7134000e+07
   7.9600000e+05  -1.7130000e+07
   7.9600000e+05  -1.7126000e+07
   7.9600000e+05  -1.7122000e+07
   7.9600000e+05  -1.7118000e+07
   7.9600000e+05  -1.7114000e+07
   7.9600000e+05  -1.7110000e+07
   7.9600000e+05  -1.7106000e+07
   7.9600000e+05  -1.7102000e+07
   7.9600000e+05  -1.7098000e+07
   7.9600000e+05  -1.7094000e+07
   7.9600000e+05  -1.7090000e+07
   7.9600000e+05  -1.7086000e+07
   7.9600000e+05  -1.7082000e+07
   7.9600000e+05  -1.7078000e+07
   7.9600000e+05  -1.7074000e+07
   7.9600000e+05  -1.7070000e+07
   7.9600000e+05  -1.7066000e+07
   7.9600000e+05  -1.7062000e+07
   7.9600000e+05  -1.7058000e+07
   7.9600000e+05  -1.7054000e+07
   7.9600000e+05  -1.7050000e+07
   7.9600000e+05  -1.7046000e+07
   7.9600000e+05  -1.7042000e+07
   7.9600000e+05  -1.7038000e+07
   7.9600000e+05  -1.7034000e+07
   7.9600000e+05  -1.7030000e+07
   7.9600000e+05  -1.7026000e+07
   7.9600000e+05  -1.7022000e+07
   7.9600000e+05  -1.7018000e+07
   7.9600000e+05  -1.7014000e+07
   7.9600000e+05  -1.7010000e+07
   7.9600000e+05  -1.7006000e+07
   7.9600000e+05  -1.7002000e+07
   7.9600000e+05  -1.6998000e+07
   7.9600000e+05  -1.6994000e+07
   7.9600000e+05  -1.6990000e+07
   7.9600000e+05  -1.6986000e+07
   7.9600000e+05  -1.6982000e+07
   7.9600000e+05  -1.6978000e+07
   7.9600000e+05  -1.6974000e+07
   7.9600000e+05  -1.6970000e+07
   7.9600000e+05  -1.6966000e+07
   7.9600000e+05  -1.6962000e+07
   7.9600000e+05  -1.6958000e+07
   7.9600000e+05  -1.6954000e+07
   7.9600000e+05  -1.6950000e+07
   7.9600000e+05  -1.6946000e+07
   7.9600000e+05  -1.6942000e+07
   7.9600000e+05  -1.6938000e+07
   7.9600000e+05  -1.6934000e+07
   7.9600000e+05  -1.6930000e+07
   7.9600000e+05  -1.6926000e+07
   7.9600000e+05  -1.6922000e+07
   7.9600000e+05  -1.6918000e+07
   7.9600000e+05  -1.6914000e+07
   7.9600000e+05  -1.6910000e+07
   7.9600000e+05  -1.6906000e+07
   7.9600000e+05  -1.6902000e+07
   7.9600000e+05  -1.6898000e+07
   7.9600000e+05  -1.6894000e+07
   7.9600000e+05  -1.6890000e+07
   7.9600000e+05  -1.6886000e+07
   7.9600000e+05  -1.6882000e+07
   7.9600000e+05  -1.6878000e+07
   7.9600000e+05  -1.6874000e+07
   7.9600000e+05  -1.6870000e+07
   7.9600000e+05  -1.6866000e+07
   7.9600000e+05  -1.6862000e+07
   7.9600000e+05  -1.6858000e+07
   7.9600000e+05  -1.6854000e+07
   7.9600000e+05  -1.6850000e+07
   7.9600000e+05  -1.6846000e+07
   7.9600000e+05  -1.6842000e+07
   7.9600000e+05  -1.6838000e+07
   7.9600000e+05  -1.6834000e+07
   7.9600000e+05  -1.6830000e+07
   7.9600000e+05  -1.6826000e+07
   7.9600000e+05  -1.6822000e+07
   7.9600000e+05  -1.6818000e+07
   7.9600000e+05  -1.6814000e+07
   7.9600000e+05  -1.6810000e+07
   7.9600000e+05  -1.6806000e+07
   7.9600000e+05  -1.6802000e+07
   7.9600000e+05  -1.6798000e+07
   7.9600000e+05  -1.6794000e+07
   7.9600000e+05  -1.6790000e+07
   7.9600000e+05  -1.6786000e+07
   7.9600000e+05  -1.6782000e+07
   7.9600000e+05  -1.6778000e+07
   7.9600000e+05  -1.6774000e+07
   7.9600000e+05  -1.6770000e+07
   7.9600000e+05  -1.6766000e+07
   7.9600000e+05  -1.6762000e+07
   7.9600000e+05  -1.6758000e+07
   7.9600000e+05  -1.6754000e+07
   7.9600000e+05  -1.6750000e+07
   7.9600000e+05  -1.6746000e+07
   7.9600000e+05  -1.6742000e+07
   7.9600000e+05  -1.6734000e+07
   7.9600000e+05  -1.6722000e+07
   7.9600000e+05  -1.6706000e+07
   7.9600000e+05  -1.6686000e+07
   7.9600000e+05  -1.6662000e+07
   7.9600000e+05  -1.6634000e+07
   7.9600000e+05  -1.6602000e+07
   7.9600000e+05  -1.6566000e+07
   7.9600000e+05  -1.6526000e+07
