   2.8115928e+05  -2.4505676e+06
   2.8133547e+05  -2.4485753e+06
   2.8151165e+05  -2.4465831e+06
   2.8168784e+05  -2.4445909e+06
   2.8186402e+05  -2.4425987e+06
   2.8204020e+05  -2.4406064e+06
   2.8221639e+05  -2.4386142e+06
   2.8239257e+05  -2.4366220e+06
   2.8256876e+05  -2.4346298e+06
   2.8274494e+05  -2.4326375e+06
   2.8292112e+05  -2.4306453e+06
   2.8309731e+05  -2.4286531e+06
   2.8327349e+05  -2.4266609e+06
   2.8344968e+05  -2.4246687e+06
   2.8362586e+05  -2.4226764e+06
   2.8380204e+05  -2.4206842e+06
   2.8397823e+05  -2.4186920e+06
   2.8415441e+05  -2.4166998e+06
   2.8433059e+05  -2.4147075e+06
   2.8450678e+05  -2.4127153e+06
   2.8468296e+05  -2.4107231e+06
   2.8485915e+05  -2.4087309e+06
   2.8503533e+05  -2.4067386e+06
   2.8521151e+05  -2.4047464e+06
   2.8538770e+05  -2.4027542e+06
   2.8556388e+05  -2.4007620e+06
   2.8574007e+05  -2.3987697e+06
   2.8591625e+05  -2.3967775e+06
   2.8609243e+05  -2.3947853e+06
   2.8626862e+05  -2.3927931e+06
   2.8644480e+05  -2.3908008e+06
   2.8662099e+05  -2.3888086e+06
   2.8679717e+05  -2.3868164e+06
   2.8697335e+05  -2.3848242e+06
   2.8714954e+05  -2.3828319e+06
   2.8732572e+05  -2.3808397e+06
   2.8750191e+05  -2.3788475e+06
   2.8767809e+05  -2.3768553e+06
   2.8785427e+05  -2.3748630e+06
   2.8803046e+05  -2.3728708e+06
   2.8820664e+05  -2.3708786e+06
   2.8838283e+05  -2.3688864e+06
   2.8855901e+05  -2.3668941e+06
   2.8873519e+05  -2.3649019e+06
   2.8891138e+05  -2.3629097e+06
   2.8908756e+05  -2.3609175e+06
   2.8926375e+05  -2.3589252e+06
   2.8943993e+05  -2.3569330e+06
   2.8961611e+05  -2.3549408e+06
   2.8979230e+05  -2.3529486e+06
   2.8996848e+05  -2.3509563e+06
   2.9014467e+05  -2.3489641e+06
   2.9032085e+05  -2.3469719e+06
   2.9049703e+05  -2.3449797e+06
   2.9067322e+05  -2.3429874e+06
   2.9084940e+05  -2.3409952e+06
   2.9102559e+05  -2.3390030e+06
   2.9120177e+05  -2.3370108e+06
   2.9137795e+05  -2.3350185e+06
   2.9155414e+05  -2.3330263e+06
   2.9173032e+05  -2.3310341e+06
   2.9190650e+05  -2.3290419e+06
   2.9208269e+05  -2.3270496e+06
   2.9225887e+05  -2.3250574e+06
   2.9243506e+05  -2.3230652e+06
   2.9261124e+05  -2.3210730e+06
   2.9278742e+05  -2.3190807e+06
   2.9296361e+05  -2.3170885e+06
   2.9313979e+05  -2.3150963e+06
   2.9331598e+05  -2.3131041e+06
   2.9349216e+05  -2.3111118e+06
   2.9366834e+05  -2.3091196e+06
   2.9384453e+05  -2.3071274e+06
   2.9402071e+05  -2.3051352e+06
   2.9419690e+05  -2.3031429e+06
   2.9437308e+05  -2.3011507e+06
   2.9454926e+05  -2.2991585e+06
   2.9472545e+05  -2.2971663e+06
   2.9490163e+05  -2.2951740e+06
   2.9507782e+05  -2.2931818e+06
   2.9525400e+05  -2.2911896e+06
   2.9543018e+05  -2.2891974e+06
   2.9560637e+05  -2.2872051e+06
   2.9578255e+05  -2.2852129e+06
   2.9595874e+05  -2.2832207e+06
   2.9613492e+05  -2.2812285e+06
   2.9631110e+05  -2.2792362e+06
   2.9648729e+05  -2.2772440e+06
   2.9666347e+05  -2.2752518e+06
   2.9683966e+05  -2.2732596e+06
   2.9701584e+05  -2.2712673e+06
   2.9719202e+05  -2.2692751e+06
   2.9736821e+05  -2.2672829e+06
   2.9754439e+05  -2.2652907e+06
   2.9772058e+05  -2.2632985e+06
   2.9789676e+05  -2.2613062e+06
   2.9807294e+05  -2.2593140e+06
   2.9824913e+05  -2.2573218e+06
   2.9842531e+05  -2.2553296e+06
   2.9860149e+05  -2.2533373e+06
   2.9877768e+05  -2.2513451e+06
   2.9895386e+05  -2.2493529e+06
   2.9913005e+05  -2.2473607e+06
   2.9930623e+05  -2.2453684e+06
   2.9948241e+05  -2.2433762e+06
   2.9965860e+05  -2.2413840e+06
   2.9983478e+05  -2.2393918e+06
   3.0001097e+05  -2.2373995e+06
   3.0018715e+05  -2.2354073e+06
   3.0036333e+05  -2.2334151e+06
   3.0053952e+05  -2.2314229e+06
   3.0071570e+05  -2.2294306e+06
   3.0089189e+05  -2.2274384e+06
   3.0106807e+05  -2.2254462e+06
   3.0124425e+05  -2.2234540e+06
   3.0142044e+05  -2.2214617e+06
   3.0159662e+05  -2.2194695e+06
   3.0177281e+05  -2.2174773e+06
   3.0194899e+05  -2.2154851e+06
   3.0212517e+05  -2.2134928e+06
   3.0230136e+05  -2.2115006e+06
   3.0247754e+05  -2.2095084e+06
   3.0265373e+05  -2.2075162e+06
   3.0282991e+05  -2.2055239e+06
   3.0300609e+05  -2.2035317e+06
   3.0318228e+05  -2.2015395e+06
   3.0335846e+05  -2.1995473e+06
   3.0353465e+05  -2.1975550e+06
   3.0371083e+05  -2.1955628e+06
   3.0388701e+05  -2.1935706e+06
   3.0406320e+05  -2.1915784e+06
   3.0423938e+05  -2.1895861e+06
   3.0441557e+05  -2.1875939e+06
   3.0459175e+05  -2.1856017e+06
   3.0476793e+05  -2.1836095e+06
   3.0494412e+05  -2.1816172e+06
   3.0512030e+05  -2.1796250e+06
   3.0529649e+05  -2.1776328e+06
   3.0547267e+05  -2.1756406e+06
   3.0564885e+05  -2.1736483e+06
   3.0582504e+05  -2.1716561e+06
   3.0600122e+05  -2.1696639e+06
   3.0617740e+05  -2.1676717e+06
   3.0635359e+05  -2.1656794e+06
   3.0652977e+05  -2.1636872e+06
   3.0670596e+05  -2.1616950e+06
   3.0688214e+05  -2.1597028e+06
   3.0705832e+05  -2.1577105e+06
   3.0723451e+05  -2.1557183e+06
   3.0741069e+05  -2.1537261e+06
   3.0758688e+05  -2.1517339e+06
   3.0776306e+05  -2.1497416e+06
   3.0793924e+05  -2.1477494e+06
   3.0811543e+05  -2.1457572e+06
   3.0829161e+05  -2.1437650e+06
   3.0846780e+05  -2.1417727e+06
   3.0864398e+05  -2.1397805e+06
   3.0882016e+05  -2.1377883e+06
   3.0899635e+05  -2.1357961e+06
   3.0917253e+05  -2.1338038e+06
   3.0934872e+05  -2.1318116e+06
   3.0952490e+05  -2.1298194e+06
   3.0970108e+05  -2.1278272e+06
   3.0987727e+05  -2.1258349e+06
   3.1005345e+05  -2.1238427e+06
   3.1022964e+05  -2.1218505e+06
   3.1040582e+05  -2.1198583e+06
   3.1058200e+05  -2.1178660e+06
   3.1075819e+05  -2.1158738e+06
   3.1093437e+05  -2.1138816e+06
   3.1111056e+05  -2.1118894e+06
   3.1128674e+05  -2.1098971e+06
   3.1146292e+05  -2.1079049e+06
   3.1163911e+05  -2.1059127e+06
   3.1181529e+05  -2.1039205e+06
   3.1199148e+05  -2.1019283e+06
   3.1216766e+05  -2.0999360e+06
   3.1234384e+05  -2.0979438e+06
   3.1252003e+05  -2.0959516e+06
   3.1269621e+05  -2.0939594e+06
   3.1287239e+05  -2.0919671e+06
   3.1304858e+05  -2.0899749e+06
   3.1322476e+05  -2.0879827e+06
   3.1340095e+05  -2.0859905e+06
   3.1357713e+05  -2.0839982e+06
   3.1375331e+05  -2.0820060e+06
   3.1392950e+05  -2.0800138e+06
   3.1410568e+05  -2.0780216e+06
   3.1428187e+05  -2.0760293e+06
   3.1445805e+05  -2.0740371e+06
   3.1463423e+05  -2.0720449e+06
   3.1481042e+05  -2.0700527e+06
   3.1498660e+05  -2.0680604e+06
   3.1516279e+05  -2.0660682e+06
   3.1533897e+05  -2.0640760e+06
   3.1551515e+05  -2.0620838e+06
   3.1569134e+05  -2.0600915e+06
   3.1586752e+05  -2.0580993e+06
   3.1604371e+05  -2.0561071e+06
   3.1621989e+05  -2.0541149e+06
   3.1639607e+05  -2.0521226e+06
   3.1657226e+05  -2.0501304e+06
   3.1674844e+05  -2.0481382e+06
   3.1692463e+05  -2.0461460e+06
   3.1710081e+05  -2.0441537e+06
   3.1727699e+05  -2.0421615e+06
   3.1745318e+05  -2.0401693e+06
   3.1762936e+05  -2.0381771e+06
   3.1780555e+05  -2.0361848e+06
   3.1798173e+05  -2.0341926e+06
   3.1815791e+05  -2.0322004e+06
   3.1833410e+05  -2.0302082e+06
   3.1851028e+05  -2.0282159e+06
   3.1868647e+05  -2.0262237e+06
   3.1886265e+05  -2.0242315e+06
   3.1903883e+05  -2.0222393e+06
   3.1921502e+05  -2.0202470e+06
   3.1939120e+05  -2.0182548e+06
   3.1956739e+05  -2.0162626e+06
   3.1974357e+05  -2.0142704e+06
   3.1991975e+05  -2.0122781e+06
   3.2009594e+05  -2.0102859e+06
   3.2027212e+05  -2.0082937e+06
   3.2044830e+05  -2.0063015e+06
   3.2062449e+05  -2.0043092e+06
   3.2080067e+05  -2.0023170e+06
   3.2097686e+05  -2.0003248e+06
   3.2115304e+05  -1.9983326e+06
   3.2132922e+05  -1.9963403e+06
   3.2150541e+05  -1.9943481e+06
   3.2168159e+05  -1.9923559e+06
   3.2185778e+05  -1.9903637e+06
   3.2203396e+05  -1.9883714e+06
   3.2221014e+05  -1.9863792e+06
   3.2238633e+05  -1.9843870e+06
   3.2256251e+05  -1.9823948e+06
   3.2273870e+05  -1.9804025e+06
   3.2291488e+05  -1.9784103e+06
   3.2309106e+05  -1.9764181e+06
   3.2326725e+05  -1.9744259e+06
   3.2344343e+05  -1.9724336e+06
   3.2361962e+05  -1.9704414e+06
   3.2379580e+05  -1.9684492e+06
   3.2397198e+05  -1.9664570e+06
   3.2414817e+05  -1.9644647e+06
   3.2432435e+05  -1.9624725e+06
   3.2450054e+05  -1.9604803e+06
   3.2467672e+05  -1.9584881e+06
   3.2485290e+05  -1.9564958e+06
   3.2502909e+05  -1.9545036e+06
   3.2520527e+05  -1.9525114e+06
   3.2538146e+05  -1.9505192e+06
   3.2555764e+05  -1.9485269e+06
   3.2573382e+05  -1.9465347e+06
   3.2591001e+05  -1.9445425e+06
   3.2608619e+05  -1.9425503e+06
   3.2626238e+05  -1.9405581e+06
   3.2643856e+05  -1.9385658e+06
   3.2661474e+05  -1.9365736e+06
   3.2679093e+05  -1.9345814e+06
   3.2696711e+05  -1.9325892e+06
   3.2714329e+05  -1.9305969e+06
   3.2731948e+05  -1.9286047e+06
   3.2749566e+05  -1.9266125e+06
   3.2767185e+05  -1.9246203e+06
   3.2784803e+05  -1.9226280e+06
   3.2802421e+05  -1.9206358e+06
   3.2820040e+05  -1.9186436e+06
   3.2837658e+05  -1.9166514e+06
   3.2855277e+05  -1.9146591e+06
   3.2872895e+05  -1.9126669e+06
   3.2890513e+05  -1.9106747e+06
   3.2908132e+05  -1.9086825e+06
   3.2925750e+05  -1.9066902e+06
   3.2943369e+05  -1.9046980e+06
   3.2960987e+05  -1.9027058e+06
   3.2978605e+05  -1.9007136e+06
   3.2996224e+05  -1.8987213e+06
   3.3013842e+05  -1.8967291e+06
   3.3031461e+05  -1.8947369e+06
   3.3049079e+05  -1.8927447e+06
   3.3066697e+05  -1.8907524e+06
   3.3084316e+05  -1.8887602e+06
   3.3101934e+05  -1.8867680e+06
   3.3119553e+05  -1.8847758e+06
   3.3137171e+05  -1.8827835e+06
   3.3154789e+05  -1.8807913e+06
   3.3172408e+05  -1.8787991e+06
   3.3190026e+05  -1.8768069e+06
   3.3207645e+05  -1.8748146e+06
   3.3225263e+05  -1.8728224e+06
   3.3242881e+05  -1.8708302e+06
   3.3260500e+05  -1.8688380e+06
   3.3278118e+05  -1.8668457e+06
   3.3295737e+05  -1.8648535e+06
   3.3313355e+05  -1.8628613e+06
   3.3330973e+05  -1.8608691e+06
   3.3348592e+05  -1.8588768e+06
   3.3366210e+05  -1.8568846e+06
   3.3383829e+05  -1.8548924e+06
   3.3401447e+05  -1.8529002e+06
   3.3419065e+05  -1.8509079e+06
   3.3436684e+05  -1.8489157e+06
   3.3454302e+05  -1.8469235e+06
   3.3471920e+05  -1.8449313e+06
   3.3489539e+05  -1.8429390e+06
   3.3507157e+05  -1.8409468e+06
   3.3524776e+05  -1.8389546e+06
   3.3542394e+05  -1.8369624e+06
   3.3560012e+05  -1.8349701e+06
   3.3577631e+05  -1.8329779e+06
   3.3595249e+05  -1.8309857e+06
   3.3612868e+05  -1.8289935e+06
   3.3630486e+05  -1.8270012e+06
   3.3648104e+05  -1.8250090e+06
   3.3665723e+05  -1.8230168e+06
   3.3683341e+05  -1.8210246e+06
   3.3700960e+05  -1.8190323e+06
   3.3718578e+05  -1.8170401e+06
   3.3736196e+05  -1.8150479e+06
   3.3753815e+05  -1.8130557e+06
   3.3771433e+05  -1.8110634e+06
   3.3789052e+05  -1.8090712e+06
   3.3806670e+05  -1.8070790e+06
   3.3824288e+05  -1.8050868e+06
   3.3841907e+05  -1.8030945e+06
   3.3859525e+05  -1.8011023e+06
   3.3877144e+05  -1.7991101e+06
   3.3894762e+05  -1.7971179e+06
   3.3912380e+05  -1.7951256e+06
   3.3929999e+05  -1.7931334e+06
   3.3947617e+05  -1.7911412e+06
   3.3965236e+05  -1.7891490e+06
   3.3982854e+05  -1.7871567e+06
   3.4000472e+05  -1.7851645e+06
   3.4018091e+05  -1.7831723e+06
   3.4035709e+05  -1.7811801e+06
   3.4053328e+05  -1.7791879e+06
   3.4070946e+05  -1.7771956e+06
   3.4088564e+05  -1.7752034e+06
   3.4106183e+05  -1.7732112e+06
   3.4123801e+05  -1.7712190e+06
   3.4141419e+05  -1.7692267e+06
   3.4159038e+05  -1.7672345e+06
   3.4176656e+05  -1.7652423e+06
   3.4194275e+05  -1.7632501e+06
   3.4211893e+05  -1.7612578e+06
   3.4229511e+05  -1.7592656e+06
   3.4247130e+05  -1.7572734e+06
   3.4264748e+05  -1.7552812e+06
   3.4282367e+05  -1.7532889e+06
   3.4299985e+05  -1.7512967e+06
   3.4317603e+05  -1.7493045e+06
   3.4335222e+05  -1.7473123e+06
   3.4352840e+05  -1.7453200e+06
   3.4370459e+05  -1.7433278e+06
   3.4388077e+05  -1.7413356e+06
   3.4405695e+05  -1.7393434e+06
   3.4423314e+05  -1.7373511e+06
   3.4440932e+05  -1.7353589e+06
   3.4458551e+05  -1.7333667e+06
   3.4476169e+05  -1.7313745e+06
   3.4493787e+05  -1.7293822e+06
   3.4511406e+05  -1.7273900e+06
   3.4529024e+05  -1.7253978e+06
   3.4546643e+05  -1.7234056e+06
   3.4564261e+05  -1.7214133e+06
   3.4581879e+05  -1.7194211e+06
   3.4599498e+05  -1.7174289e+06
   3.4617116e+05  -1.7154367e+06
   3.4634735e+05  -1.7134444e+06
   3.4652353e+05  -1.7114522e+06
   3.4669971e+05  -1.7094600e+06
