   3.4669971e+05  -1.7094600e+06
   3.4470749e+05  -1.7092838e+06
   3.4271526e+05  -1.7091076e+06
   3.4072304e+05  -1.7089314e+06
   3.3873081e+05  -1.7087553e+06
   3.3673859e+05  -1.7085791e+06
   3.3474637e+05  -1.7084029e+06
   3.3275414e+05  -1.7082267e+06
   3.3076192e+05  -1.7080505e+06
   3.2876969e+05  -1.7078743e+06
   3.2677747e+05  -1.7076981e+06
   3.2478524e+05  -1.7075220e+06
   3.2279302e+05  -1.7073458e+06
   3.2080079e+05  -1.7071696e+06
   3.1880857e+05  -1.7069934e+06
   3.1681634e+05  -1.7068172e+06
   3.1482412e+05  -1.7066410e+06
   3.1283189e+05  -1.7064649e+06
   3.1083967e+05  -1.7062887e+06
   3.0884744e+05  -1.7061125e+06
   3.0685522e+05  -1.7059363e+06
   3.0486299e+05  -1.7057601e+06
   3.0287077e+05  -1.7055839e+06
   3.0087855e+05  -1.7054078e+06
   2.9888632e+05  -1.7052316e+06
   2.9689410e+05  -1.7050554e+06
   2.9490187e+05  -1.7048792e+06
   2.9290965e+05  -1.7047030e+06
   2.9091742e+05  -1.7045268e+06
   2.8892520e+05  -1.7043507e+06
   2.8693297e+05  -1.7041745e+06
   2.8494075e+05  -1.7039983e+06
   2.8294852e+05  -1.7038221e+06
   2.8095630e+05  -1.7036459e+06
   2.7896407e+05  -1.7034697e+06
   2.7697185e+05  -1.7032935e+06
   2.7497962e+05  -1.7031174e+06
   2.7298740e+05  -1.7029412e+06
   2.7099518e+05  -1.7027650e+06
   2.6900295e+05  -1.7025888e+06
   2.6701073e+05  -1.7024126e+06
   2.6501850e+05  -1.7022364e+06
   2.6302628e+05  -1.7020603e+06
   2.6103405e+05  -1.7018841e+06
   2.5904183e+05  -1.7017079e+06
   2.5704960e+05  -1.7015317e+06
   2.5505738e+05  -1.7013555e+06
   2.5306515e+05  -1.7011793e+06
   2.5107293e+05  -1.7010032e+06
   2.4908070e+05  -1.7008270e+06
   2.4708848e+05  -1.7006508e+06
   2.4509625e+05  -1.7004746e+06
   2.4310403e+05  -1.7002984e+06
   2.4111180e+05  -1.7001222e+06
   2.3911958e+05  -1.6999461e+06
   2.3712736e+05  -1.6997699e+06
   2.3513513e+05  -1.6995937e+06
   2.3314291e+05  -1.6994175e+06
   2.3115068e+05  -1.6992413e+06
   2.2915846e+05  -1.6990651e+06
   2.2716623e+05  -1.6988889e+06
   2.2517401e+05  -1.6987128e+06
   2.2318178e+05  -1.6985366e+06
   2.2118956e+05  -1.6983604e+06
   2.1919733e+05  -1.6981842e+06
   2.1720511e+05  -1.6980080e+06
   2.1521288e+05  -1.6978318e+06
   2.1322066e+05  -1.6976557e+06
   2.1122843e+05  -1.6974795e+06
   2.0923621e+05  -1.6973033e+06
   2.0724399e+05  -1.6971271e+06
   2.0525176e+05  -1.6969509e+06
   2.0325954e+05  -1.6967747e+06
   2.0126731e+05  -1.6965986e+06
   1.9927509e+05  -1.6964224e+06
   1.9728286e+05  -1.6962462e+06
   1.9529064e+05  -1.6960700e+06
   1.9329841e+05  -1.6958938e+06
   1.9130619e+05  -1.6957176e+06
   1.8931396e+05  -1.6955415e+06
   1.8732174e+05  -1.6953653e+06
   1.8532951e+05  -1.6951891e+06
   1.8333729e+05  -1.6950129e+06
   1.8134506e+05  -1.6948367e+06
   1.7935284e+05  -1.6946605e+06
   1.7736061e+05  -1.6944844e+06
   1.7536839e+05  -1.6943082e+06
   1.7337617e+05  -1.6941320e+06
   1.7138394e+05  -1.6939558e+06
   1.6939172e+05  -1.6937796e+06
   1.6739949e+05  -1.6936034e+06
   1.6540727e+05  -1.6934272e+06
   1.6341504e+05  -1.6932511e+06
   1.6142282e+05  -1.6930749e+06
   1.5943059e+05  -1.6928987e+06
   1.5743837e+05  -1.6927225e+06
   1.5544614e+05  -1.6925463e+06
   1.5345392e+05  -1.6923701e+06
   1.5146169e+05  -1.6921940e+06
   1.4946947e+05  -1.6920178e+06
   1.4747724e+05  -1.6918416e+06
   1.4548502e+05  -1.6916654e+06
   1.4349280e+05  -1.6914892e+06
   1.4150057e+05  -1.6913130e+06
   1.3950835e+05  -1.6911369e+06
   1.3751612e+05  -1.6909607e+06
   1.3552390e+05  -1.6907845e+06
   1.3353167e+05  -1.6906083e+06
   1.3153945e+05  -1.6904321e+06
   1.2954722e+05  -1.6902559e+06
   1.2755500e+05  -1.6900798e+06
   1.2556277e+05  -1.6899036e+06
   1.2357055e+05  -1.6897274e+06
   1.2157832e+05  -1.6895512e+06
   1.1958610e+05  -1.6893750e+06
   1.1759387e+05  -1.6891988e+06
   1.1560165e+05  -1.6890226e+06
   1.1360942e+05  -1.6888465e+06
   1.1161720e+05  -1.6886703e+06
   1.0962498e+05  -1.6884941e+06
   1.0763275e+05  -1.6883179e+06
   1.0564053e+05  -1.6881417e+06
   1.0364830e+05  -1.6879655e+06
   1.0165608e+05  -1.6877894e+06
   9.9663852e+04  -1.6876132e+06
   9.7671627e+04  -1.6874370e+06
   9.5679402e+04  -1.6872608e+06
   9.3687178e+04  -1.6870846e+06
   9.1694953e+04  -1.6869084e+06
   8.9702728e+04  -1.6867323e+06
   8.7710504e+04  -1.6865561e+06
   8.5718279e+04  -1.6863799e+06
   8.3726054e+04  -1.6862037e+06
   8.1733830e+04  -1.6860275e+06
   7.9741605e+04  -1.6858513e+06
   7.7749380e+04  -1.6856752e+06
   7.5757156e+04  -1.6854990e+06
   7.3764931e+04  -1.6853228e+06
   7.1772706e+04  -1.6851466e+06
   6.9780482e+04  -1.6849704e+06
   6.7788257e+04  -1.6847942e+06
   6.5796032e+04  -1.6846180e+06
   6.3803807e+04  -1.6844419e+06
   6.1811583e+04  -1.6842657e+06
   5.9819358e+04  -1.6840895e+06
   5.7827133e+04  -1.6839133e+06
   5.5834909e+04  -1.6837371e+06
   5.3842684e+04  -1.6835609e+06
   5.1850459e+04  -1.6833848e+06
   4.9858235e+04  -1.6832086e+06
   4.7866010e+04  -1.6830324e+06
   4.5873785e+04  -1.6828562e+06
   4.3881561e+04  -1.6826800e+06
   4.1889336e+04  -1.6825038e+06
   3.9897111e+04  -1.6823277e+06
   3.7904886e+04  -1.6821515e+06
   3.5912662e+04  -1.6819753e+06
   3.3920437e+04  -1.6817991e+06
   3.1928212e+04  -1.6816229e+06
   2.9935988e+04  -1.6814467e+06
   2.7943763e+04  -1.6812706e+06
   2.5951538e+04  -1.6810944e+06
   2.3959314e+04  -1.6809182e+06
   2.1967089e+04  -1.6807420e+06
   1.9974864e+04  -1.6805658e+06
   1.7982640e+04  -1.6803896e+06
   1.5990415e+04  -1.6802135e+06
   1.3998190e+04  -1.6800373e+06
   1.2005966e+04  -1.6798611e+06
   1.0013741e+04  -1.6796849e+06
   8.0215161e+03  -1.6795087e+06
   6.0292914e+03  -1.6793325e+06
   4.0370667e+03  -1.6791563e+06
   2.0448421e+03  -1.6789802e+06
   5.2617364e+01  -1.6788040e+06
  -1.9396073e+03  -1.6786278e+06
  -3.9318320e+03  -1.6784516e+06
  -5.9240567e+03  -1.6782754e+06
  -7.9162814e+03  -1.6780992e+06
  -9.9085061e+03  -1.6779231e+06
  -1.1900731e+04  -1.6777469e+06
  -1.3892955e+04  -1.6775707e+06
  -1.5885180e+04  -1.6773945e+06
  -1.7877405e+04  -1.6772183e+06
  -1.9869630e+04  -1.6770421e+06
  -2.1861854e+04  -1.6768660e+06
  -2.3854079e+04  -1.6766898e+06
  -2.5846304e+04  -1.6765136e+06
  -2.7838528e+04  -1.6763374e+06
  -2.9830753e+04  -1.6761612e+06
  -3.1822978e+04  -1.6759850e+06
  -3.3815202e+04  -1.6758089e+06
  -3.5807427e+04  -1.6756327e+06
  -3.7799652e+04  -1.6754565e+06
  -3.9791876e+04  -1.6752803e+06
  -4.1784101e+04  -1.6751041e+06
  -4.3776326e+04  -1.6749279e+06
  -4.5768551e+04  -1.6747517e+06
  -4.7760775e+04  -1.6745756e+06
  -4.9753000e+04  -1.6743994e+06
  -5.1745225e+04  -1.6742232e+06
  -5.3737449e+04  -1.6740470e+06
  -5.5729674e+04  -1.6738708e+06
  -5.7721899e+04  -1.6736946e+06
  -5.9714123e+04  -1.6735185e+06
  -6.1706348e+04  -1.6733423e+06
  -6.3698573e+04  -1.6731661e+06
  -6.5690797e+04  -1.6729899e+06
  -6.7683022e+04  -1.6728137e+06
  -6.9675247e+04  -1.6726375e+06
  -7.1667471e+04  -1.6724614e+06
  -7.3659696e+04  -1.6722852e+06
  -7.5651921e+04  -1.6721090e+06
  -7.7644146e+04  -1.6719328e+06
  -7.9636370e+04  -1.6717566e+06
  -8.1628595e+04  -1.6715804e+06
  -8.3620820e+04  -1.6714043e+06
  -8.5613044e+04  -1.6712281e+06
  -8.7605269e+04  -1.6710519e+06
  -8.9597494e+04  -1.6708757e+06
  -9.1589718e+04  -1.6706995e+06
  -9.3581943e+04  -1.6705233e+06
  -9.5574168e+04  -1.6703471e+06
  -9.7566392e+04  -1.6701710e+06
  -9.9558617e+04  -1.6699948e+06
  -1.0155084e+05  -1.6698186e+06
  -1.0354307e+05  -1.6696424e+06
  -1.0553529e+05  -1.6694662e+06
  -1.0752752e+05  -1.6692900e+06
  -1.0951974e+05  -1.6691139e+06
  -1.1151197e+05  -1.6689377e+06
  -1.1350419e+05  -1.6687615e+06
  -1.1549641e+05  -1.6685853e+06
  -1.1748864e+05  -1.6684091e+06
  -1.1948086e+05  -1.6682329e+06
  -1.2147309e+05  -1.6680568e+06
  -1.2346531e+05  -1.6678806e+06
  -1.2545754e+05  -1.6677044e+06
  -1.2744976e+05  -1.6675282e+06
  -1.2944199e+05  -1.6673520e+06
  -1.3143421e+05  -1.6671758e+06
  -1.3342644e+05  -1.6669997e+06
  -1.3541866e+05  -1.6668235e+06
  -1.3741089e+05  -1.6666473e+06
  -1.3940311e+05  -1.6664711e+06
  -1.4139534e+05  -1.6662949e+06
  -1.4338756e+05  -1.6661187e+06
  -1.4537979e+05  -1.6659426e+06
  -1.4737201e+05  -1.6657664e+06
  -1.4936423e+05  -1.6655902e+06
  -1.5135646e+05  -1.6654140e+06
  -1.5334868e+05  -1.6652378e+06
  -1.5534091e+05  -1.6650616e+06
  -1.5733313e+05  -1.6648854e+06
  -1.5932536e+05  -1.6647093e+06
  -1.6131758e+05  -1.6645331e+06
  -1.6330981e+05  -1.6643569e+06
  -1.6530203e+05  -1.6641807e+06
  -1.6729426e+05  -1.6640045e+06
  -1.6928648e+05  -1.6638283e+06
  -1.7127871e+05  -1.6636522e+06
  -1.7327093e+05  -1.6634760e+06
  -1.7526316e+05  -1.6632998e+06
  -1.7725538e+05  -1.6631236e+06
  -1.7924760e+05  -1.6629474e+06
  -1.8123983e+05  -1.6627712e+06
  -1.8323205e+05  -1.6625951e+06
  -1.8522428e+05  -1.6624189e+06
  -1.8721650e+05  -1.6622427e+06
  -1.8920873e+05  -1.6620665e+06
  -1.9120095e+05  -1.6618903e+06
  -1.9319318e+05  -1.6617141e+06
  -1.9518540e+05  -1.6615380e+06
  -1.9717763e+05  -1.6613618e+06
  -1.9916985e+05  -1.6611856e+06
  -2.0116208e+05  -1.6610094e+06
  -2.0315430e+05  -1.6608332e+06
  -2.0514653e+05  -1.6606570e+06
  -2.0713875e+05  -1.6604808e+06
  -2.0913098e+05  -1.6603047e+06
  -2.1112320e+05  -1.6601285e+06
  -2.1311542e+05  -1.6599523e+06
  -2.1510765e+05  -1.6597761e+06
  -2.1709987e+05  -1.6595999e+06
  -2.1909210e+05  -1.6594237e+06
  -2.2108432e+05  -1.6592476e+06
  -2.2307655e+05  -1.6590714e+06
  -2.2506877e+05  -1.6588952e+06
  -2.2706100e+05  -1.6587190e+06
  -2.2905322e+05  -1.6585428e+06
  -2.3104545e+05  -1.6583666e+06
  -2.3303767e+05  -1.6581905e+06
  -2.3502990e+05  -1.6580143e+06
  -2.3702212e+05  -1.6578381e+06
  -2.3901435e+05  -1.6576619e+06
  -2.4100657e+05  -1.6574857e+06
  -2.4299879e+05  -1.6573095e+06
  -2.4499102e+05  -1.6571334e+06
  -2.4698324e+05  -1.6569572e+06
  -2.4897547e+05  -1.6567810e+06
  -2.5096769e+05  -1.6566048e+06
  -2.5295992e+05  -1.6564286e+06
  -2.5495214e+05  -1.6562524e+06
  -2.5694437e+05  -1.6560762e+06
  -2.5893659e+05  -1.6559001e+06
  -2.6092882e+05  -1.6557239e+06
  -2.6292104e+05  -1.6555477e+06
  -2.6491327e+05  -1.6553715e+06
  -2.6690549e+05  -1.6551953e+06
  -2.6889772e+05  -1.6550191e+06
  -2.7088994e+05  -1.6548430e+06
  -2.7288217e+05  -1.6546668e+06
  -2.7487439e+05  -1.6544906e+06
  -2.7686661e+05  -1.6543144e+06
  -2.7885884e+05  -1.6541382e+06
  -2.8085106e+05  -1.6539620e+06
  -2.8284329e+05  -1.6537859e+06
  -2.8483551e+05  -1.6536097e+06
  -2.8682774e+05  -1.6534335e+06
  -2.8881996e+05  -1.6532573e+06
  -2.9081219e+05  -1.6530811e+06
  -2.9280441e+05  -1.6529049e+06
  -2.9479664e+05  -1.6527288e+06
  -2.9678886e+05  -1.6525526e+06
  -2.9878109e+05  -1.6523764e+06
  -3.0077331e+05  -1.6522002e+06
  -3.0276554e+05  -1.6520240e+06
  -3.0475776e+05  -1.6518478e+06
  -3.0674998e+05  -1.6516717e+06
  -3.0874221e+05  -1.6514955e+06
  -3.1073443e+05  -1.6513193e+06
  -3.1272666e+05  -1.6511431e+06
  -3.1471888e+05  -1.6509669e+06
  -3.1671111e+05  -1.6507907e+06
  -3.1870333e+05  -1.6506145e+06
  -3.2069556e+05  -1.6504384e+06
  -3.2268778e+05  -1.6502622e+06
  -3.2468001e+05  -1.6500860e+06
  -3.2667223e+05  -1.6499098e+06
  -3.2866446e+05  -1.6497336e+06
  -3.3065668e+05  -1.6495574e+06
  -3.3264891e+05  -1.6493813e+06
  -3.3464113e+05  -1.6492051e+06
  -3.3663336e+05  -1.6490289e+06
  -3.3862558e+05  -1.6488527e+06
  -3.4061780e+05  -1.6486765e+06
  -3.4261003e+05  -1.6485003e+06
  -3.4460225e+05  -1.6483242e+06
  -3.4659448e+05  -1.6481480e+06
  -3.4858670e+05  -1.6479718e+06
  -3.5057893e+05  -1.6477956e+06
  -3.5257115e+05  -1.6476194e+06
  -3.5456338e+05  -1.6474432e+06
  -3.5655560e+05  -1.6472671e+06
  -3.5854783e+05  -1.6470909e+06
  -3.6054005e+05  -1.6469147e+06
  -3.6253228e+05  -1.6467385e+06
  -3.6452450e+05  -1.6465623e+06
  -3.6651673e+05  -1.6463861e+06
  -3.6850895e+05  -1.6462099e+06
  -3.7050117e+05  -1.6460338e+06
  -3.7249340e+05  -1.6458576e+06
  -3.7448562e+05  -1.6456814e+06
  -3.7647785e+05  -1.6455052e+06
  -3.7847007e+05  -1.6453290e+06
  -3.8046230e+05  -1.6451528e+06
  -3.8245452e+05  -1.6449767e+06
  -3.8444675e+05  -1.6448005e+06
  -3.8643897e+05  -1.6446243e+06
  -3.8843120e+05  -1.6444481e+06
  -3.9042342e+05  -1.6442719e+06
  -3.9241565e+05  -1.6440957e+06
  -3.9440787e+05  -1.6439196e+06
  -3.9640010e+05  -1.6437434e+06
  -3.9839232e+05  -1.6435672e+06
  -4.0038455e+05  -1.6433910e+06
  -4.0237677e+05  -1.6432148e+06
  -4.0436899e+05  -1.6430386e+06
  -4.0636122e+05  -1.6428625e+06
  -4.0835344e+05  -1.6426863e+06
  -4.1034567e+05  -1.6425101e+06
  -4.1233789e+05  -1.6423339e+06
  -4.1433012e+05  -1.6421577e+06
  -4.1632234e+05  -1.6419815e+06
  -4.1831457e+05  -1.6418053e+06
  -4.2030679e+05  -1.6416292e+06
  -4.2229902e+05  -1.6414530e+06
  -4.2429124e+05  -1.6412768e+06
  -4.2628347e+05  -1.6411006e+06
  -4.2827569e+05  -1.6409244e+06
  -4.3026792e+05  -1.6407482e+06
  -4.3226014e+05  -1.6405721e+06
  -4.3425237e+05  -1.6403959e+06
  -4.3624459e+05  -1.6402197e+06
  -4.3823681e+05  -1.6400435e+06
  -4.4022904e+05  -1.6398673e+06
  -4.4222126e+05  -1.6396911e+06
  -4.4421349e+05  -1.6395150e+06
  -4.4620571e+05  -1.6393388e+06
  -4.4819794e+05  -1.6391626e+06
  -4.5019016e+05  -1.6389864e+06
  -4.5218239e+05  -1.6388102e+06
  -4.5417461e+05  -1.6386340e+06
  -4.5616684e+05  -1.6384579e+06
  -4.5815906e+05  -1.6382817e+06
  -4.6015129e+05  -1.6381055e+06
  -4.6214351e+05  -1.6379293e+06
  -4.6413574e+05  -1.6377531e+06
  -4.6612796e+05  -1.6375769e+06
  -4.6812018e+05  -1.6374008e+06
  -4.7011241e+05  -1.6372246e+06
  -4.7210463e+05  -1.6370484e+06
  -4.7409686e+05  -1.6368722e+06
  -4.7608908e+05  -1.6366960e+06
  -4.7808131e+05  -1.6365198e+06
  -4.8007353e+05  -1.6363436e+06
  -4.8206576e+05  -1.6361675e+06
  -4.8405798e+05  -1.6359913e+06
  -4.8605021e+05  -1.6358151e+06
  -4.8804243e+05  -1.6356389e+06
  -4.9003466e+05  -1.6354627e+06
  -4.9202688e+05  -1.6352865e+06
  -4.9401911e+05  -1.6351104e+06
  -4.9601133e+05  -1.6349342e+06
  -4.9800356e+05  -1.6347580e+06
  -4.9999578e+05  -1.6345818e+06
  -5.0198800e+05  -1.6344056e+06
  -5.0398023e+05  -1.6342294e+06
  -5.0597245e+05  -1.6340533e+06
