373 
  -5.0597245e+05  -1.6340533e+06
  -5.0614864e+05  -1.6360455e+06
  -5.0632482e+05  -1.6380377e+06
  -5.0650101e+05  -1.6400299e+06
  -5.0667719e+05  -1.6420222e+06
  -5.0685337e+05  -1.6440144e+06
  -5.0702956e+05  -1.6460066e+06
  -5.0720574e+05  -1.6479988e+06
  -5.0738193e+05  -1.6499911e+06
  -5.0755811e+05  -1.6519833e+06
  -5.0773429e+05  -1.6539755e+06
  -5.0791048e+05  -1.6559677e+06
  -5.0808666e+05  -1.6579600e+06
  -5.0826285e+05  -1.6599522e+06
  -5.0843903e+05  -1.6619444e+06
  -5.0861521e+05  -1.6639366e+06
  -5.0879140e+05  -1.6659289e+06
  -5.0896758e+05  -1.6679211e+06
  -5.0914377e+05  -1.6699133e+06
  -5.0931995e+05  -1.6719055e+06
  -5.0949613e+05  -1.6738977e+06
  -5.0967232e+05  -1.6758900e+06
  -5.0984850e+05  -1.6778822e+06
  -5.1002468e+05  -1.6798744e+06
  -5.1020087e+05  -1.6818666e+06
  -5.1037705e+05  -1.6838589e+06
  -5.1055324e+05  -1.6858511e+06
  -5.1072942e+05  -1.6878433e+06
  -5.1090560e+05  -1.6898355e+06
  -5.1108179e+05  -1.6918278e+06
  -5.1125797e+05  -1.6938200e+06
  -5.1143416e+05  -1.6958122e+06
  -5.1161034e+05  -1.6978044e+06
  -5.1178652e+05  -1.6997967e+06
  -5.1196271e+05  -1.7017889e+06
  -5.1213889e+05  -1.7037811e+06
  -5.1231508e+05  -1.7057733e+06
  -5.1249126e+05  -1.7077656e+06
  -5.1266744e+05  -1.7097578e+06
  -5.1284363e+05  -1.7117500e+06
  -5.1301981e+05  -1.7137422e+06
  -5.1319600e+05  -1.7157345e+06
  -5.1337218e+05  -1.7177267e+06
  -5.1354836e+05  -1.7197189e+06
  -5.1372455e+05  -1.7217111e+06
  -5.1390073e+05  -1.7237034e+06
  -5.1407692e+05  -1.7256956e+06
  -5.1425310e+05  -1.7276878e+06
  -5.1442928e+05  -1.7296800e+06
  -5.1460547e+05  -1.7316723e+06
  -5.1478165e+05  -1.7336645e+06
  -5.1495784e+05  -1.7356567e+06
  -5.1513402e+05  -1.7376489e+06
  -5.1531020e+05  -1.7396412e+06
  -5.1548639e+05  -1.7416334e+06
  -5.1566257e+05  -1.7436256e+06
  -5.1583876e+05  -1.7456178e+06
  -5.1601494e+05  -1.7476101e+06
  -5.1619112e+05  -1.7496023e+06
  -5.1636731e+05  -1.7515945e+06
  -5.1654349e+05  -1.7535867e+06
  -5.1671967e+05  -1.7555790e+06
  -5.1689586e+05  -1.7575712e+06
  -5.1707204e+05  -1.7595634e+06
  -5.1724823e+05  -1.7615556e+06
  -5.1742441e+05  -1.7635479e+06
  -5.1760059e+05  -1.7655401e+06
  -5.1777678e+05  -1.7675323e+06
  -5.1795296e+05  -1.7695245e+06
  -5.1812915e+05  -1.7715168e+06
  -5.1830533e+05  -1.7735090e+06
  -5.1848151e+05  -1.7755012e+06
  -5.1865770e+05  -1.7774934e+06
  -5.1883388e+05  -1.7794857e+06
  -5.1901007e+05  -1.7814779e+06
  -5.1918625e+05  -1.7834701e+06
  -5.1936243e+05  -1.7854623e+06
  -5.1953862e+05  -1.7874546e+06
  -5.1971480e+05  -1.7894468e+06
  -5.1989099e+05  -1.7914390e+06
  -5.2006717e+05  -1.7934312e+06
  -5.2024335e+05  -1.7954235e+06
  -5.2041954e+05  -1.7974157e+06
  -5.2059572e+05  -1.7994079e+06
  -5.2077191e+05  -1.8014001e+06
  -5.2094809e+05  -1.8033924e+06
  -5.2112427e+05  -1.8053846e+06
  -5.2130046e+05  -1.8073768e+06
  -5.2147664e+05  -1.8093690e+06
  -5.2165283e+05  -1.8113613e+06
  -5.2182901e+05  -1.8133535e+06
  -5.2200519e+05  -1.8153457e+06
  -5.2218138e+05  -1.8173379e+06
  -5.2235756e+05  -1.8193302e+06
  -5.2253375e+05  -1.8213224e+06
  -5.2270993e+05  -1.8233146e+06
  -5.2288611e+05  -1.8253068e+06
  -5.2306230e+05  -1.8272991e+06
  -5.2323848e+05  -1.8292913e+06
  -5.2341467e+05  -1.8312835e+06
  -5.2359085e+05  -1.8332757e+06
  -5.2376703e+05  -1.8352679e+06
  -5.2394322e+05  -1.8372602e+06
  -5.2411940e+05  -1.8392524e+06
  -5.2429558e+05  -1.8412446e+06
  -5.2447177e+05  -1.8432368e+06
  -5.2464795e+05  -1.8452291e+06
  -5.2482414e+05  -1.8472213e+06
  -5.2500032e+05  -1.8492135e+06
  -5.2517650e+05  -1.8512057e+06
  -5.2535269e+05  -1.8531980e+06
  -5.2552887e+05  -1.8551902e+06
  -5.2570506e+05  -1.8571824e+06
  -5.2588124e+05  -1.8591746e+06
  -5.2605742e+05  -1.8611669e+06
  -5.2623361e+05  -1.8631591e+06
  -5.2640979e+05  -1.8651513e+06
  -5.2658598e+05  -1.8671435e+06
  -5.2676216e+05  -1.8691358e+06
  -5.2693834e+05  -1.8711280e+06
  -5.2711453e+05  -1.8731202e+06
  -5.2729071e+05  -1.8751124e+06
  -5.2746690e+05  -1.8771047e+06
  -5.2764308e+05  -1.8790969e+06
  -5.2781926e+05  -1.8810891e+06
  -5.2799545e+05  -1.8830813e+06
  -5.2817163e+05  -1.8850736e+06
  -5.2834782e+05  -1.8870658e+06
  -5.2852400e+05  -1.8890580e+06
  -5.2870018e+05  -1.8910502e+06
  -5.2887637e+05  -1.8930425e+06
  -5.2905255e+05  -1.8950347e+06
  -5.2922874e+05  -1.8970269e+06
  -5.2940492e+05  -1.8990191e+06
  -5.2958110e+05  -1.9010114e+06
  -5.2975729e+05  -1.9030036e+06
  -5.2993347e+05  -1.9049958e+06
  -5.3010966e+05  -1.9069880e+06
  -5.3028584e+05  -1.9089803e+06
  -5.3046202e+05  -1.9109725e+06
  -5.3063821e+05  -1.9129647e+06
  -5.3081439e+05  -1.9149569e+06
  -5.3099057e+05  -1.9169492e+06
  -5.3116676e+05  -1.9189414e+06
  -5.3134294e+05  -1.9209336e+06
  -5.3151913e+05  -1.9229258e+06
  -5.3169531e+05  -1.9249181e+06
  -5.3187149e+05  -1.9269103e+06
  -5.3204768e+05  -1.9289025e+06
  -5.3222386e+05  -1.9308947e+06
  -5.3240005e+05  -1.9328870e+06
  -5.3257623e+05  -1.9348792e+06
  -5.3275241e+05  -1.9368714e+06
  -5.3292860e+05  -1.9388636e+06
  -5.3310478e+05  -1.9408559e+06
  -5.3328097e+05  -1.9428481e+06
  -5.3345715e+05  -1.9448403e+06
  -5.3363333e+05  -1.9468325e+06
  -5.3380952e+05  -1.9488248e+06
  -5.3398570e+05  -1.9508170e+06
  -5.3416189e+05  -1.9528092e+06
  -5.3433807e+05  -1.9548014e+06
  -5.3451425e+05  -1.9567937e+06
  -5.3469044e+05  -1.9587859e+06
  -5.3486662e+05  -1.9607781e+06
  -5.3504281e+05  -1.9627703e+06
  -5.3521899e+05  -1.9647626e+06
  -5.3539517e+05  -1.9667548e+06
  -5.3557136e+05  -1.9687470e+06
  -5.3574754e+05  -1.9707392e+06
  -5.3592373e+05  -1.9727315e+06
  -5.3609991e+05  -1.9747237e+06
  -5.3627609e+05  -1.9767159e+06
  -5.3645228e+05  -1.9787081e+06
  -5.3662846e+05  -1.9807004e+06
  -5.3680465e+05  -1.9826926e+06
  -5.3698083e+05  -1.9846848e+06
  -5.3715701e+05  -1.9866770e+06
  -5.3733320e+05  -1.9886693e+06
  -5.3750938e+05  -1.9906615e+06
  -5.3768557e+05  -1.9926537e+06
  -5.3786175e+05  -1.9946459e+06
  -5.3803793e+05  -1.9966381e+06
  -5.3821412e+05  -1.9986304e+06
  -5.3839030e+05  -2.0006226e+06
  -5.3856648e+05  -2.0026148e+06
  -5.3874267e+05  -2.0046070e+06
  -5.3891885e+05  -2.0065993e+06
  -5.3909504e+05  -2.0085915e+06
  -5.3927122e+05  -2.0105837e+06
  -5.3944740e+05  -2.0125759e+06
  -5.3962359e+05  -2.0145682e+06
  -5.3979977e+05  -2.0165604e+06
  -5.3997596e+05  -2.0185526e+06
  -5.4015214e+05  -2.0205448e+06
  -5.4032832e+05  -2.0225371e+06
  -5.4050451e+05  -2.0245293e+06
  -5.4068069e+05  -2.0265215e+06
  -5.4085688e+05  -2.0285137e+06
  -5.4103306e+05  -2.0305060e+06
  -5.4120924e+05  -2.0324982e+06
  -5.4138543e+05  -2.0344904e+06
  -5.4156161e+05  -2.0364826e+06
  -5.4173780e+05  -2.0384749e+06
  -5.4191398e+05  -2.0404671e+06
  -5.4209016e+05  -2.0424593e+06
  -5.4226635e+05  -2.0444515e+06
  -5.4244253e+05  -2.0464438e+06
  -5.4261872e+05  -2.0484360e+06
  -5.4279490e+05  -2.0504282e+06
  -5.4297108e+05  -2.0524204e+06
  -5.4314727e+05  -2.0544127e+06
  -5.4332345e+05  -2.0564049e+06
  -5.4349964e+05  -2.0583971e+06
  -5.4367582e+05  -2.0603893e+06
  -5.4385200e+05  -2.0623816e+06
  -5.4402819e+05  -2.0643738e+06
  -5.4420437e+05  -2.0663660e+06
  -5.4438056e+05  -2.0683582e+06
  -5.4455674e+05  -2.0703505e+06
  -5.4473292e+05  -2.0723427e+06
  -5.4490911e+05  -2.0743349e+06
  -5.4508529e+05  -2.0763271e+06
  -5.4526147e+05  -2.0783194e+06
  -5.4543766e+05  -2.0803116e+06
  -5.4561384e+05  -2.0823038e+06
  -5.4579003e+05  -2.0842960e+06
  -5.4596621e+05  -2.0862883e+06
  -5.4614239e+05  -2.0882805e+06
  -5.4631858e+05  -2.0902727e+06
  -5.4649476e+05  -2.0922649e+06
  -5.4667095e+05  -2.0942572e+06
  -5.4684713e+05  -2.0962494e+06
  -5.4702331e+05  -2.0982416e+06
  -5.4719950e+05  -2.1002338e+06
  -5.4737568e+05  -2.1022261e+06
  -5.4755187e+05  -2.1042183e+06
  -5.4772805e+05  -2.1062105e+06
  -5.4790423e+05  -2.1082027e+06
  -5.4808042e+05  -2.1101950e+06
  -5.4825660e+05  -2.1121872e+06
  -5.4843279e+05  -2.1141794e+06
  -5.4860897e+05  -2.1161716e+06
  -5.4878515e+05  -2.1181639e+06
  -5.4896134e+05  -2.1201561e+06
  -5.4913752e+05  -2.1221483e+06
  -5.4931371e+05  -2.1241405e+06
  -5.4948989e+05  -2.1261328e+06
  -5.4966607e+05  -2.1281250e+06
  -5.4984226e+05  -2.1301172e+06
  -5.5001844e+05  -2.1321094e+06
  -5.5019463e+05  -2.1341017e+06
  -5.5037081e+05  -2.1360939e+06
  -5.5054699e+05  -2.1380861e+06
  -5.5072318e+05  -2.1400783e+06
  -5.5089936e+05  -2.1420706e+06
  -5.5107555e+05  -2.1440628e+06
  -5.5125173e+05  -2.1460550e+06
  -5.5142791e+05  -2.1480472e+06
  -5.5160410e+05  -2.1500395e+06
  -5.5178028e+05  -2.1520317e+06
  -5.5195647e+05  -2.1540239e+06
  -5.5213265e+05  -2.1560161e+06
  -5.5230883e+05  -2.1580083e+06
  -5.5248502e+05  -2.1600006e+06
  -5.5266120e+05  -2.1619928e+06
  -5.5283738e+05  -2.1639850e+06
  -5.5301357e+05  -2.1659772e+06
  -5.5318975e+05  -2.1679695e+06
  -5.5336594e+05  -2.1699617e+06
  -5.5354212e+05  -2.1719539e+06
  -5.5371830e+05  -2.1739461e+06
  -5.5389449e+05  -2.1759384e+06
  -5.5407067e+05  -2.1779306e+06
  -5.5424686e+05  -2.1799228e+06
  -5.5442304e+05  -2.1819150e+06
  -5.5459922e+05  -2.1839073e+06
  -5.5477541e+05  -2.1858995e+06
  -5.5495159e+05  -2.1878917e+06
  -5.5512778e+05  -2.1898839e+06
  -5.5530396e+05  -2.1918762e+06
  -5.5548014e+05  -2.1938684e+06
  -5.5565633e+05  -2.1958606e+06
  -5.5583251e+05  -2.1978528e+06
  -5.5600870e+05  -2.1998451e+06
  -5.5618488e+05  -2.2018373e+06
  -5.5636106e+05  -2.2038295e+06
  -5.5653725e+05  -2.2058217e+06
  -5.5671343e+05  -2.2078140e+06
  -5.5688962e+05  -2.2098062e+06
  -5.5706580e+05  -2.2117984e+06
  -5.5724198e+05  -2.2137906e+06
  -5.5741817e+05  -2.2157829e+06
  -5.5759435e+05  -2.2177751e+06
  -5.5777054e+05  -2.2197673e+06
  -5.5794672e+05  -2.2217595e+06
  -5.5812290e+05  -2.2237518e+06
  -5.5829909e+05  -2.2257440e+06
  -5.5847527e+05  -2.2277362e+06
  -5.5865146e+05  -2.2297284e+06
  -5.5882764e+05  -2.2317207e+06
  -5.5900382e+05  -2.2337129e+06
  -5.5918001e+05  -2.2357051e+06
  -5.5935619e+05  -2.2376973e+06
  -5.5953237e+05  -2.2396896e+06
  -5.5970856e+05  -2.2416818e+06
  -5.5988474e+05  -2.2436740e+06
  -5.6006093e+05  -2.2456662e+06
  -5.6023711e+05  -2.2476585e+06
  -5.6041329e+05  -2.2496507e+06
  -5.6058948e+05  -2.2516429e+06
  -5.6076566e+05  -2.2536351e+06
  -5.6094185e+05  -2.2556274e+06
  -5.6111803e+05  -2.2576196e+06
  -5.6129421e+05  -2.2596118e+06
  -5.6147040e+05  -2.2616040e+06
  -5.6164658e+05  -2.2635963e+06
  -5.6182277e+05  -2.2655885e+06
  -5.6199895e+05  -2.2675807e+06
  -5.6217513e+05  -2.2695729e+06
  -5.6235132e+05  -2.2715652e+06
  -5.6252750e+05  -2.2735574e+06
  -5.6270369e+05  -2.2755496e+06
  -5.6287987e+05  -2.2775418e+06
  -5.6305605e+05  -2.2795341e+06
  -5.6323224e+05  -2.2815263e+06
  -5.6340842e+05  -2.2835185e+06
  -5.6358461e+05  -2.2855107e+06
  -5.6376079e+05  -2.2875030e+06
  -5.6393697e+05  -2.2894952e+06
  -5.6411316e+05  -2.2914874e+06
  -5.6428934e+05  -2.2934796e+06
  -5.6446553e+05  -2.2954719e+06
  -5.6464171e+05  -2.2974641e+06
  -5.6481789e+05  -2.2994563e+06
  -5.6499408e+05  -2.3014485e+06
  -5.6517026e+05  -2.3034408e+06
  -5.6534645e+05  -2.3054330e+06
  -5.6552263e+05  -2.3074252e+06
  -5.6569881e+05  -2.3094174e+06
  -5.6587500e+05  -2.3114097e+06
  -5.6605118e+05  -2.3134019e+06
  -5.6622737e+05  -2.3153941e+06
  -5.6640355e+05  -2.3173863e+06
  -5.6657973e+05  -2.3193785e+06
  -5.6675592e+05  -2.3213708e+06
  -5.6693210e+05  -2.3233630e+06
  -5.6710828e+05  -2.3253552e+06
  -5.6728447e+05  -2.3273474e+06
  -5.6746065e+05  -2.3293397e+06
  -5.6763684e+05  -2.3313319e+06
  -5.6781302e+05  -2.3333241e+06
  -5.6798920e+05  -2.3353163e+06
  -5.6816539e+05  -2.3373086e+06
  -5.6834157e+05  -2.3393008e+06
  -5.6851776e+05  -2.3412930e+06
  -5.6869394e+05  -2.3432852e+06
  -5.6887012e+05  -2.3452775e+06
  -5.6904631e+05  -2.3472697e+06
  -5.6922249e+05  -2.3492619e+06
  -5.6939868e+05  -2.3512541e+06
  -5.6957486e+05  -2.3532464e+06
  -5.6975104e+05  -2.3552386e+06
  -5.6992723e+05  -2.3572308e+06
  -5.7010341e+05  -2.3592230e+06
  -5.7027960e+05  -2.3612153e+06
  -5.7045578e+05  -2.3632075e+06
  -5.7063196e+05  -2.3651997e+06
  -5.7080815e+05  -2.3671919e+06
  -5.7098433e+05  -2.3691842e+06
  -5.7116052e+05  -2.3711764e+06
  -5.7133670e+05  -2.3731686e+06
  -5.7151288e+05  -2.3751608e+06
429 
  -5.7151288e+05  -2.3751608e+06
  -5.6952066e+05  -2.3753370e+06
  -5.6752843e+05  -2.3755132e+06
  -5.6553621e+05  -2.3756894e+06
  -5.6354398e+05  -2.3758656e+06
  -5.6155176e+05  -2.3760418e+06
  -5.5955954e+05  -2.3762179e+06
  -5.5756731e+05  -2.3763941e+06
  -5.5557509e+05  -2.3765703e+06
  -5.5358286e+05  -2.3767465e+06
  -5.5159064e+05  -2.3769227e+06
  -5.4959841e+05  -2.3770989e+06
  -5.4760619e+05  -2.3772750e+06
  -5.4561396e+05  -2.3774512e+06
  -5.4362174e+05  -2.3776274e+06
  -5.4162951e+05  -2.3778036e+06
  -5.3963729e+05  -2.3779798e+06
  -5.3764506e+05  -2.3781560e+06
  -5.3565284e+05  -2.3783322e+06
  -5.3366061e+05  -2.3785083e+06
  -5.3166839e+05  -2.3786845e+06
  -5.2967617e+05  -2.3788607e+06
  -5.2768394e+05  -2.3790369e+06
  -5.2569172e+05  -2.3792131e+06
  -5.2369949e+05  -2.3793893e+06
  -5.2170727e+05  -2.3795654e+06
  -5.1971504e+05  -2.3797416e+06
  -5.1772282e+05  -2.3799178e+06
  -5.1573059e+05  -2.3800940e+06
  -5.1373837e+05  -2.3802702e+06
  -5.1174614e+05  -2.3804464e+06
  -5.0975392e+05  -2.3806225e+06
  -5.0776169e+05  -2.3807987e+06
  -5.0576947e+05  -2.3809749e+06
  -5.0377724e+05  -2.3811511e+06
  -5.0178502e+05  -2.3813273e+06
  -4.9979279e+05  -2.3815035e+06
  -4.9780057e+05  -2.3816796e+06
  -4.9580835e+05  -2.3818558e+06
  -4.9381612e+05  -2.3820320e+06
  -4.9182390e+05  -2.3822082e+06
  -4.8983167e+05  -2.3823844e+06
  -4.8783945e+05  -2.3825606e+06
  -4.8584722e+05  -2.3827368e+06
  -4.8385500e+05  -2.3829129e+06
  -4.8186277e+05  -2.3830891e+06
  -4.7987055e+05  -2.3832653e+06
  -4.7787832e+05  -2.3834415e+06
  -4.7588610e+05  -2.3836177e+06
  -4.7389387e+05  -2.3837939e+06
  -4.7190165e+05  -2.3839700e+06
  -4.6990942e+05  -2.3841462e+06
  -4.6791720e+05  -2.3843224e+06
  -4.6592497e+05  -2.3844986e+06
  -4.6393275e+05  -2.3846748e+06
  -4.6194053e+05  -2.3848510e+06
  -4.5994830e+05  -2.3850271e+06
  -4.5795608e+05  -2.3852033e+06
  -4.5596385e+05  -2.3853795e+06
  -4.5397163e+05  -2.3855557e+06
  -4.5197940e+05  -2.3857319e+06
  -4.4998718e+05  -2.3859081e+06
  -4.4799495e+05  -2.3860842e+06
  -4.4600273e+05  -2.3862604e+06
  -4.4401050e+05  -2.3864366e+06
  -4.4201828e+05  -2.3866128e+06
  -4.4002605e+05  -2.3867890e+06
  -4.3803383e+05  -2.3869652e+06
  -4.3604160e+05  -2.3871413e+06
  -4.3404938e+05  -2.3873175e+06
  -4.3205716e+05  -2.3874937e+06
  -4.3006493e+05  -2.3876699e+06
  -4.2807271e+05  -2.3878461e+06
  -4.2608048e+05  -2.3880223e+06
  -4.2408826e+05  -2.3881985e+06
  -4.2209603e+05  -2.3883746e+06
  -4.2010381e+05  -2.3885508e+06
  -4.1811158e+05  -2.3887270e+06
  -4.1611936e+05  -2.3889032e+06
  -4.1412713e+05  -2.3890794e+06
  -4.1213491e+05  -2.3892556e+06
  -4.1014268e+05  -2.3894317e+06
  -4.0815046e+05  -2.3896079e+06
  -4.0615823e+05  -2.3897841e+06
  -4.0416601e+05  -2.3899603e+06
  -4.0217378e+05  -2.3901365e+06
  -4.0018156e+05  -2.3903127e+06
  -3.9818934e+05  -2.3904888e+06
  -3.9619711e+05  -2.3906650e+06
  -3.9420489e+05  -2.3908412e+06
  -3.9221266e+05  -2.3910174e+06
  -3.9022044e+05  -2.3911936e+06
  -3.8822821e+05  -2.3913698e+06
  -3.8623599e+05  -2.3915459e+06
  -3.8424376e+05  -2.3917221e+06
  -3.8225154e+05  -2.3918983e+06
  -3.8025931e+05  -2.3920745e+06
  -3.7826709e+05  -2.3922507e+06
  -3.7627486e+05  -2.3924269e+06
  -3.7428264e+05  -2.3926031e+06
  -3.7229041e+05  -2.3927792e+06
  -3.7029819e+05  -2.3929554e+06
  -3.6830597e+05  -2.3931316e+06
  -3.6631374e+05  -2.3933078e+06
  -3.6432152e+05  -2.3934840e+06
  -3.6232929e+05  -2.3936602e+06
  -3.6033707e+05  -2.3938363e+06
  -3.5834484e+05  -2.3940125e+06
  -3.5635262e+05  -2.3941887e+06
  -3.5436039e+05  -2.3943649e+06
  -3.5236817e+05  -2.3945411e+06
  -3.5037594e+05  -2.3947173e+06
  -3.4838372e+05  -2.3948934e+06
  -3.4639149e+05  -2.3950696e+06
  -3.4439927e+05  -2.3952458e+06
  -3.4240704e+05  -2.3954220e+06
  -3.4041482e+05  -2.3955982e+06
  -3.3842259e+05  -2.3957744e+06
  -3.3643037e+05  -2.3959505e+06
  -3.3443815e+05  -2.3961267e+06
  -3.3244592e+05  -2.3963029e+06
  -3.3045370e+05  -2.3964791e+06
  -3.2846147e+05  -2.3966553e+06
  -3.2646925e+05  -2.3968315e+06
  -3.2447702e+05  -2.3970077e+06
  -3.2248480e+05  -2.3971838e+06
  -3.2049257e+05  -2.3973600e+06
  -3.1850035e+05  -2.3975362e+06
  -3.1650812e+05  -2.3977124e+06
  -3.1451590e+05  -2.3978886e+06
  -3.1252367e+05  -2.3980648e+06
  -3.1053145e+05  -2.3982409e+06
  -3.0853922e+05  -2.3984171e+06
  -3.0654700e+05  -2.3985933e+06
  -3.0455478e+05  -2.3987695e+06
  -3.0256255e+05  -2.3989457e+06
  -3.0057033e+05  -2.3991219e+06
  -2.9857810e+05  -2.3992980e+06
  -2.9658588e+05  -2.3994742e+06
  -2.9459365e+05  -2.3996504e+06
  -2.9260143e+05  -2.3998266e+06
  -2.9060920e+05  -2.4000028e+06
  -2.8861698e+05  -2.4001790e+06
  -2.8662475e+05  -2.4003551e+06
  -2.8463253e+05  -2.4005313e+06
  -2.8264030e+05  -2.4007075e+06
  -2.8064808e+05  -2.4008837e+06
  -2.7865585e+05  -2.4010599e+06
  -2.7666363e+05  -2.4012361e+06
  -2.7467140e+05  -2.4014122e+06
  -2.7267918e+05  -2.4015884e+06
  -2.7068696e+05  -2.4017646e+06
  -2.6869473e+05  -2.4019408e+06
  -2.6670251e+05  -2.4021170e+06
  -2.6471028e+05  -2.4022932e+06
  -2.6271806e+05  -2.4024694e+06
  -2.6072583e+05  -2.4026455e+06
  -2.5873361e+05  -2.4028217e+06
  -2.5674138e+05  -2.4029979e+06
  -2.5474916e+05  -2.4031741e+06
  -2.5275693e+05  -2.4033503e+06
  -2.5076471e+05  -2.4035265e+06
  -2.4877248e+05  -2.4037026e+06
  -2.4678026e+05  -2.4038788e+06
  -2.4478803e+05  -2.4040550e+06
  -2.4279581e+05  -2.4042312e+06
  -2.4080358e+05  -2.4044074e+06
  -2.3881136e+05  -2.4045836e+06
  -2.3681914e+05  -2.4047597e+06
  -2.3482691e+05  -2.4049359e+06
  -2.3283469e+05  -2.4051121e+06
  -2.3084246e+05  -2.4052883e+06
  -2.2885024e+05  -2.4054645e+06
  -2.2685801e+05  -2.4056407e+06
  -2.2486579e+05  -2.4058168e+06
  -2.2287356e+05  -2.4059930e+06
  -2.2088134e+05  -2.4061692e+06
  -2.1888911e+05  -2.4063454e+06
  -2.1689689e+05  -2.4065216e+06
  -2.1490466e+05  -2.4066978e+06
  -2.1291244e+05  -2.4068740e+06
  -2.1092021e+05  -2.4070501e+06
  -2.0892799e+05  -2.4072263e+06
  -2.0693577e+05  -2.4074025e+06
  -2.0494354e+05  -2.4075787e+06
  -2.0295132e+05  -2.4077549e+06
  -2.0095909e+05  -2.4079311e+06
  -1.9896687e+05  -2.4081072e+06
  -1.9697464e+05  -2.4082834e+06
  -1.9498242e+05  -2.4084596e+06
  -1.9299019e+05  -2.4086358e+06
  -1.9099797e+05  -2.4088120e+06
  -1.8900574e+05  -2.4089882e+06
  -1.8701352e+05  -2.4091643e+06
  -1.8502129e+05  -2.4093405e+06
  -1.8302907e+05  -2.4095167e+06
  -1.8103684e+05  -2.4096929e+06
  -1.7904462e+05  -2.4098691e+06
  -1.7705239e+05  -2.4100453e+06
  -1.7506017e+05  -2.4102214e+06
  -1.7306795e+05  -2.4103976e+06
  -1.7107572e+05  -2.4105738e+06
  -1.6908350e+05  -2.4107500e+06
  -1.6709127e+05  -2.4109262e+06
  -1.6509905e+05  -2.4111024e+06
  -1.6310682e+05  -2.4112786e+06
  -1.6111460e+05  -2.4114547e+06
  -1.5912237e+05  -2.4116309e+06
  -1.5713015e+05  -2.4118071e+06
  -1.5513792e+05  -2.4119833e+06
  -1.5314570e+05  -2.4121595e+06
  -1.5115347e+05  -2.4123357e+06
  -1.4916125e+05  -2.4125118e+06
  -1.4716902e+05  -2.4126880e+06
  -1.4517680e+05  -2.4128642e+06
  -1.4318458e+05  -2.4130404e+06
  -1.4119235e+05  -2.4132166e+06
  -1.3920013e+05  -2.4133928e+06
  -1.3720790e+05  -2.4135689e+06
  -1.3521568e+05  -2.4137451e+06
  -1.3322345e+05  -2.4139213e+06
  -1.3123123e+05  -2.4140975e+06
  -1.2923900e+05  -2.4142737e+06
  -1.2724678e+05  -2.4144499e+06
  -1.2525455e+05  -2.4146260e+06
  -1.2326233e+05  -2.4148022e+06
  -1.2127010e+05  -2.4149784e+06
  -1.1927788e+05  -2.4151546e+06
  -1.1728565e+05  -2.4153308e+06
  -1.1529343e+05  -2.4155070e+06
  -1.1330120e+05  -2.4156831e+06
  -1.1130898e+05  -2.4158593e+06
  -1.0931676e+05  -2.4160355e+06
  -1.0732453e+05  -2.4162117e+06
  -1.0533231e+05  -2.4163879e+06
  -1.0334008e+05  -2.4165641e+06
  -1.0134786e+05  -2.4167403e+06
  -9.9355632e+04  -2.4169164e+06
  -9.7363407e+04  -2.4170926e+06
  -9.5371183e+04  -2.4172688e+06
  -9.3378958e+04  -2.4174450e+06
  -9.1386733e+04  -2.4176212e+06
  -8.9394509e+04  -2.4177974e+06
  -8.7402284e+04  -2.4179735e+06
  -8.5410059e+04  -2.4181497e+06
  -8.3417834e+04  -2.4183259e+06
  -8.1425610e+04  -2.4185021e+06
  -7.9433385e+04  -2.4186783e+06
  -7.7441160e+04  -2.4188545e+06
  -7.5448936e+04  -2.4190306e+06
  -7.3456711e+04  -2.4192068e+06
  -7.1464486e+04  -2.4193830e+06
  -6.9472262e+04  -2.4195592e+06
  -6.7480037e+04  -2.4197354e+06
  -6.5487812e+04  -2.4199116e+06
  -6.3495588e+04  -2.4200877e+06
  -6.1503363e+04  -2.4202639e+06
  -5.9511138e+04  -2.4204401e+06
  -5.7518914e+04  -2.4206163e+06
  -5.5526689e+04  -2.4207925e+06
  -5.3534464e+04  -2.4209687e+06
  -5.1542239e+04  -2.4211449e+06
  -4.9550015e+04  -2.4213210e+06
  -4.7557790e+04  -2.4214972e+06
  -4.5565565e+04  -2.4216734e+06
  -4.3573341e+04  -2.4218496e+06
  -4.1581116e+04  -2.4220258e+06
  -3.9588891e+04  -2.4222020e+06
  -3.7596667e+04  -2.4223781e+06
  -3.5604442e+04  -2.4225543e+06
  -3.3612217e+04  -2.4227305e+06
  -3.1619993e+04  -2.4229067e+06
  -2.9627768e+04  -2.4230829e+06
  -2.7635543e+04  -2.4232591e+06
  -2.5643318e+04  -2.4234352e+06
  -2.3651094e+04  -2.4236114e+06
  -2.1658869e+04  -2.4237876e+06
  -1.9666644e+04  -2.4239638e+06
  -1.7674420e+04  -2.4241400e+06
  -1.5682195e+04  -2.4243162e+06
  -1.3689970e+04  -2.4244923e+06
  -1.1697746e+04  -2.4246685e+06
  -9.7055209e+03  -2.4248447e+06
  -7.7132963e+03  -2.4250209e+06
  -5.7210716e+03  -2.4251971e+06
  -3.7288469e+03  -2.4253733e+06
  -1.7366222e+03  -2.4255495e+06
   2.5560250e+02  -2.4257256e+06
   2.2478272e+03  -2.4259018e+06
   4.2400519e+03  -2.4260780e+06
   6.2322766e+03  -2.4262542e+06
   8.2245013e+03  -2.4264304e+06
   1.0216726e+04  -2.4266066e+06
   1.2208951e+04  -2.4267827e+06
   1.4201175e+04  -2.4269589e+06
   1.6193400e+04  -2.4271351e+06
   1.8185625e+04  -2.4273113e+06
   2.0177849e+04  -2.4274875e+06
   2.2170074e+04  -2.4276637e+06
   2.4162299e+04  -2.4278398e+06
   2.6154523e+04  -2.4280160e+06
   2.8146748e+04  -2.4281922e+06
   3.0138973e+04  -2.4283684e+06
   3.2131198e+04  -2.4285446e+06
   3.4123422e+04  -2.4287208e+06
   3.6115647e+04  -2.4288969e+06
   3.8107872e+04  -2.4290731e+06
   4.0100096e+04  -2.4292493e+06
   4.2092321e+04  -2.4294255e+06
   4.4084546e+04  -2.4296017e+06
   4.6076770e+04  -2.4297779e+06
   4.8068995e+04  -2.4299540e+06
   5.0061220e+04  -2.4301302e+06
   5.2053444e+04  -2.4303064e+06
   5.4045669e+04  -2.4304826e+06
   5.6037894e+04  -2.4306588e+06
   5.8030119e+04  -2.4308350e+06
   6.0022343e+04  -2.4310112e+06
   6.2014568e+04  -2.4311873e+06
   6.4006793e+04  -2.4313635e+06
   6.5999017e+04  -2.4315397e+06
   6.7991242e+04  -2.4317159e+06
   6.9983467e+04  -2.4318921e+06
   7.1975691e+04  -2.4320683e+06
   7.3967916e+04  -2.4322444e+06
   7.5960141e+04  -2.4324206e+06
   7.7952365e+04  -2.4325968e+06
   7.9944590e+04  -2.4327730e+06
   8.1936815e+04  -2.4329492e+06
   8.3929039e+04  -2.4331254e+06
   8.5921264e+04  -2.4333015e+06
   8.7913489e+04  -2.4334777e+06
   8.9905714e+04  -2.4336539e+06
   9.1897938e+04  -2.4338301e+06
   9.3890163e+04  -2.4340063e+06
   9.5882388e+04  -2.4341825e+06
   9.7874612e+04  -2.4343586e+06
   9.9866837e+04  -2.4345348e+06
   1.0185906e+05  -2.4347110e+06
   1.0385129e+05  -2.4348872e+06
   1.0584351e+05  -2.4350634e+06
   1.0783574e+05  -2.4352396e+06
   1.0982796e+05  -2.4354158e+06
   1.1182019e+05  -2.4355919e+06
   1.1381241e+05  -2.4357681e+06
   1.1580463e+05  -2.4359443e+06
   1.1779686e+05  -2.4361205e+06
   1.1978908e+05  -2.4362967e+06
   1.2178131e+05  -2.4364729e+06
   1.2377353e+05  -2.4366490e+06
   1.2576576e+05  -2.4368252e+06
   1.2775798e+05  -2.4370014e+06
   1.2975021e+05  -2.4371776e+06
   1.3174243e+05  -2.4373538e+06
   1.3373466e+05  -2.4375300e+06
   1.3572688e+05  -2.4377061e+06
   1.3771911e+05  -2.4378823e+06
   1.3971133e+05  -2.4380585e+06
   1.4170356e+05  -2.4382347e+06
   1.4369578e+05  -2.4384109e+06
   1.4568800e+05  -2.4385871e+06
   1.4768023e+05  -2.4387632e+06
   1.4967245e+05  -2.4389394e+06
   1.5166468e+05  -2.4391156e+06
   1.5365690e+05  -2.4392918e+06
   1.5564913e+05  -2.4394680e+06
   1.5764135e+05  -2.4396442e+06
   1.5963358e+05  -2.4398204e+06
   1.6162580e+05  -2.4399965e+06
   1.6361803e+05  -2.4401727e+06
   1.6561025e+05  -2.4403489e+06
   1.6760248e+05  -2.4405251e+06
   1.6959470e+05  -2.4407013e+06
   1.7158693e+05  -2.4408775e+06
   1.7357915e+05  -2.4410536e+06
   1.7557138e+05  -2.4412298e+06
   1.7756360e+05  -2.4414060e+06
   1.7955582e+05  -2.4415822e+06
   1.8154805e+05  -2.4417584e+06
   1.8354027e+05  -2.4419346e+06
   1.8553250e+05  -2.4421107e+06
   1.8752472e+05  -2.4422869e+06
   1.8951695e+05  -2.4424631e+06
   1.9150917e+05  -2.4426393e+06
   1.9350140e+05  -2.4428155e+06
   1.9549362e+05  -2.4429917e+06
   1.9748585e+05  -2.4431678e+06
   1.9947807e+05  -2.4433440e+06
   2.0147030e+05  -2.4435202e+06
   2.0346252e+05  -2.4436964e+06
   2.0545475e+05  -2.4438726e+06
   2.0744697e+05  -2.4440488e+06
   2.0943919e+05  -2.4442249e+06
   2.1143142e+05  -2.4444011e+06
   2.1342364e+05  -2.4445773e+06
   2.1541587e+05  -2.4447535e+06
   2.1740809e+05  -2.4449297e+06
   2.1940032e+05  -2.4451059e+06
   2.2139254e+05  -2.4452821e+06
   2.2338477e+05  -2.4454582e+06
   2.2537699e+05  -2.4456344e+06
   2.2736922e+05  -2.4458106e+06
   2.2936144e+05  -2.4459868e+06
   2.3135367e+05  -2.4461630e+06
   2.3334589e+05  -2.4463392e+06
   2.3533812e+05  -2.4465153e+06
   2.3733034e+05  -2.4466915e+06
   2.3932257e+05  -2.4468677e+06
   2.4131479e+05  -2.4470439e+06
   2.4330701e+05  -2.4472201e+06
   2.4529924e+05  -2.4473963e+06
   2.4729146e+05  -2.4475724e+06
   2.4928369e+05  -2.4477486e+06
   2.5127591e+05  -2.4479248e+06
   2.5326814e+05  -2.4481010e+06
   2.5526036e+05  -2.4482772e+06
   2.5725259e+05  -2.4484534e+06
   2.5924481e+05  -2.4486295e+06
   2.6123704e+05  -2.4488057e+06
   2.6322926e+05  -2.4489819e+06
   2.6522149e+05  -2.4491581e+06
   2.6721371e+05  -2.4493343e+06
   2.6920594e+05  -2.4495105e+06
   2.7119816e+05  -2.4496867e+06
   2.7319039e+05  -2.4498628e+06
   2.7518261e+05  -2.4500390e+06
   2.7717483e+05  -2.4502152e+06
   2.7916706e+05  -2.4503914e+06
   2.8115928e+05  -2.4505676e+06
373 
   2.8115928e+05  -2.4505676e+06
   2.8133547e+05  -2.4485753e+06
   2.8151165e+05  -2.4465831e+06
   2.8168784e+05  -2.4445909e+06
   2.8186402e+05  -2.4425987e+06
   2.8204020e+05  -2.4406064e+06
   2.8221639e+05  -2.4386142e+06
   2.8239257e+05  -2.4366220e+06
   2.8256876e+05  -2.4346298e+06
   2.8274494e+05  -2.4326375e+06
   2.8292112e+05  -2.4306453e+06
   2.8309731e+05  -2.4286531e+06
   2.8327349e+05  -2.4266609e+06
   2.8344968e+05  -2.4246687e+06
   2.8362586e+05  -2.4226764e+06
   2.8380204e+05  -2.4206842e+06
   2.8397823e+05  -2.4186920e+06
   2.8415441e+05  -2.4166998e+06
   2.8433059e+05  -2.4147075e+06
   2.8450678e+05  -2.4127153e+06
   2.8468296e+05  -2.4107231e+06
   2.8485915e+05  -2.4087309e+06
   2.8503533e+05  -2.4067386e+06
   2.8521151e+05  -2.4047464e+06
   2.8538770e+05  -2.4027542e+06
   2.8556388e+05  -2.4007620e+06
   2.8574007e+05  -2.3987697e+06
   2.8591625e+05  -2.3967775e+06
   2.8609243e+05  -2.3947853e+06
   2.8626862e+05  -2.3927931e+06
   2.8644480e+05  -2.3908008e+06
   2.8662099e+05  -2.3888086e+06
   2.8679717e+05  -2.3868164e+06
   2.8697335e+05  -2.3848242e+06
   2.8714954e+05  -2.3828319e+06
   2.8732572e+05  -2.3808397e+06
   2.8750191e+05  -2.3788475e+06
   2.8767809e+05  -2.3768553e+06
   2.8785427e+05  -2.3748630e+06
   2.8803046e+05  -2.3728708e+06
   2.8820664e+05  -2.3708786e+06
   2.8838283e+05  -2.3688864e+06
   2.8855901e+05  -2.3668941e+06
   2.8873519e+05  -2.3649019e+06
   2.8891138e+05  -2.3629097e+06
   2.8908756e+05  -2.3609175e+06
   2.8926375e+05  -2.3589252e+06
   2.8943993e+05  -2.3569330e+06
   2.8961611e+05  -2.3549408e+06
   2.8979230e+05  -2.3529486e+06
   2.8996848e+05  -2.3509563e+06
   2.9014467e+05  -2.3489641e+06
   2.9032085e+05  -2.3469719e+06
   2.9049703e+05  -2.3449797e+06
   2.9067322e+05  -2.3429874e+06
   2.9084940e+05  -2.3409952e+06
   2.9102559e+05  -2.3390030e+06
   2.9120177e+05  -2.3370108e+06
   2.9137795e+05  -2.3350185e+06
   2.9155414e+05  -2.3330263e+06
   2.9173032e+05  -2.3310341e+06
   2.9190650e+05  -2.3290419e+06
   2.9208269e+05  -2.3270496e+06
   2.9225887e+05  -2.3250574e+06
   2.9243506e+05  -2.3230652e+06
   2.9261124e+05  -2.3210730e+06
   2.9278742e+05  -2.3190807e+06
   2.9296361e+05  -2.3170885e+06
   2.9313979e+05  -2.3150963e+06
   2.9331598e+05  -2.3131041e+06
   2.9349216e+05  -2.3111118e+06
   2.9366834e+05  -2.3091196e+06
   2.9384453e+05  -2.3071274e+06
   2.9402071e+05  -2.3051352e+06
   2.9419690e+05  -2.3031429e+06
   2.9437308e+05  -2.3011507e+06
   2.9454926e+05  -2.2991585e+06
   2.9472545e+05  -2.2971663e+06
   2.9490163e+05  -2.2951740e+06
   2.9507782e+05  -2.2931818e+06
   2.9525400e+05  -2.2911896e+06
   2.9543018e+05  -2.2891974e+06
   2.9560637e+05  -2.2872051e+06
   2.9578255e+05  -2.2852129e+06
   2.9595874e+05  -2.2832207e+06
   2.9613492e+05  -2.2812285e+06
   2.9631110e+05  -2.2792362e+06
   2.9648729e+05  -2.2772440e+06
   2.9666347e+05  -2.2752518e+06
   2.9683966e+05  -2.2732596e+06
   2.9701584e+05  -2.2712673e+06
   2.9719202e+05  -2.2692751e+06
   2.9736821e+05  -2.2672829e+06
   2.9754439e+05  -2.2652907e+06
   2.9772058e+05  -2.2632985e+06
   2.9789676e+05  -2.2613062e+06
   2.9807294e+05  -2.2593140e+06
   2.9824913e+05  -2.2573218e+06
   2.9842531e+05  -2.2553296e+06
   2.9860149e+05  -2.2533373e+06
   2.9877768e+05  -2.2513451e+06
   2.9895386e+05  -2.2493529e+06
   2.9913005e+05  -2.2473607e+06
   2.9930623e+05  -2.2453684e+06
   2.9948241e+05  -2.2433762e+06
   2.9965860e+05  -2.2413840e+06
   2.9983478e+05  -2.2393918e+06
   3.0001097e+05  -2.2373995e+06
   3.0018715e+05  -2.2354073e+06
   3.0036333e+05  -2.2334151e+06
   3.0053952e+05  -2.2314229e+06
   3.0071570e+05  -2.2294306e+06
   3.0089189e+05  -2.2274384e+06
   3.0106807e+05  -2.2254462e+06
   3.0124425e+05  -2.2234540e+06
   3.0142044e+05  -2.2214617e+06
   3.0159662e+05  -2.2194695e+06
   3.0177281e+05  -2.2174773e+06
   3.0194899e+05  -2.2154851e+06
   3.0212517e+05  -2.2134928e+06
   3.0230136e+05  -2.2115006e+06
   3.0247754e+05  -2.2095084e+06
   3.0265373e+05  -2.2075162e+06
   3.0282991e+05  -2.2055239e+06
   3.0300609e+05  -2.2035317e+06
   3.0318228e+05  -2.2015395e+06
   3.0335846e+05  -2.1995473e+06
   3.0353465e+05  -2.1975550e+06
   3.0371083e+05  -2.1955628e+06
   3.0388701e+05  -2.1935706e+06
   3.0406320e+05  -2.1915784e+06
   3.0423938e+05  -2.1895861e+06
   3.0441557e+05  -2.1875939e+06
   3.0459175e+05  -2.1856017e+06
   3.0476793e+05  -2.1836095e+06
   3.0494412e+05  -2.1816172e+06
   3.0512030e+05  -2.1796250e+06
   3.0529649e+05  -2.1776328e+06
   3.0547267e+05  -2.1756406e+06
   3.0564885e+05  -2.1736483e+06
   3.0582504e+05  -2.1716561e+06
   3.0600122e+05  -2.1696639e+06
   3.0617740e+05  -2.1676717e+06
   3.0635359e+05  -2.1656794e+06
   3.0652977e+05  -2.1636872e+06
   3.0670596e+05  -2.1616950e+06
   3.0688214e+05  -2.1597028e+06
   3.0705832e+05  -2.1577105e+06
   3.0723451e+05  -2.1557183e+06
   3.0741069e+05  -2.1537261e+06
   3.0758688e+05  -2.1517339e+06
   3.0776306e+05  -2.1497416e+06
   3.0793924e+05  -2.1477494e+06
   3.0811543e+05  -2.1457572e+06
   3.0829161e+05  -2.1437650e+06
   3.0846780e+05  -2.1417727e+06
   3.0864398e+05  -2.1397805e+06
   3.0882016e+05  -2.1377883e+06
   3.0899635e+05  -2.1357961e+06
   3.0917253e+05  -2.1338038e+06
   3.0934872e+05  -2.1318116e+06
   3.0952490e+05  -2.1298194e+06
   3.0970108e+05  -2.1278272e+06
   3.0987727e+05  -2.1258349e+06
   3.1005345e+05  -2.1238427e+06
   3.1022964e+05  -2.1218505e+06
   3.1040582e+05  -2.1198583e+06
   3.1058200e+05  -2.1178660e+06
   3.1075819e+05  -2.1158738e+06
   3.1093437e+05  -2.1138816e+06
   3.1111056e+05  -2.1118894e+06
   3.1128674e+05  -2.1098971e+06
   3.1146292e+05  -2.1079049e+06
   3.1163911e+05  -2.1059127e+06
   3.1181529e+05  -2.1039205e+06
   3.1199148e+05  -2.1019283e+06
   3.1216766e+05  -2.0999360e+06
   3.1234384e+05  -2.0979438e+06
   3.1252003e+05  -2.0959516e+06
   3.1269621e+05  -2.0939594e+06
   3.1287239e+05  -2.0919671e+06
   3.1304858e+05  -2.0899749e+06
   3.1322476e+05  -2.0879827e+06
   3.1340095e+05  -2.0859905e+06
   3.1357713e+05  -2.0839982e+06
   3.1375331e+05  -2.0820060e+06
   3.1392950e+05  -2.0800138e+06
   3.1410568e+05  -2.0780216e+06
   3.1428187e+05  -2.0760293e+06
   3.1445805e+05  -2.0740371e+06
   3.1463423e+05  -2.0720449e+06
   3.1481042e+05  -2.0700527e+06
   3.1498660e+05  -2.0680604e+06
   3.1516279e+05  -2.0660682e+06
   3.1533897e+05  -2.0640760e+06
   3.1551515e+05  -2.0620838e+06
   3.1569134e+05  -2.0600915e+06
   3.1586752e+05  -2.0580993e+06
   3.1604371e+05  -2.0561071e+06
   3.1621989e+05  -2.0541149e+06
   3.1639607e+05  -2.0521226e+06
   3.1657226e+05  -2.0501304e+06
   3.1674844e+05  -2.0481382e+06
   3.1692463e+05  -2.0461460e+06
   3.1710081e+05  -2.0441537e+06
   3.1727699e+05  -2.0421615e+06
   3.1745318e+05  -2.0401693e+06
   3.1762936e+05  -2.0381771e+06
   3.1780555e+05  -2.0361848e+06
   3.1798173e+05  -2.0341926e+06
   3.1815791e+05  -2.0322004e+06
   3.1833410e+05  -2.0302082e+06
   3.1851028e+05  -2.0282159e+06
   3.1868647e+05  -2.0262237e+06
   3.1886265e+05  -2.0242315e+06
   3.1903883e+05  -2.0222393e+06
   3.1921502e+05  -2.0202470e+06
   3.1939120e+05  -2.0182548e+06
   3.1956739e+05  -2.0162626e+06
   3.1974357e+05  -2.0142704e+06
   3.1991975e+05  -2.0122781e+06
   3.2009594e+05  -2.0102859e+06
   3.2027212e+05  -2.0082937e+06
   3.2044830e+05  -2.0063015e+06
   3.2062449e+05  -2.0043092e+06
   3.2080067e+05  -2.0023170e+06
   3.2097686e+05  -2.0003248e+06
   3.2115304e+05  -1.9983326e+06
   3.2132922e+05  -1.9963403e+06
   3.2150541e+05  -1.9943481e+06
   3.2168159e+05  -1.9923559e+06
   3.2185778e+05  -1.9903637e+06
   3.2203396e+05  -1.9883714e+06
   3.2221014e+05  -1.9863792e+06
   3.2238633e+05  -1.9843870e+06
   3.2256251e+05  -1.9823948e+06
   3.2273870e+05  -1.9804025e+06
   3.2291488e+05  -1.9784103e+06
   3.2309106e+05  -1.9764181e+06
   3.2326725e+05  -1.9744259e+06
   3.2344343e+05  -1.9724336e+06
   3.2361962e+05  -1.9704414e+06
   3.2379580e+05  -1.9684492e+06
   3.2397198e+05  -1.9664570e+06
   3.2414817e+05  -1.9644647e+06
   3.2432435e+05  -1.9624725e+06
   3.2450054e+05  -1.9604803e+06
   3.2467672e+05  -1.9584881e+06
   3.2485290e+05  -1.9564958e+06
   3.2502909e+05  -1.9545036e+06
   3.2520527e+05  -1.9525114e+06
   3.2538146e+05  -1.9505192e+06
   3.2555764e+05  -1.9485269e+06
   3.2573382e+05  -1.9465347e+06
   3.2591001e+05  -1.9445425e+06
   3.2608619e+05  -1.9425503e+06
   3.2626238e+05  -1.9405581e+06
   3.2643856e+05  -1.9385658e+06
   3.2661474e+05  -1.9365736e+06
   3.2679093e+05  -1.9345814e+06
   3.2696711e+05  -1.9325892e+06
   3.2714329e+05  -1.9305969e+06
   3.2731948e+05  -1.9286047e+06
   3.2749566e+05  -1.9266125e+06
   3.2767185e+05  -1.9246203e+06
   3.2784803e+05  -1.9226280e+06
   3.2802421e+05  -1.9206358e+06
   3.2820040e+05  -1.9186436e+06
   3.2837658e+05  -1.9166514e+06
   3.2855277e+05  -1.9146591e+06
   3.2872895e+05  -1.9126669e+06
   3.2890513e+05  -1.9106747e+06
   3.2908132e+05  -1.9086825e+06
   3.2925750e+05  -1.9066902e+06
   3.2943369e+05  -1.9046980e+06
   3.2960987e+05  -1.9027058e+06
   3.2978605e+05  -1.9007136e+06
   3.2996224e+05  -1.8987213e+06
   3.3013842e+05  -1.8967291e+06
   3.3031461e+05  -1.8947369e+06
   3.3049079e+05  -1.8927447e+06
   3.3066697e+05  -1.8907524e+06
   3.3084316e+05  -1.8887602e+06
   3.3101934e+05  -1.8867680e+06
   3.3119553e+05  -1.8847758e+06
   3.3137171e+05  -1.8827835e+06
   3.3154789e+05  -1.8807913e+06
   3.3172408e+05  -1.8787991e+06
   3.3190026e+05  -1.8768069e+06
   3.3207645e+05  -1.8748146e+06
   3.3225263e+05  -1.8728224e+06
   3.3242881e+05  -1.8708302e+06
   3.3260500e+05  -1.8688380e+06
   3.3278118e+05  -1.8668457e+06
   3.3295737e+05  -1.8648535e+06
   3.3313355e+05  -1.8628613e+06
   3.3330973e+05  -1.8608691e+06
   3.3348592e+05  -1.8588768e+06
   3.3366210e+05  -1.8568846e+06
   3.3383829e+05  -1.8548924e+06
   3.3401447e+05  -1.8529002e+06
   3.3419065e+05  -1.8509079e+06
   3.3436684e+05  -1.8489157e+06
   3.3454302e+05  -1.8469235e+06
   3.3471920e+05  -1.8449313e+06
   3.3489539e+05  -1.8429390e+06
   3.3507157e+05  -1.8409468e+06
   3.3524776e+05  -1.8389546e+06
   3.3542394e+05  -1.8369624e+06
   3.3560012e+05  -1.8349701e+06
   3.3577631e+05  -1.8329779e+06
   3.3595249e+05  -1.8309857e+06
   3.3612868e+05  -1.8289935e+06
   3.3630486e+05  -1.8270012e+06
   3.3648104e+05  -1.8250090e+06
   3.3665723e+05  -1.8230168e+06
   3.3683341e+05  -1.8210246e+06
   3.3700960e+05  -1.8190323e+06
   3.3718578e+05  -1.8170401e+06
   3.3736196e+05  -1.8150479e+06
   3.3753815e+05  -1.8130557e+06
   3.3771433e+05  -1.8110634e+06
   3.3789052e+05  -1.8090712e+06
   3.3806670e+05  -1.8070790e+06
   3.3824288e+05  -1.8050868e+06
   3.3841907e+05  -1.8030945e+06
   3.3859525e+05  -1.8011023e+06
   3.3877144e+05  -1.7991101e+06
   3.3894762e+05  -1.7971179e+06
   3.3912380e+05  -1.7951256e+06
   3.3929999e+05  -1.7931334e+06
   3.3947617e+05  -1.7911412e+06
   3.3965236e+05  -1.7891490e+06
   3.3982854e+05  -1.7871567e+06
   3.4000472e+05  -1.7851645e+06
   3.4018091e+05  -1.7831723e+06
   3.4035709e+05  -1.7811801e+06
   3.4053328e+05  -1.7791879e+06
   3.4070946e+05  -1.7771956e+06
   3.4088564e+05  -1.7752034e+06
   3.4106183e+05  -1.7732112e+06
   3.4123801e+05  -1.7712190e+06
   3.4141419e+05  -1.7692267e+06
   3.4159038e+05  -1.7672345e+06
   3.4176656e+05  -1.7652423e+06
   3.4194275e+05  -1.7632501e+06
   3.4211893e+05  -1.7612578e+06
   3.4229511e+05  -1.7592656e+06
   3.4247130e+05  -1.7572734e+06
   3.4264748e+05  -1.7552812e+06
   3.4282367e+05  -1.7532889e+06
   3.4299985e+05  -1.7512967e+06
   3.4317603e+05  -1.7493045e+06
   3.4335222e+05  -1.7473123e+06
   3.4352840e+05  -1.7453200e+06
   3.4370459e+05  -1.7433278e+06
   3.4388077e+05  -1.7413356e+06
   3.4405695e+05  -1.7393434e+06
   3.4423314e+05  -1.7373511e+06
   3.4440932e+05  -1.7353589e+06
   3.4458551e+05  -1.7333667e+06
   3.4476169e+05  -1.7313745e+06
   3.4493787e+05  -1.7293822e+06
   3.4511406e+05  -1.7273900e+06
   3.4529024e+05  -1.7253978e+06
   3.4546643e+05  -1.7234056e+06
   3.4564261e+05  -1.7214133e+06
   3.4581879e+05  -1.7194211e+06
   3.4599498e+05  -1.7174289e+06
   3.4617116e+05  -1.7154367e+06
   3.4634735e+05  -1.7134444e+06
   3.4652353e+05  -1.7114522e+06
   3.4669971e+05  -1.7094600e+06
429 
   3.4669971e+05  -1.7094600e+06
   3.4470749e+05  -1.7092838e+06
   3.4271526e+05  -1.7091076e+06
   3.4072304e+05  -1.7089314e+06
   3.3873081e+05  -1.7087553e+06
   3.3673859e+05  -1.7085791e+06
   3.3474637e+05  -1.7084029e+06
   3.3275414e+05  -1.7082267e+06
   3.3076192e+05  -1.7080505e+06
   3.2876969e+05  -1.7078743e+06
   3.2677747e+05  -1.7076981e+06
   3.2478524e+05  -1.7075220e+06
   3.2279302e+05  -1.7073458e+06
   3.2080079e+05  -1.7071696e+06
   3.1880857e+05  -1.7069934e+06
   3.1681634e+05  -1.7068172e+06
   3.1482412e+05  -1.7066410e+06
   3.1283189e+05  -1.7064649e+06
   3.1083967e+05  -1.7062887e+06
   3.0884744e+05  -1.7061125e+06
   3.0685522e+05  -1.7059363e+06
   3.0486299e+05  -1.7057601e+06
   3.0287077e+05  -1.7055839e+06
   3.0087855e+05  -1.7054078e+06
   2.9888632e+05  -1.7052316e+06
   2.9689410e+05  -1.7050554e+06
   2.9490187e+05  -1.7048792e+06
   2.9290965e+05  -1.7047030e+06
   2.9091742e+05  -1.7045268e+06
   2.8892520e+05  -1.7043507e+06
   2.8693297e+05  -1.7041745e+06
   2.8494075e+05  -1.7039983e+06
   2.8294852e+05  -1.7038221e+06
   2.8095630e+05  -1.7036459e+06
   2.7896407e+05  -1.7034697e+06
   2.7697185e+05  -1.7032935e+06
   2.7497962e+05  -1.7031174e+06
   2.7298740e+05  -1.7029412e+06
   2.7099518e+05  -1.7027650e+06
   2.6900295e+05  -1.7025888e+06
   2.6701073e+05  -1.7024126e+06
   2.6501850e+05  -1.7022364e+06
   2.6302628e+05  -1.7020603e+06
   2.6103405e+05  -1.7018841e+06
   2.5904183e+05  -1.7017079e+06
   2.5704960e+05  -1.7015317e+06
   2.5505738e+05  -1.7013555e+06
   2.5306515e+05  -1.7011793e+06
   2.5107293e+05  -1.7010032e+06
   2.4908070e+05  -1.7008270e+06
   2.4708848e+05  -1.7006508e+06
   2.4509625e+05  -1.7004746e+06
   2.4310403e+05  -1.7002984e+06
   2.4111180e+05  -1.7001222e+06
   2.3911958e+05  -1.6999461e+06
   2.3712736e+05  -1.6997699e+06
   2.3513513e+05  -1.6995937e+06
   2.3314291e+05  -1.6994175e+06
   2.3115068e+05  -1.6992413e+06
   2.2915846e+05  -1.6990651e+06
   2.2716623e+05  -1.6988889e+06
   2.2517401e+05  -1.6987128e+06
   2.2318178e+05  -1.6985366e+06
   2.2118956e+05  -1.6983604e+06
   2.1919733e+05  -1.6981842e+06
   2.1720511e+05  -1.6980080e+06
   2.1521288e+05  -1.6978318e+06
   2.1322066e+05  -1.6976557e+06
   2.1122843e+05  -1.6974795e+06
   2.0923621e+05  -1.6973033e+06
   2.0724399e+05  -1.6971271e+06
   2.0525176e+05  -1.6969509e+06
   2.0325954e+05  -1.6967747e+06
   2.0126731e+05  -1.6965986e+06
   1.9927509e+05  -1.6964224e+06
   1.9728286e+05  -1.6962462e+06
   1.9529064e+05  -1.6960700e+06
   1.9329841e+05  -1.6958938e+06
   1.9130619e+05  -1.6957176e+06
   1.8931396e+05  -1.6955415e+06
   1.8732174e+05  -1.6953653e+06
   1.8532951e+05  -1.6951891e+06
   1.8333729e+05  -1.6950129e+06
   1.8134506e+05  -1.6948367e+06
   1.7935284e+05  -1.6946605e+06
   1.7736061e+05  -1.6944844e+06
   1.7536839e+05  -1.6943082e+06
   1.7337617e+05  -1.6941320e+06
   1.7138394e+05  -1.6939558e+06
   1.6939172e+05  -1.6937796e+06
   1.6739949e+05  -1.6936034e+06
   1.6540727e+05  -1.6934272e+06
   1.6341504e+05  -1.6932511e+06
   1.6142282e+05  -1.6930749e+06
   1.5943059e+05  -1.6928987e+06
   1.5743837e+05  -1.6927225e+06
   1.5544614e+05  -1.6925463e+06
   1.5345392e+05  -1.6923701e+06
   1.5146169e+05  -1.6921940e+06
   1.4946947e+05  -1.6920178e+06
   1.4747724e+05  -1.6918416e+06
   1.4548502e+05  -1.6916654e+06
   1.4349280e+05  -1.6914892e+06
   1.4150057e+05  -1.6913130e+06
   1.3950835e+05  -1.6911369e+06
   1.3751612e+05  -1.6909607e+06
   1.3552390e+05  -1.6907845e+06
   1.3353167e+05  -1.6906083e+06
   1.3153945e+05  -1.6904321e+06
   1.2954722e+05  -1.6902559e+06
   1.2755500e+05  -1.6900798e+06
   1.2556277e+05  -1.6899036e+06
   1.2357055e+05  -1.6897274e+06
   1.2157832e+05  -1.6895512e+06
   1.1958610e+05  -1.6893750e+06
   1.1759387e+05  -1.6891988e+06
   1.1560165e+05  -1.6890226e+06
   1.1360942e+05  -1.6888465e+06
   1.1161720e+05  -1.6886703e+06
   1.0962498e+05  -1.6884941e+06
   1.0763275e+05  -1.6883179e+06
   1.0564053e+05  -1.6881417e+06
   1.0364830e+05  -1.6879655e+06
   1.0165608e+05  -1.6877894e+06
   9.9663852e+04  -1.6876132e+06
   9.7671627e+04  -1.6874370e+06
   9.5679402e+04  -1.6872608e+06
   9.3687178e+04  -1.6870846e+06
   9.1694953e+04  -1.6869084e+06
   8.9702728e+04  -1.6867323e+06
   8.7710504e+04  -1.6865561e+06
   8.5718279e+04  -1.6863799e+06
   8.3726054e+04  -1.6862037e+06
   8.1733830e+04  -1.6860275e+06
   7.9741605e+04  -1.6858513e+06
   7.7749380e+04  -1.6856752e+06
   7.5757156e+04  -1.6854990e+06
   7.3764931e+04  -1.6853228e+06
   7.1772706e+04  -1.6851466e+06
   6.9780482e+04  -1.6849704e+06
   6.7788257e+04  -1.6847942e+06
   6.5796032e+04  -1.6846180e+06
   6.3803807e+04  -1.6844419e+06
   6.1811583e+04  -1.6842657e+06
   5.9819358e+04  -1.6840895e+06
   5.7827133e+04  -1.6839133e+06
   5.5834909e+04  -1.6837371e+06
   5.3842684e+04  -1.6835609e+06
   5.1850459e+04  -1.6833848e+06
   4.9858235e+04  -1.6832086e+06
   4.7866010e+04  -1.6830324e+06
   4.5873785e+04  -1.6828562e+06
   4.3881561e+04  -1.6826800e+06
   4.1889336e+04  -1.6825038e+06
   3.9897111e+04  -1.6823277e+06
   3.7904886e+04  -1.6821515e+06
   3.5912662e+04  -1.6819753e+06
   3.3920437e+04  -1.6817991e+06
   3.1928212e+04  -1.6816229e+06
   2.9935988e+04  -1.6814467e+06
   2.7943763e+04  -1.6812706e+06
   2.5951538e+04  -1.6810944e+06
   2.3959314e+04  -1.6809182e+06
   2.1967089e+04  -1.6807420e+06
   1.9974864e+04  -1.6805658e+06
   1.7982640e+04  -1.6803896e+06
   1.5990415e+04  -1.6802135e+06
   1.3998190e+04  -1.6800373e+06
   1.2005966e+04  -1.6798611e+06
   1.0013741e+04  -1.6796849e+06
   8.0215161e+03  -1.6795087e+06
   6.0292914e+03  -1.6793325e+06
   4.0370667e+03  -1.6791563e+06
   2.0448421e+03  -1.6789802e+06
   5.2617364e+01  -1.6788040e+06
  -1.9396073e+03  -1.6786278e+06
  -3.9318320e+03  -1.6784516e+06
  -5.9240567e+03  -1.6782754e+06
  -7.9162814e+03  -1.6780992e+06
  -9.9085061e+03  -1.6779231e+06
  -1.1900731e+04  -1.6777469e+06
  -1.3892955e+04  -1.6775707e+06
  -1.5885180e+04  -1.6773945e+06
  -1.7877405e+04  -1.6772183e+06
  -1.9869630e+04  -1.6770421e+06
  -2.1861854e+04  -1.6768660e+06
  -2.3854079e+04  -1.6766898e+06
  -2.5846304e+04  -1.6765136e+06
  -2.7838528e+04  -1.6763374e+06
  -2.9830753e+04  -1.6761612e+06
  -3.1822978e+04  -1.6759850e+06
  -3.3815202e+04  -1.6758089e+06
  -3.5807427e+04  -1.6756327e+06
  -3.7799652e+04  -1.6754565e+06
  -3.9791876e+04  -1.6752803e+06
  -4.1784101e+04  -1.6751041e+06
  -4.3776326e+04  -1.6749279e+06
  -4.5768551e+04  -1.6747517e+06
  -4.7760775e+04  -1.6745756e+06
  -4.9753000e+04  -1.6743994e+06
  -5.1745225e+04  -1.6742232e+06
  -5.3737449e+04  -1.6740470e+06
  -5.5729674e+04  -1.6738708e+06
  -5.7721899e+04  -1.6736946e+06
  -5.9714123e+04  -1.6735185e+06
  -6.1706348e+04  -1.6733423e+06
  -6.3698573e+04  -1.6731661e+06
  -6.5690797e+04  -1.6729899e+06
  -6.7683022e+04  -1.6728137e+06
  -6.9675247e+04  -1.6726375e+06
  -7.1667471e+04  -1.6724614e+06
  -7.3659696e+04  -1.6722852e+06
  -7.5651921e+04  -1.6721090e+06
  -7.7644146e+04  -1.6719328e+06
  -7.9636370e+04  -1.6717566e+06
  -8.1628595e+04  -1.6715804e+06
  -8.3620820e+04  -1.6714043e+06
  -8.5613044e+04  -1.6712281e+06
  -8.7605269e+04  -1.6710519e+06
  -8.9597494e+04  -1.6708757e+06
  -9.1589718e+04  -1.6706995e+06
  -9.3581943e+04  -1.6705233e+06
  -9.5574168e+04  -1.6703471e+06
  -9.7566392e+04  -1.6701710e+06
  -9.9558617e+04  -1.6699948e+06
  -1.0155084e+05  -1.6698186e+06
  -1.0354307e+05  -1.6696424e+06
  -1.0553529e+05  -1.6694662e+06
  -1.0752752e+05  -1.6692900e+06
  -1.0951974e+05  -1.6691139e+06
  -1.1151197e+05  -1.6689377e+06
  -1.1350419e+05  -1.6687615e+06
  -1.1549641e+05  -1.6685853e+06
  -1.1748864e+05  -1.6684091e+06
  -1.1948086e+05  -1.6682329e+06
  -1.2147309e+05  -1.6680568e+06
  -1.2346531e+05  -1.6678806e+06
  -1.2545754e+05  -1.6677044e+06
  -1.2744976e+05  -1.6675282e+06
  -1.2944199e+05  -1.6673520e+06
  -1.3143421e+05  -1.6671758e+06
  -1.3342644e+05  -1.6669997e+06
  -1.3541866e+05  -1.6668235e+06
  -1.3741089e+05  -1.6666473e+06
  -1.3940311e+05  -1.6664711e+06
  -1.4139534e+05  -1.6662949e+06
  -1.4338756e+05  -1.6661187e+06
  -1.4537979e+05  -1.6659426e+06
  -1.4737201e+05  -1.6657664e+06
  -1.4936423e+05  -1.6655902e+06
  -1.5135646e+05  -1.6654140e+06
  -1.5334868e+05  -1.6652378e+06
  -1.5534091e+05  -1.6650616e+06
  -1.5733313e+05  -1.6648854e+06
  -1.5932536e+05  -1.6647093e+06
  -1.6131758e+05  -1.6645331e+06
  -1.6330981e+05  -1.6643569e+06
  -1.6530203e+05  -1.6641807e+06
  -1.6729426e+05  -1.6640045e+06
  -1.6928648e+05  -1.6638283e+06
  -1.7127871e+05  -1.6636522e+06
  -1.7327093e+05  -1.6634760e+06
  -1.7526316e+05  -1.6632998e+06
  -1.7725538e+05  -1.6631236e+06
  -1.7924760e+05  -1.6629474e+06
  -1.8123983e+05  -1.6627712e+06
  -1.8323205e+05  -1.6625951e+06
  -1.8522428e+05  -1.6624189e+06
  -1.8721650e+05  -1.6622427e+06
  -1.8920873e+05  -1.6620665e+06
  -1.9120095e+05  -1.6618903e+06
  -1.9319318e+05  -1.6617141e+06
  -1.9518540e+05  -1.6615380e+06
  -1.9717763e+05  -1.6613618e+06
  -1.9916985e+05  -1.6611856e+06
  -2.0116208e+05  -1.6610094e+06
  -2.0315430e+05  -1.6608332e+06
  -2.0514653e+05  -1.6606570e+06
  -2.0713875e+05  -1.6604808e+06
  -2.0913098e+05  -1.6603047e+06
  -2.1112320e+05  -1.6601285e+06
  -2.1311542e+05  -1.6599523e+06
  -2.1510765e+05  -1.6597761e+06
  -2.1709987e+05  -1.6595999e+06
  -2.1909210e+05  -1.6594237e+06
  -2.2108432e+05  -1.6592476e+06
  -2.2307655e+05  -1.6590714e+06
  -2.2506877e+05  -1.6588952e+06
  -2.2706100e+05  -1.6587190e+06
  -2.2905322e+05  -1.6585428e+06
  -2.3104545e+05  -1.6583666e+06
  -2.3303767e+05  -1.6581905e+06
  -2.3502990e+05  -1.6580143e+06
  -2.3702212e+05  -1.6578381e+06
  -2.3901435e+05  -1.6576619e+06
  -2.4100657e+05  -1.6574857e+06
  -2.4299879e+05  -1.6573095e+06
  -2.4499102e+05  -1.6571334e+06
  -2.4698324e+05  -1.6569572e+06
  -2.4897547e+05  -1.6567810e+06
  -2.5096769e+05  -1.6566048e+06
  -2.5295992e+05  -1.6564286e+06
  -2.5495214e+05  -1.6562524e+06
  -2.5694437e+05  -1.6560762e+06
  -2.5893659e+05  -1.6559001e+06
  -2.6092882e+05  -1.6557239e+06
  -2.6292104e+05  -1.6555477e+06
  -2.6491327e+05  -1.6553715e+06
  -2.6690549e+05  -1.6551953e+06
  -2.6889772e+05  -1.6550191e+06
  -2.7088994e+05  -1.6548430e+06
  -2.7288217e+05  -1.6546668e+06
  -2.7487439e+05  -1.6544906e+06
  -2.7686661e+05  -1.6543144e+06
  -2.7885884e+05  -1.6541382e+06
  -2.8085106e+05  -1.6539620e+06
  -2.8284329e+05  -1.6537859e+06
  -2.8483551e+05  -1.6536097e+06
  -2.8682774e+05  -1.6534335e+06
  -2.8881996e+05  -1.6532573e+06
  -2.9081219e+05  -1.6530811e+06
  -2.9280441e+05  -1.6529049e+06
  -2.9479664e+05  -1.6527288e+06
  -2.9678886e+05  -1.6525526e+06
  -2.9878109e+05  -1.6523764e+06
  -3.0077331e+05  -1.6522002e+06
  -3.0276554e+05  -1.6520240e+06
  -3.0475776e+05  -1.6518478e+06
  -3.0674998e+05  -1.6516717e+06
  -3.0874221e+05  -1.6514955e+06
  -3.1073443e+05  -1.6513193e+06
  -3.1272666e+05  -1.6511431e+06
  -3.1471888e+05  -1.6509669e+06
  -3.1671111e+05  -1.6507907e+06
  -3.1870333e+05  -1.6506145e+06
  -3.2069556e+05  -1.6504384e+06
  -3.2268778e+05  -1.6502622e+06
  -3.2468001e+05  -1.6500860e+06
  -3.2667223e+05  -1.6499098e+06
  -3.2866446e+05  -1.6497336e+06
  -3.3065668e+05  -1.6495574e+06
  -3.3264891e+05  -1.6493813e+06
  -3.3464113e+05  -1.6492051e+06
  -3.3663336e+05  -1.6490289e+06
  -3.3862558e+05  -1.6488527e+06
  -3.4061780e+05  -1.6486765e+06
  -3.4261003e+05  -1.6485003e+06
  -3.4460225e+05  -1.6483242e+06
  -3.4659448e+05  -1.6481480e+06
  -3.4858670e+05  -1.6479718e+06
  -3.5057893e+05  -1.6477956e+06
  -3.5257115e+05  -1.6476194e+06
  -3.5456338e+05  -1.6474432e+06
  -3.5655560e+05  -1.6472671e+06
  -3.5854783e+05  -1.6470909e+06
  -3.6054005e+05  -1.6469147e+06
  -3.6253228e+05  -1.6467385e+06
  -3.6452450e+05  -1.6465623e+06
  -3.6651673e+05  -1.6463861e+06
  -3.6850895e+05  -1.6462099e+06
  -3.7050117e+05  -1.6460338e+06
  -3.7249340e+05  -1.6458576e+06
  -3.7448562e+05  -1.6456814e+06
  -3.7647785e+05  -1.6455052e+06
  -3.7847007e+05  -1.6453290e+06
  -3.8046230e+05  -1.6451528e+06
  -3.8245452e+05  -1.6449767e+06
  -3.8444675e+05  -1.6448005e+06
  -3.8643897e+05  -1.6446243e+06
  -3.8843120e+05  -1.6444481e+06
  -3.9042342e+05  -1.6442719e+06
  -3.9241565e+05  -1.6440957e+06
  -3.9440787e+05  -1.6439196e+06
  -3.9640010e+05  -1.6437434e+06
  -3.9839232e+05  -1.6435672e+06
  -4.0038455e+05  -1.6433910e+06
  -4.0237677e+05  -1.6432148e+06
  -4.0436899e+05  -1.6430386e+06
  -4.0636122e+05  -1.6428625e+06
  -4.0835344e+05  -1.6426863e+06
  -4.1034567e+05  -1.6425101e+06
  -4.1233789e+05  -1.6423339e+06
  -4.1433012e+05  -1.6421577e+06
  -4.1632234e+05  -1.6419815e+06
  -4.1831457e+05  -1.6418053e+06
  -4.2030679e+05  -1.6416292e+06
  -4.2229902e+05  -1.6414530e+06
  -4.2429124e+05  -1.6412768e+06
  -4.2628347e+05  -1.6411006e+06
  -4.2827569e+05  -1.6409244e+06
  -4.3026792e+05  -1.6407482e+06
  -4.3226014e+05  -1.6405721e+06
  -4.3425237e+05  -1.6403959e+06
  -4.3624459e+05  -1.6402197e+06
  -4.3823681e+05  -1.6400435e+06
  -4.4022904e+05  -1.6398673e+06
  -4.4222126e+05  -1.6396911e+06
  -4.4421349e+05  -1.6395150e+06
  -4.4620571e+05  -1.6393388e+06
  -4.4819794e+05  -1.6391626e+06
  -4.5019016e+05  -1.6389864e+06
  -4.5218239e+05  -1.6388102e+06
  -4.5417461e+05  -1.6386340e+06
  -4.5616684e+05  -1.6384579e+06
  -4.5815906e+05  -1.6382817e+06
  -4.6015129e+05  -1.6381055e+06
  -4.6214351e+05  -1.6379293e+06
  -4.6413574e+05  -1.6377531e+06
  -4.6612796e+05  -1.6375769e+06
  -4.6812018e+05  -1.6374008e+06
  -4.7011241e+05  -1.6372246e+06
  -4.7210463e+05  -1.6370484e+06
  -4.7409686e+05  -1.6368722e+06
  -4.7608908e+05  -1.6366960e+06
  -4.7808131e+05  -1.6365198e+06
  -4.8007353e+05  -1.6363436e+06
  -4.8206576e+05  -1.6361675e+06
  -4.8405798e+05  -1.6359913e+06
  -4.8605021e+05  -1.6358151e+06
  -4.8804243e+05  -1.6356389e+06
  -4.9003466e+05  -1.6354627e+06
  -4.9202688e+05  -1.6352865e+06
  -4.9401911e+05  -1.6351104e+06
  -4.9601133e+05  -1.6349342e+06
  -4.9800356e+05  -1.6347580e+06
  -4.9999578e+05  -1.6345818e+06
  -5.0198800e+05  -1.6344056e+06
  -5.0398023e+05  -1.6342294e+06
  -5.0597245e+05  -1.6340533e+06
