  -5.0597245e+05  -1.6340533e+06
  -5.0614864e+05  -1.6360455e+06
  -5.0632482e+05  -1.6380377e+06
  -5.0650101e+05  -1.6400299e+06
  -5.0667719e+05  -1.6420222e+06
  -5.0685337e+05  -1.6440144e+06
  -5.0702956e+05  -1.6460066e+06
  -5.0720574e+05  -1.6479988e+06
  -5.0738193e+05  -1.6499911e+06
  -5.0755811e+05  -1.6519833e+06
  -5.0773429e+05  -1.6539755e+06
  -5.0791048e+05  -1.6559677e+06
  -5.0808666e+05  -1.6579600e+06
  -5.0826285e+05  -1.6599522e+06
  -5.0843903e+05  -1.6619444e+06
  -5.0861521e+05  -1.6639366e+06
  -5.0879140e+05  -1.6659289e+06
  -5.0896758e+05  -1.6679211e+06
  -5.0914377e+05  -1.6699133e+06
  -5.0931995e+05  -1.6719055e+06
  -5.0949613e+05  -1.6738977e+06
  -5.0967232e+05  -1.6758900e+06
  -5.0984850e+05  -1.6778822e+06
  -5.1002468e+05  -1.6798744e+06
  -5.1020087e+05  -1.6818666e+06
  -5.1037705e+05  -1.6838589e+06
  -5.1055324e+05  -1.6858511e+06
  -5.1072942e+05  -1.6878433e+06
  -5.1090560e+05  -1.6898355e+06
  -5.1108179e+05  -1.6918278e+06
  -5.1125797e+05  -1.6938200e+06
  -5.1143416e+05  -1.6958122e+06
  -5.1161034e+05  -1.6978044e+06
  -5.1178652e+05  -1.6997967e+06
  -5.1196271e+05  -1.7017889e+06
  -5.1213889e+05  -1.7037811e+06
  -5.1231508e+05  -1.7057733e+06
  -5.1249126e+05  -1.7077656e+06
  -5.1266744e+05  -1.7097578e+06
  -5.1284363e+05  -1.7117500e+06
  -5.1301981e+05  -1.7137422e+06
  -5.1319600e+05  -1.7157345e+06
  -5.1337218e+05  -1.7177267e+06
  -5.1354836e+05  -1.7197189e+06
  -5.1372455e+05  -1.7217111e+06
  -5.1390073e+05  -1.7237034e+06
  -5.1407692e+05  -1.7256956e+06
  -5.1425310e+05  -1.7276878e+06
  -5.1442928e+05  -1.7296800e+06
  -5.1460547e+05  -1.7316723e+06
  -5.1478165e+05  -1.7336645e+06
  -5.1495784e+05  -1.7356567e+06
  -5.1513402e+05  -1.7376489e+06
  -5.1531020e+05  -1.7396412e+06
  -5.1548639e+05  -1.7416334e+06
  -5.1566257e+05  -1.7436256e+06
  -5.1583876e+05  -1.7456178e+06
  -5.1601494e+05  -1.7476101e+06
  -5.1619112e+05  -1.7496023e+06
  -5.1636731e+05  -1.7515945e+06
  -5.1654349e+05  -1.7535867e+06
  -5.1671967e+05  -1.7555790e+06
  -5.1689586e+05  -1.7575712e+06
  -5.1707204e+05  -1.7595634e+06
  -5.1724823e+05  -1.7615556e+06
  -5.1742441e+05  -1.7635479e+06
  -5.1760059e+05  -1.7655401e+06
  -5.1777678e+05  -1.7675323e+06
  -5.1795296e+05  -1.7695245e+06
  -5.1812915e+05  -1.7715168e+06
  -5.1830533e+05  -1.7735090e+06
  -5.1848151e+05  -1.7755012e+06
  -5.1865770e+05  -1.7774934e+06
  -5.1883388e+05  -1.7794857e+06
  -5.1901007e+05  -1.7814779e+06
  -5.1918625e+05  -1.7834701e+06
  -5.1936243e+05  -1.7854623e+06
  -5.1953862e+05  -1.7874546e+06
  -5.1971480e+05  -1.7894468e+06
  -5.1989099e+05  -1.7914390e+06
  -5.2006717e+05  -1.7934312e+06
  -5.2024335e+05  -1.7954235e+06
  -5.2041954e+05  -1.7974157e+06
  -5.2059572e+05  -1.7994079e+06
  -5.2077191e+05  -1.8014001e+06
  -5.2094809e+05  -1.8033924e+06
  -5.2112427e+05  -1.8053846e+06
  -5.2130046e+05  -1.8073768e+06
  -5.2147664e+05  -1.8093690e+06
  -5.2165283e+05  -1.8113613e+06
  -5.2182901e+05  -1.8133535e+06
  -5.2200519e+05  -1.8153457e+06
  -5.2218138e+05  -1.8173379e+06
  -5.2235756e+05  -1.8193302e+06
  -5.2253375e+05  -1.8213224e+06
  -5.2270993e+05  -1.8233146e+06
  -5.2288611e+05  -1.8253068e+06
  -5.2306230e+05  -1.8272991e+06
  -5.2323848e+05  -1.8292913e+06
  -5.2341467e+05  -1.8312835e+06
  -5.2359085e+05  -1.8332757e+06
  -5.2376703e+05  -1.8352679e+06
  -5.2394322e+05  -1.8372602e+06
  -5.2411940e+05  -1.8392524e+06
  -5.2429558e+05  -1.8412446e+06
  -5.2447177e+05  -1.8432368e+06
  -5.2464795e+05  -1.8452291e+06
  -5.2482414e+05  -1.8472213e+06
  -5.2500032e+05  -1.8492135e+06
  -5.2517650e+05  -1.8512057e+06
  -5.2535269e+05  -1.8531980e+06
  -5.2552887e+05  -1.8551902e+06
  -5.2570506e+05  -1.8571824e+06
  -5.2588124e+05  -1.8591746e+06
  -5.2605742e+05  -1.8611669e+06
  -5.2623361e+05  -1.8631591e+06
  -5.2640979e+05  -1.8651513e+06
  -5.2658598e+05  -1.8671435e+06
  -5.2676216e+05  -1.8691358e+06
  -5.2693834e+05  -1.8711280e+06
  -5.2711453e+05  -1.8731202e+06
  -5.2729071e+05  -1.8751124e+06
  -5.2746690e+05  -1.8771047e+06
  -5.2764308e+05  -1.8790969e+06
  -5.2781926e+05  -1.8810891e+06
  -5.2799545e+05  -1.8830813e+06
  -5.2817163e+05  -1.8850736e+06
  -5.2834782e+05  -1.8870658e+06
  -5.2852400e+05  -1.8890580e+06
  -5.2870018e+05  -1.8910502e+06
  -5.2887637e+05  -1.8930425e+06
  -5.2905255e+05  -1.8950347e+06
  -5.2922874e+05  -1.8970269e+06
  -5.2940492e+05  -1.8990191e+06
  -5.2958110e+05  -1.9010114e+06
  -5.2975729e+05  -1.9030036e+06
  -5.2993347e+05  -1.9049958e+06
  -5.3010966e+05  -1.9069880e+06
  -5.3028584e+05  -1.9089803e+06
  -5.3046202e+05  -1.9109725e+06
  -5.3063821e+05  -1.9129647e+06
  -5.3081439e+05  -1.9149569e+06
  -5.3099057e+05  -1.9169492e+06
  -5.3116676e+05  -1.9189414e+06
  -5.3134294e+05  -1.9209336e+06
  -5.3151913e+05  -1.9229258e+06
  -5.3169531e+05  -1.9249181e+06
  -5.3187149e+05  -1.9269103e+06
  -5.3204768e+05  -1.9289025e+06
  -5.3222386e+05  -1.9308947e+06
  -5.3240005e+05  -1.9328870e+06
  -5.3257623e+05  -1.9348792e+06
  -5.3275241e+05  -1.9368714e+06
  -5.3292860e+05  -1.9388636e+06
  -5.3310478e+05  -1.9408559e+06
  -5.3328097e+05  -1.9428481e+06
  -5.3345715e+05  -1.9448403e+06
  -5.3363333e+05  -1.9468325e+06
  -5.3380952e+05  -1.9488248e+06
  -5.3398570e+05  -1.9508170e+06
  -5.3416189e+05  -1.9528092e+06
  -5.3433807e+05  -1.9548014e+06
  -5.3451425e+05  -1.9567937e+06
  -5.3469044e+05  -1.9587859e+06
  -5.3486662e+05  -1.9607781e+06
  -5.3504281e+05  -1.9627703e+06
  -5.3521899e+05  -1.9647626e+06
  -5.3539517e+05  -1.9667548e+06
  -5.3557136e+05  -1.9687470e+06
  -5.3574754e+05  -1.9707392e+06
  -5.3592373e+05  -1.9727315e+06
  -5.3609991e+05  -1.9747237e+06
  -5.3627609e+05  -1.9767159e+06
  -5.3645228e+05  -1.9787081e+06
  -5.3662846e+05  -1.9807004e+06
  -5.3680465e+05  -1.9826926e+06
  -5.3698083e+05  -1.9846848e+06
  -5.3715701e+05  -1.9866770e+06
  -5.3733320e+05  -1.9886693e+06
  -5.3750938e+05  -1.9906615e+06
  -5.3768557e+05  -1.9926537e+06
  -5.3786175e+05  -1.9946459e+06
  -5.3803793e+05  -1.9966381e+06
  -5.3821412e+05  -1.9986304e+06
  -5.3839030e+05  -2.0006226e+06
  -5.3856648e+05  -2.0026148e+06
  -5.3874267e+05  -2.0046070e+06
  -5.3891885e+05  -2.0065993e+06
  -5.3909504e+05  -2.0085915e+06
  -5.3927122e+05  -2.0105837e+06
  -5.3944740e+05  -2.0125759e+06
  -5.3962359e+05  -2.0145682e+06
  -5.3979977e+05  -2.0165604e+06
  -5.3997596e+05  -2.0185526e+06
  -5.4015214e+05  -2.0205448e+06
  -5.4032832e+05  -2.0225371e+06
  -5.4050451e+05  -2.0245293e+06
  -5.4068069e+05  -2.0265215e+06
  -5.4085688e+05  -2.0285137e+06
  -5.4103306e+05  -2.0305060e+06
  -5.4120924e+05  -2.0324982e+06
  -5.4138543e+05  -2.0344904e+06
  -5.4156161e+05  -2.0364826e+06
  -5.4173780e+05  -2.0384749e+06
  -5.4191398e+05  -2.0404671e+06
  -5.4209016e+05  -2.0424593e+06
  -5.4226635e+05  -2.0444515e+06
  -5.4244253e+05  -2.0464438e+06
  -5.4261872e+05  -2.0484360e+06
  -5.4279490e+05  -2.0504282e+06
  -5.4297108e+05  -2.0524204e+06
  -5.4314727e+05  -2.0544127e+06
  -5.4332345e+05  -2.0564049e+06
  -5.4349964e+05  -2.0583971e+06
  -5.4367582e+05  -2.0603893e+06
  -5.4385200e+05  -2.0623816e+06
  -5.4402819e+05  -2.0643738e+06
  -5.4420437e+05  -2.0663660e+06
  -5.4438056e+05  -2.0683582e+06
  -5.4455674e+05  -2.0703505e+06
  -5.4473292e+05  -2.0723427e+06
  -5.4490911e+05  -2.0743349e+06
  -5.4508529e+05  -2.0763271e+06
  -5.4526147e+05  -2.0783194e+06
  -5.4543766e+05  -2.0803116e+06
  -5.4561384e+05  -2.0823038e+06
  -5.4579003e+05  -2.0842960e+06
  -5.4596621e+05  -2.0862883e+06
  -5.4614239e+05  -2.0882805e+06
  -5.4631858e+05  -2.0902727e+06
  -5.4649476e+05  -2.0922649e+06
  -5.4667095e+05  -2.0942572e+06
  -5.4684713e+05  -2.0962494e+06
  -5.4702331e+05  -2.0982416e+06
  -5.4719950e+05  -2.1002338e+06
  -5.4737568e+05  -2.1022261e+06
  -5.4755187e+05  -2.1042183e+06
  -5.4772805e+05  -2.1062105e+06
  -5.4790423e+05  -2.1082027e+06
  -5.4808042e+05  -2.1101950e+06
  -5.4825660e+05  -2.1121872e+06
  -5.4843279e+05  -2.1141794e+06
  -5.4860897e+05  -2.1161716e+06
  -5.4878515e+05  -2.1181639e+06
  -5.4896134e+05  -2.1201561e+06
  -5.4913752e+05  -2.1221483e+06
  -5.4931371e+05  -2.1241405e+06
  -5.4948989e+05  -2.1261328e+06
  -5.4966607e+05  -2.1281250e+06
  -5.4984226e+05  -2.1301172e+06
  -5.5001844e+05  -2.1321094e+06
  -5.5019463e+05  -2.1341017e+06
  -5.5037081e+05  -2.1360939e+06
  -5.5054699e+05  -2.1380861e+06
  -5.5072318e+05  -2.1400783e+06
  -5.5089936e+05  -2.1420706e+06
  -5.5107555e+05  -2.1440628e+06
  -5.5125173e+05  -2.1460550e+06
  -5.5142791e+05  -2.1480472e+06
  -5.5160410e+05  -2.1500395e+06
  -5.5178028e+05  -2.1520317e+06
  -5.5195647e+05  -2.1540239e+06
  -5.5213265e+05  -2.1560161e+06
  -5.5230883e+05  -2.1580083e+06
  -5.5248502e+05  -2.1600006e+06
  -5.5266120e+05  -2.1619928e+06
  -5.5283738e+05  -2.1639850e+06
  -5.5301357e+05  -2.1659772e+06
  -5.5318975e+05  -2.1679695e+06
  -5.5336594e+05  -2.1699617e+06
  -5.5354212e+05  -2.1719539e+06
  -5.5371830e+05  -2.1739461e+06
  -5.5389449e+05  -2.1759384e+06
  -5.5407067e+05  -2.1779306e+06
  -5.5424686e+05  -2.1799228e+06
  -5.5442304e+05  -2.1819150e+06
  -5.5459922e+05  -2.1839073e+06
  -5.5477541e+05  -2.1858995e+06
  -5.5495159e+05  -2.1878917e+06
  -5.5512778e+05  -2.1898839e+06
  -5.5530396e+05  -2.1918762e+06
  -5.5548014e+05  -2.1938684e+06
  -5.5565633e+05  -2.1958606e+06
  -5.5583251e+05  -2.1978528e+06
  -5.5600870e+05  -2.1998451e+06
  -5.5618488e+05  -2.2018373e+06
  -5.5636106e+05  -2.2038295e+06
  -5.5653725e+05  -2.2058217e+06
  -5.5671343e+05  -2.2078140e+06
  -5.5688962e+05  -2.2098062e+06
  -5.5706580e+05  -2.2117984e+06
  -5.5724198e+05  -2.2137906e+06
  -5.5741817e+05  -2.2157829e+06
  -5.5759435e+05  -2.2177751e+06
  -5.5777054e+05  -2.2197673e+06
  -5.5794672e+05  -2.2217595e+06
  -5.5812290e+05  -2.2237518e+06
  -5.5829909e+05  -2.2257440e+06
  -5.5847527e+05  -2.2277362e+06
  -5.5865146e+05  -2.2297284e+06
  -5.5882764e+05  -2.2317207e+06
  -5.5900382e+05  -2.2337129e+06
  -5.5918001e+05  -2.2357051e+06
  -5.5935619e+05  -2.2376973e+06
  -5.5953237e+05  -2.2396896e+06
  -5.5970856e+05  -2.2416818e+06
  -5.5988474e+05  -2.2436740e+06
  -5.6006093e+05  -2.2456662e+06
  -5.6023711e+05  -2.2476585e+06
  -5.6041329e+05  -2.2496507e+06
  -5.6058948e+05  -2.2516429e+06
  -5.6076566e+05  -2.2536351e+06
  -5.6094185e+05  -2.2556274e+06
  -5.6111803e+05  -2.2576196e+06
  -5.6129421e+05  -2.2596118e+06
  -5.6147040e+05  -2.2616040e+06
  -5.6164658e+05  -2.2635963e+06
  -5.6182277e+05  -2.2655885e+06
  -5.6199895e+05  -2.2675807e+06
  -5.6217513e+05  -2.2695729e+06
  -5.6235132e+05  -2.2715652e+06
  -5.6252750e+05  -2.2735574e+06
  -5.6270369e+05  -2.2755496e+06
  -5.6287987e+05  -2.2775418e+06
  -5.6305605e+05  -2.2795341e+06
  -5.6323224e+05  -2.2815263e+06
  -5.6340842e+05  -2.2835185e+06
  -5.6358461e+05  -2.2855107e+06
  -5.6376079e+05  -2.2875030e+06
  -5.6393697e+05  -2.2894952e+06
  -5.6411316e+05  -2.2914874e+06
  -5.6428934e+05  -2.2934796e+06
  -5.6446553e+05  -2.2954719e+06
  -5.6464171e+05  -2.2974641e+06
  -5.6481789e+05  -2.2994563e+06
  -5.6499408e+05  -2.3014485e+06
  -5.6517026e+05  -2.3034408e+06
  -5.6534645e+05  -2.3054330e+06
  -5.6552263e+05  -2.3074252e+06
  -5.6569881e+05  -2.3094174e+06
  -5.6587500e+05  -2.3114097e+06
  -5.6605118e+05  -2.3134019e+06
  -5.6622737e+05  -2.3153941e+06
  -5.6640355e+05  -2.3173863e+06
  -5.6657973e+05  -2.3193785e+06
  -5.6675592e+05  -2.3213708e+06
  -5.6693210e+05  -2.3233630e+06
  -5.6710828e+05  -2.3253552e+06
  -5.6728447e+05  -2.3273474e+06
  -5.6746065e+05  -2.3293397e+06
  -5.6763684e+05  -2.3313319e+06
  -5.6781302e+05  -2.3333241e+06
  -5.6798920e+05  -2.3353163e+06
  -5.6816539e+05  -2.3373086e+06
  -5.6834157e+05  -2.3393008e+06
  -5.6851776e+05  -2.3412930e+06
  -5.6869394e+05  -2.3432852e+06
  -5.6887012e+05  -2.3452775e+06
  -5.6904631e+05  -2.3472697e+06
  -5.6922249e+05  -2.3492619e+06
  -5.6939868e+05  -2.3512541e+06
  -5.6957486e+05  -2.3532464e+06
  -5.6975104e+05  -2.3552386e+06
  -5.6992723e+05  -2.3572308e+06
  -5.7010341e+05  -2.3592230e+06
  -5.7027960e+05  -2.3612153e+06
  -5.7045578e+05  -2.3632075e+06
  -5.7063196e+05  -2.3651997e+06
  -5.7080815e+05  -2.3671919e+06
  -5.7098433e+05  -2.3691842e+06
  -5.7116052e+05  -2.3711764e+06
  -5.7133670e+05  -2.3731686e+06
  -5.7151288e+05  -2.3751608e+06
