   1.1700000e+05  -4.1420000e+06
   1.1700000e+05  -4.1360000e+06
   1.1700000e+05  -4.1310000e+06
   1.1700000e+05  -4.1270000e+06
   1.1700000e+05  -4.1240000e+06
   1.1700000e+05  -4.1220000e+06
   1.1700000e+05  -4.1200000e+06
   1.1700000e+05  -4.1180000e+06
   1.1700000e+05  -4.1160000e+06
   1.1700000e+05  -4.1140000e+06
   1.1700000e+05  -4.1120000e+06
   1.1700000e+05  -4.1100000e+06
   1.1700000e+05  -4.1080000e+06
   1.1700000e+05  -4.1060000e+06
   1.1700000e+05  -4.1040000e+06
   1.1700000e+05  -4.1020000e+06
   1.1700000e+05  -4.1000000e+06
   1.1700000e+05  -4.0980000e+06
   1.1700000e+05  -4.0960000e+06
   1.1700000e+05  -4.0940000e+06
   1.1700000e+05  -4.0920000e+06
   1.1700000e+05  -4.0900000e+06
   1.1700000e+05  -4.0880000e+06
   1.1700000e+05  -4.0860000e+06
   1.1700000e+05  -4.0840000e+06
   1.1700000e+05  -4.0820000e+06
   1.1700000e+05  -4.0800000e+06
   1.1700000e+05  -4.0780000e+06
   1.1700000e+05  -4.0760000e+06
   1.1700000e+05  -4.0740000e+06
   1.1700000e+05  -4.0720000e+06
   1.1700000e+05  -4.0700000e+06
   1.1700000e+05  -4.0680000e+06
   1.1700000e+05  -4.0660000e+06
   1.1700000e+05  -4.0640000e+06
   1.1700000e+05  -4.0620000e+06
   1.1700000e+05  -4.0600000e+06
   1.1700000e+05  -4.0580000e+06
   1.1700000e+05  -4.0560000e+06
   1.1700000e+05  -4.0540000e+06
   1.1700000e+05  -4.0520000e+06
   1.1700000e+05  -4.0500000e+06
   1.1700000e+05  -4.0480000e+06
   1.1700000e+05  -4.0460000e+06
   1.1700000e+05  -4.0440000e+06
   1.1700000e+05  -4.0420000e+06
   1.1700000e+05  -4.0400000e+06
   1.1700000e+05  -4.0380000e+06
   1.1700000e+05  -4.0360000e+06
   1.1700000e+05  -4.0340000e+06
   1.1700000e+05  -4.0320000e+06
   1.1700000e+05  -4.0300000e+06
   1.1700000e+05  -4.0280000e+06
   1.1700000e+05  -4.0260000e+06
   1.1700000e+05  -4.0240000e+06
   1.1700000e+05  -4.0220000e+06
   1.1700000e+05  -4.0200000e+06
   1.1700000e+05  -4.0180000e+06
   1.1700000e+05  -4.0160000e+06
   1.1700000e+05  -4.0140000e+06
   1.1700000e+05  -4.0120000e+06
   1.1700000e+05  -4.0100000e+06
   1.1700000e+05  -4.0080000e+06
   1.1700000e+05  -4.0060000e+06
   1.1700000e+05  -4.0040000e+06
   1.1700000e+05  -4.0020000e+06
   1.1700000e+05  -4.0000000e+06
   1.1700000e+05  -3.9980000e+06
   1.1700000e+05  -3.9960000e+06
   1.1700000e+05  -3.9940000e+06
   1.1700000e+05  -3.9920000e+06
   1.1700000e+05  -3.9900000e+06
   1.1700000e+05  -3.9880000e+06
   1.1700000e+05  -3.9860000e+06
   1.1700000e+05  -3.9840000e+06
   1.1700000e+05  -3.9820000e+06
   1.1700000e+05  -3.9800000e+06
   1.1700000e+05  -3.9780000e+06
   1.1700000e+05  -3.9760000e+06
   1.1700000e+05  -3.9740000e+06
   1.1700000e+05  -3.9720000e+06
   1.1700000e+05  -3.9700000e+06
   1.1700000e+05  -3.9680000e+06
   1.1700000e+05  -3.9660000e+06
   1.1700000e+05  -3.9640000e+06
   1.1700000e+05  -3.9620000e+06
   1.1700000e+05  -3.9600000e+06
   1.1700000e+05  -3.9580000e+06
   1.1700000e+05  -3.9560000e+06
   1.1700000e+05  -3.9540000e+06
   1.1700000e+05  -3.9520000e+06
   1.1700000e+05  -3.9500000e+06
   1.1700000e+05  -3.9480000e+06
   1.1700000e+05  -3.9460000e+06
   1.1700000e+05  -3.9440000e+06
   1.1700000e+05  -3.9420000e+06
   1.1700000e+05  -3.9400000e+06
   1.1700000e+05  -3.9380000e+06
   1.1700000e+05  -3.9360000e+06
   1.1700000e+05  -3.9340000e+06
   1.1700000e+05  -3.9320000e+06
   1.1700000e+05  -3.9300000e+06
   1.1700000e+05  -3.9280000e+06
   1.1700000e+05  -3.9260000e+06
   1.1700000e+05  -3.9240000e+06
   1.1700000e+05  -3.9220000e+06
   1.1700000e+05  -3.9200000e+06
   1.1700000e+05  -3.9180000e+06
   1.1700000e+05  -3.9160000e+06
   1.1700000e+05  -3.9140000e+06
   1.1700000e+05  -3.9120000e+06
   1.1700000e+05  -3.9100000e+06
   1.1700000e+05  -3.9080000e+06
   1.1700000e+05  -3.9060000e+06
   1.1700000e+05  -3.9040000e+06
   1.1700000e+05  -3.9020000e+06
   1.1700000e+05  -3.9000000e+06
   1.1700000e+05  -3.8980000e+06
   1.1700000e+05  -3.8960000e+06
   1.1700000e+05  -3.8940000e+06
   1.1700000e+05  -3.8920000e+06
   1.1700000e+05  -3.8900000e+06
   1.1700000e+05  -3.8880000e+06
   1.1700000e+05  -3.8860000e+06
   1.1700000e+05  -3.8840000e+06
   1.1700000e+05  -3.8820000e+06
   1.1700000e+05  -3.8800000e+06
   1.1700000e+05  -3.8780000e+06
   1.1700000e+05  -3.8760000e+06
   1.1700000e+05  -3.8740000e+06
   1.1700000e+05  -3.8710000e+06
   1.1700000e+05  -3.8670000e+06
   1.1700000e+05  -3.8620000e+06
   1.1700000e+05  -3.8560000e+06
