  -1.1700000e+05  -4.1420000e+06
  -1.1100000e+05  -4.1420000e+06
  -1.0600000e+05  -4.1420000e+06
  -1.0200000e+05  -4.1420000e+06
  -9.9000000e+04  -4.1420000e+06
  -9.7000000e+04  -4.1420000e+06
  -9.5000000e+04  -4.1420000e+06
  -9.3000000e+04  -4.1420000e+06
  -9.1000000e+04  -4.1420000e+06
  -8.9000000e+04  -4.1420000e+06
  -8.7000000e+04  -4.1420000e+06
  -8.5000000e+04  -4.1420000e+06
  -8.3000000e+04  -4.1420000e+06
  -8.1000000e+04  -4.1420000e+06
  -7.9000000e+04  -4.1420000e+06
  -7.7000000e+04  -4.1420000e+06
  -7.5000000e+04  -4.1420000e+06
  -7.3000000e+04  -4.1420000e+06
  -7.1000000e+04  -4.1420000e+06
  -6.9000000e+04  -4.1420000e+06
  -6.7000000e+04  -4.1420000e+06
  -6.5000000e+04  -4.1420000e+06
  -6.3000000e+04  -4.1420000e+06
  -6.1000000e+04  -4.1420000e+06
  -5.9000000e+04  -4.1420000e+06
  -5.7000000e+04  -4.1420000e+06
  -5.5000000e+04  -4.1420000e+06
  -5.3000000e+04  -4.1420000e+06
  -5.1000000e+04  -4.1420000e+06
  -4.9000000e+04  -4.1420000e+06
  -4.7000000e+04  -4.1420000e+06
  -4.5000000e+04  -4.1420000e+06
  -4.3000000e+04  -4.1420000e+06
  -4.1000000e+04  -4.1420000e+06
  -3.9000000e+04  -4.1420000e+06
  -3.7000000e+04  -4.1420000e+06
  -3.5000000e+04  -4.1420000e+06
  -3.3000000e+04  -4.1420000e+06
  -3.1000000e+04  -4.1420000e+06
  -2.9000000e+04  -4.1420000e+06
  -2.7000000e+04  -4.1420000e+06
  -2.5000000e+04  -4.1420000e+06
  -2.3000000e+04  -4.1420000e+06
  -2.1000000e+04  -4.1420000e+06
  -1.9000000e+04  -4.1420000e+06
  -1.7000000e+04  -4.1420000e+06
  -1.5000000e+04  -4.1420000e+06
  -1.3000000e+04  -4.1420000e+06
  -1.1000000e+04  -4.1420000e+06
  -9.0000000e+03  -4.1420000e+06
  -7.0000000e+03  -4.1420000e+06
  -5.0000000e+03  -4.1420000e+06
  -3.0000000e+03  -4.1420000e+06
  -1.0000000e+03  -4.1420000e+06
   1.0000000e+03  -4.1420000e+06
   3.0000000e+03  -4.1420000e+06
   5.0000000e+03  -4.1420000e+06
   7.0000000e+03  -4.1420000e+06
   9.0000000e+03  -4.1420000e+06
   1.1000000e+04  -4.1420000e+06
   1.3000000e+04  -4.1420000e+06
   1.5000000e+04  -4.1420000e+06
   1.7000000e+04  -4.1420000e+06
   1.9000000e+04  -4.1420000e+06
   2.1000000e+04  -4.1420000e+06
   2.3000000e+04  -4.1420000e+06
   2.5000000e+04  -4.1420000e+06
   2.7000000e+04  -4.1420000e+06
   2.9000000e+04  -4.1420000e+06
   3.1000000e+04  -4.1420000e+06
   3.3000000e+04  -4.1420000e+06
   3.5000000e+04  -4.1420000e+06
   3.7000000e+04  -4.1420000e+06
   3.9000000e+04  -4.1420000e+06
   4.1000000e+04  -4.1420000e+06
   4.3000000e+04  -4.1420000e+06
   4.5000000e+04  -4.1420000e+06
   4.7000000e+04  -4.1420000e+06
   4.9000000e+04  -4.1420000e+06
   5.1000000e+04  -4.1420000e+06
   5.3000000e+04  -4.1420000e+06
   5.5000000e+04  -4.1420000e+06
   5.7000000e+04  -4.1420000e+06
   5.9000000e+04  -4.1420000e+06
   6.1000000e+04  -4.1420000e+06
   6.3000000e+04  -4.1420000e+06
   6.5000000e+04  -4.1420000e+06
   6.7000000e+04  -4.1420000e+06
   6.9000000e+04  -4.1420000e+06
   7.1000000e+04  -4.1420000e+06
   7.3000000e+04  -4.1420000e+06
   7.5000000e+04  -4.1420000e+06
   7.7000000e+04  -4.1420000e+06
   7.9000000e+04  -4.1420000e+06
   8.1000000e+04  -4.1420000e+06
   8.3000000e+04  -4.1420000e+06
   8.5000000e+04  -4.1420000e+06
   8.7000000e+04  -4.1420000e+06
   8.9000000e+04  -4.1420000e+06
   9.1000000e+04  -4.1420000e+06
   9.3000000e+04  -4.1420000e+06
   9.5000000e+04  -4.1420000e+06
   9.7000000e+04  -4.1420000e+06
   9.9000000e+04  -4.1420000e+06
   1.0200000e+05  -4.1420000e+06
   1.0600000e+05  -4.1420000e+06
   1.1100000e+05  -4.1420000e+06
   1.1700000e+05  -4.1420000e+06
