  -5.6934447e+05  -2.3733448e+06
  -5.6336780e+05  -2.3738734e+06
  -5.5749074e+05  -2.3743931e+06
  -5.5171329e+05  -2.3749040e+06
  -5.4603545e+05  -2.3754062e+06
  -5.4045722e+05  -2.3758995e+06
  -5.3497860e+05  -2.3763840e+06
  -5.2959959e+05  -2.3768597e+06
  -5.2432020e+05  -2.3773266e+06
  -5.1914041e+05  -2.3777846e+06
  -5.1406024e+05  -2.3782339e+06
  -5.0907968e+05  -2.3786744e+06
  -5.0419873e+05  -2.3791060e+06
  -4.9941739e+05  -2.3795289e+06
  -4.9473566e+05  -2.3799429e+06
  -4.9015354e+05  -2.3803481e+06
  -4.8567104e+05  -2.3807445e+06
  -4.8128814e+05  -2.3811321e+06
  -4.7700486e+05  -2.3815109e+06
  -4.7282119e+05  -2.3818809e+06
  -4.6873713e+05  -2.3822421e+06
  -4.6475268e+05  -2.3825945e+06
  -4.6086784e+05  -2.3829380e+06
  -4.5708261e+05  -2.3832728e+06
  -4.5339700e+05  -2.3835987e+06
  -4.4981099e+05  -2.3839158e+06
  -4.4632460e+05  -2.3842242e+06
  -4.4293782e+05  -2.3845237e+06
  -4.3965065e+05  -2.3848144e+06
  -4.3646309e+05  -2.3850963e+06
  -4.3337514e+05  -2.3853694e+06
  -4.3038680e+05  -2.3856336e+06
  -4.2749808e+05  -2.3858891e+06
  -4.2470896e+05  -2.3861358e+06
  -4.2201946e+05  -2.3863736e+06
  -4.1942957e+05  -2.3866026e+06
  -4.1693929e+05  -2.3868229e+06
  -4.1454862e+05  -2.3870343e+06
  -4.1225756e+05  -2.3872369e+06
  -4.1006611e+05  -2.3874307e+06
  -4.0797428e+05  -2.3876157e+06
  -4.0598205e+05  -2.3877919e+06
  -4.0398983e+05  -2.3879681e+06
  -4.0199760e+05  -2.3881443e+06
  -4.0000538e+05  -2.3883204e+06
  -3.9801315e+05  -2.3884966e+06
  -3.9602093e+05  -2.3886728e+06
  -3.9402870e+05  -2.3888490e+06
  -3.9203648e+05  -2.3890252e+06
  -3.9004425e+05  -2.3892014e+06
  -3.8805203e+05  -2.3893775e+06
  -3.8605980e+05  -2.3895537e+06
  -3.8406758e+05  -2.3897299e+06
  -3.8207535e+05  -2.3899061e+06
  -3.8008313e+05  -2.3900823e+06
  -3.7809090e+05  -2.3902585e+06
  -3.7609868e+05  -2.3904346e+06
  -3.7410646e+05  -2.3906108e+06
  -3.7211423e+05  -2.3907870e+06
  -3.7012201e+05  -2.3909632e+06
  -3.6812978e+05  -2.3911394e+06
  -3.6613756e+05  -2.3913156e+06
  -3.6414533e+05  -2.3914917e+06
  -3.6215311e+05  -2.3916679e+06
  -3.6016088e+05  -2.3918441e+06
  -3.5816866e+05  -2.3920203e+06
  -3.5617643e+05  -2.3921965e+06
  -3.5418421e+05  -2.3923727e+06
  -3.5219198e+05  -2.3925489e+06
  -3.5019976e+05  -2.3927250e+06
  -3.4820753e+05  -2.3929012e+06
  -3.4621531e+05  -2.3930774e+06
  -3.4422308e+05  -2.3932536e+06
  -3.4223086e+05  -2.3934298e+06
  -3.4023864e+05  -2.3936060e+06
  -3.3824641e+05  -2.3937821e+06
  -3.3625419e+05  -2.3939583e+06
  -3.3426196e+05  -2.3941345e+06
  -3.3226974e+05  -2.3943107e+06
  -3.3027751e+05  -2.3944869e+06
  -3.2828529e+05  -2.3946631e+06
  -3.2629306e+05  -2.3948392e+06
  -3.2430084e+05  -2.3950154e+06
  -3.2230861e+05  -2.3951916e+06
  -3.2031639e+05  -2.3953678e+06
  -3.1832416e+05  -2.3955440e+06
  -3.1633194e+05  -2.3957202e+06
  -3.1433971e+05  -2.3958963e+06
  -3.1234749e+05  -2.3960725e+06
  -3.1035527e+05  -2.3962487e+06
  -3.0836304e+05  -2.3964249e+06
  -3.0637082e+05  -2.3966011e+06
  -3.0437859e+05  -2.3967773e+06
  -3.0238637e+05  -2.3969534e+06
  -3.0039414e+05  -2.3971296e+06
  -2.9840192e+05  -2.3973058e+06
  -2.9640969e+05  -2.3974820e+06
  -2.9441747e+05  -2.3976582e+06
  -2.9242524e+05  -2.3978344e+06
  -2.9043302e+05  -2.3980106e+06
  -2.8844079e+05  -2.3981867e+06
  -2.8644857e+05  -2.3983629e+06
  -2.8445634e+05  -2.3985391e+06
  -2.8246412e+05  -2.3987153e+06
  -2.8047189e+05  -2.3988915e+06
  -2.7847967e+05  -2.3990677e+06
  -2.7648745e+05  -2.3992438e+06
  -2.7449522e+05  -2.3994200e+06
  -2.7250300e+05  -2.3995962e+06
  -2.7051077e+05  -2.3997724e+06
  -2.6851855e+05  -2.3999486e+06
  -2.6652632e+05  -2.4001248e+06
  -2.6453410e+05  -2.4003009e+06
  -2.6254187e+05  -2.4004771e+06
  -2.6054965e+05  -2.4006533e+06
  -2.5855742e+05  -2.4008295e+06
  -2.5656520e+05  -2.4010057e+06
  -2.5457297e+05  -2.4011819e+06
  -2.5258075e+05  -2.4013580e+06
  -2.5058852e+05  -2.4015342e+06
  -2.4859630e+05  -2.4017104e+06
  -2.4660408e+05  -2.4018866e+06
  -2.4461185e+05  -2.4020628e+06
  -2.4261963e+05  -2.4022390e+06
  -2.4062740e+05  -2.4024152e+06
  -2.3863518e+05  -2.4025913e+06
  -2.3664295e+05  -2.4027675e+06
  -2.3465073e+05  -2.4029437e+06
  -2.3265850e+05  -2.4031199e+06
  -2.3066628e+05  -2.4032961e+06
  -2.2867405e+05  -2.4034723e+06
  -2.2668183e+05  -2.4036484e+06
  -2.2468960e+05  -2.4038246e+06
  -2.2269738e+05  -2.4040008e+06
  -2.2070515e+05  -2.4041770e+06
  -2.1871293e+05  -2.4043532e+06
  -2.1672070e+05  -2.4045294e+06
  -2.1472848e+05  -2.4047055e+06
  -2.1273626e+05  -2.4048817e+06
  -2.1074403e+05  -2.4050579e+06
  -2.0875181e+05  -2.4052341e+06
  -2.0675958e+05  -2.4054103e+06
  -2.0476736e+05  -2.4055865e+06
  -2.0277513e+05  -2.4057626e+06
  -2.0078291e+05  -2.4059388e+06
  -1.9879068e+05  -2.4061150e+06
  -1.9679846e+05  -2.4062912e+06
  -1.9480623e+05  -2.4064674e+06
  -1.9281401e+05  -2.4066436e+06
  -1.9082178e+05  -2.4068198e+06
  -1.8882956e+05  -2.4069959e+06
  -1.8683733e+05  -2.4071721e+06
  -1.8484511e+05  -2.4073483e+06
  -1.8285289e+05  -2.4075245e+06
  -1.8086066e+05  -2.4077007e+06
  -1.7886844e+05  -2.4078769e+06
  -1.7687621e+05  -2.4080530e+06
  -1.7488399e+05  -2.4082292e+06
  -1.7289176e+05  -2.4084054e+06
  -1.7089954e+05  -2.4085816e+06
  -1.6890731e+05  -2.4087578e+06
  -1.6691509e+05  -2.4089340e+06
  -1.6492286e+05  -2.4091101e+06
  -1.6293064e+05  -2.4092863e+06
  -1.6093841e+05  -2.4094625e+06
  -1.5894619e+05  -2.4096387e+06
  -1.5695396e+05  -2.4098149e+06
  -1.5496174e+05  -2.4099911e+06
  -1.5296951e+05  -2.4101672e+06
  -1.5097729e+05  -2.4103434e+06
  -1.4898507e+05  -2.4105196e+06
  -1.4699284e+05  -2.4106958e+06
  -1.4500062e+05  -2.4108720e+06
  -1.4300839e+05  -2.4110482e+06
  -1.4101617e+05  -2.4112243e+06
  -1.3902394e+05  -2.4114005e+06
  -1.3703172e+05  -2.4115767e+06
  -1.3503949e+05  -2.4117529e+06
  -1.3304727e+05  -2.4119291e+06
  -1.3105504e+05  -2.4121053e+06
  -1.2906282e+05  -2.4122815e+06
  -1.2707059e+05  -2.4124576e+06
  -1.2507837e+05  -2.4126338e+06
  -1.2308614e+05  -2.4128100e+06
  -1.2109392e+05  -2.4129862e+06
  -1.1910169e+05  -2.4131624e+06
  -1.1710947e+05  -2.4133386e+06
  -1.1511725e+05  -2.4135147e+06
  -1.1312502e+05  -2.4136909e+06
  -1.1113280e+05  -2.4138671e+06
  -1.0914057e+05  -2.4140433e+06
  -1.0714835e+05  -2.4142195e+06
  -1.0515612e+05  -2.4143957e+06
  -1.0316390e+05  -2.4145718e+06
  -1.0117167e+05  -2.4147480e+06
  -9.9179448e+04  -2.4149242e+06
  -9.7187223e+04  -2.4151004e+06
  -9.5194999e+04  -2.4152766e+06
  -9.3202774e+04  -2.4154528e+06
  -9.1210549e+04  -2.4156289e+06
  -8.9218325e+04  -2.4158051e+06
  -8.7226100e+04  -2.4159813e+06
  -8.5233875e+04  -2.4161575e+06
  -8.3241651e+04  -2.4163337e+06
  -8.1249426e+04  -2.4165099e+06
  -7.9257201e+04  -2.4166861e+06
  -7.7264976e+04  -2.4168622e+06
  -7.5272752e+04  -2.4170384e+06
  -7.3280527e+04  -2.4172146e+06
  -7.1288302e+04  -2.4173908e+06
  -6.9296078e+04  -2.4175670e+06
  -6.7303853e+04  -2.4177432e+06
  -6.5311628e+04  -2.4179193e+06
  -6.3319404e+04  -2.4180955e+06
  -6.1327179e+04  -2.4182717e+06
  -5.9334954e+04  -2.4184479e+06
  -5.7342730e+04  -2.4186241e+06
  -5.5350505e+04  -2.4188003e+06
  -5.3358280e+04  -2.4189764e+06
  -5.1366055e+04  -2.4191526e+06
  -4.9373831e+04  -2.4193288e+06
  -4.7381606e+04  -2.4195050e+06
  -4.5389381e+04  -2.4196812e+06
  -4.3397157e+04  -2.4198574e+06
  -4.1404932e+04  -2.4200335e+06
  -3.9412707e+04  -2.4202097e+06
  -3.7420483e+04  -2.4203859e+06
  -3.5428258e+04  -2.4205621e+06
  -3.3436033e+04  -2.4207383e+06
  -3.1443809e+04  -2.4209145e+06
  -2.9451584e+04  -2.4210907e+06
  -2.7459359e+04  -2.4212668e+06
  -2.5467135e+04  -2.4214430e+06
  -2.3474910e+04  -2.4216192e+06
  -2.1482685e+04  -2.4217954e+06
  -1.9490460e+04  -2.4219716e+06
  -1.7498236e+04  -2.4221478e+06
  -1.5506011e+04  -2.4223239e+06
  -1.3513786e+04  -2.4225001e+06
  -1.1521562e+04  -2.4226763e+06
  -9.5293370e+03  -2.4228525e+06
  -7.5371123e+03  -2.4230287e+06
  -5.5448876e+03  -2.4232049e+06
  -3.5526629e+03  -2.4233810e+06
  -1.5604382e+03  -2.4235572e+06
   4.3178645e+02  -2.4237334e+06
   2.4240111e+03  -2.4239096e+06
   4.4162358e+03  -2.4240858e+06
   6.4084605e+03  -2.4242620e+06
   8.4006852e+03  -2.4244381e+06
   1.0392910e+04  -2.4246143e+06
   1.2385135e+04  -2.4247905e+06
   1.4377359e+04  -2.4249667e+06
   1.6369584e+04  -2.4251429e+06
   1.8361809e+04  -2.4253191e+06
   2.0354033e+04  -2.4254952e+06
   2.2346258e+04  -2.4256714e+06
   2.4338483e+04  -2.4258476e+06
   2.6330707e+04  -2.4260238e+06
   2.8322932e+04  -2.4262000e+06
   3.0315157e+04  -2.4263762e+06
   3.2307381e+04  -2.4265524e+06
   3.4299606e+04  -2.4267285e+06
   3.6291831e+04  -2.4269047e+06
   3.8284056e+04  -2.4270809e+06
   4.0276280e+04  -2.4272571e+06
   4.2268505e+04  -2.4274333e+06
   4.4260730e+04  -2.4276095e+06
   4.6252954e+04  -2.4277856e+06
   4.8245179e+04  -2.4279618e+06
   5.0237404e+04  -2.4281380e+06
   5.2229628e+04  -2.4283142e+06
   5.4221853e+04  -2.4284904e+06
   5.6214078e+04  -2.4286666e+06
   5.8206302e+04  -2.4288427e+06
   6.0198527e+04  -2.4290189e+06
   6.2190752e+04  -2.4291951e+06
   6.4182977e+04  -2.4293713e+06
   6.6175201e+04  -2.4295475e+06
   6.8167426e+04  -2.4297237e+06
   7.0159651e+04  -2.4298998e+06
   7.2151875e+04  -2.4300760e+06
   7.4144100e+04  -2.4302522e+06
   7.6136325e+04  -2.4304284e+06
   7.8128549e+04  -2.4306046e+06
   8.0120774e+04  -2.4307808e+06
   8.2112999e+04  -2.4309570e+06
   8.4105223e+04  -2.4311331e+06
   8.6097448e+04  -2.4313093e+06
   8.8089673e+04  -2.4314855e+06
   9.0081898e+04  -2.4316617e+06
   9.2074122e+04  -2.4318379e+06
   9.4066347e+04  -2.4320141e+06
   9.6058572e+04  -2.4321902e+06
   9.8050796e+04  -2.4323664e+06
   1.0004302e+05  -2.4325426e+06
   1.0203525e+05  -2.4327188e+06
   1.0402747e+05  -2.4328950e+06
   1.0601970e+05  -2.4330712e+06
   1.0801192e+05  -2.4332473e+06
   1.1000414e+05  -2.4334235e+06
   1.1199637e+05  -2.4335997e+06
   1.1398859e+05  -2.4337759e+06
   1.1598082e+05  -2.4339521e+06
   1.1797304e+05  -2.4341283e+06
   1.1996527e+05  -2.4343044e+06
   1.2195749e+05  -2.4344806e+06
   1.2394972e+05  -2.4346568e+06
   1.2594194e+05  -2.4348330e+06
   1.2793417e+05  -2.4350092e+06
   1.2992639e+05  -2.4351854e+06
   1.3191862e+05  -2.4353616e+06
   1.3391084e+05  -2.4355377e+06
   1.3590307e+05  -2.4357139e+06
   1.3789529e+05  -2.4358901e+06
   1.3988751e+05  -2.4360663e+06
   1.4187974e+05  -2.4362425e+06
   1.4387196e+05  -2.4364187e+06
   1.4586419e+05  -2.4365948e+06
   1.4785641e+05  -2.4367710e+06
   1.4984864e+05  -2.4369472e+06
   1.5184086e+05  -2.4371234e+06
   1.5383309e+05  -2.4372996e+06
   1.5582531e+05  -2.4374758e+06
   1.5781754e+05  -2.4376519e+06
   1.5980976e+05  -2.4378281e+06
   1.6180199e+05  -2.4380043e+06
   1.6379421e+05  -2.4381805e+06
   1.6578644e+05  -2.4383567e+06
   1.6777866e+05  -2.4385329e+06
   1.6977089e+05  -2.4387090e+06
   1.7176311e+05  -2.4388852e+06
   1.7375533e+05  -2.4390614e+06
   1.7574756e+05  -2.4392376e+06
   1.7773978e+05  -2.4394138e+06
   1.7973201e+05  -2.4395900e+06
   1.8172423e+05  -2.4397661e+06
   1.8371646e+05  -2.4399423e+06
   1.8570868e+05  -2.4401185e+06
   1.8770091e+05  -2.4402947e+06
   1.8969313e+05  -2.4404709e+06
   1.9168536e+05  -2.4406471e+06
   1.9367758e+05  -2.4408233e+06
   1.9566981e+05  -2.4409994e+06
   1.9766203e+05  -2.4411756e+06
   1.9965426e+05  -2.4413518e+06
   2.0164648e+05  -2.4415280e+06
   2.0363870e+05  -2.4417042e+06
   2.0563093e+05  -2.4418804e+06
   2.0762315e+05  -2.4420565e+06
   2.0961538e+05  -2.4422327e+06
   2.1160760e+05  -2.4424089e+06
   2.1359983e+05  -2.4425851e+06
   2.1559205e+05  -2.4427613e+06
   2.1758428e+05  -2.4429375e+06
   2.1957650e+05  -2.4431136e+06
   2.2156873e+05  -2.4432898e+06
   2.2356095e+05  -2.4434660e+06
   2.2555318e+05  -2.4436422e+06
   2.2754540e+05  -2.4438184e+06
   2.2953763e+05  -2.4439946e+06
   2.3152985e+05  -2.4441707e+06
   2.3352208e+05  -2.4443469e+06
   2.3551430e+05  -2.4445231e+06
   2.3750652e+05  -2.4446993e+06
   2.3949875e+05  -2.4448755e+06
   2.4149097e+05  -2.4450517e+06
   2.4348320e+05  -2.4452279e+06
   2.4547542e+05  -2.4454040e+06
   2.4746765e+05  -2.4455802e+06
   2.4945987e+05  -2.4457564e+06
   2.5145210e+05  -2.4459326e+06
   2.5344432e+05  -2.4461088e+06
   2.5543655e+05  -2.4462850e+06
   2.5742877e+05  -2.4464611e+06
   2.5942100e+05  -2.4466373e+06
   2.6141322e+05  -2.4468135e+06
   2.6340545e+05  -2.4469897e+06
   2.6539767e+05  -2.4471659e+06
   2.6738989e+05  -2.4473421e+06
   2.6938212e+05  -2.4475182e+06
   2.7137434e+05  -2.4476944e+06
   2.7336657e+05  -2.4478706e+06
   2.7535879e+05  -2.4480468e+06
   2.7735102e+05  -2.4482230e+06
   2.7934324e+05  -2.4483992e+06
   2.8133547e+05  -2.4485753e+06
