331 
  -5.0398023e+05  -1.6342294e+06
  -5.0415641e+05  -1.6362217e+06
  -5.0433260e+05  -1.6382139e+06
  -5.0450878e+05  -1.6402061e+06
  -5.0468497e+05  -1.6421983e+06
  -5.0486115e+05  -1.6441906e+06
  -5.0503733e+05  -1.6461828e+06
  -5.0521352e+05  -1.6481750e+06
  -5.0538970e+05  -1.6501672e+06
  -5.0556588e+05  -1.6521595e+06
  -5.0574207e+05  -1.6541517e+06
  -5.0591825e+05  -1.6561439e+06
  -5.0609444e+05  -1.6581361e+06
  -5.0627062e+05  -1.6601284e+06
  -5.0644680e+05  -1.6621206e+06
  -5.0662299e+05  -1.6641128e+06
  -5.0679917e+05  -1.6661050e+06
  -5.0697536e+05  -1.6680973e+06
  -5.0715154e+05  -1.6700895e+06
  -5.0732772e+05  -1.6720817e+06
  -5.0750391e+05  -1.6740739e+06
  -5.0768009e+05  -1.6760662e+06
  -5.0785628e+05  -1.6780584e+06
  -5.0803246e+05  -1.6800506e+06
  -5.0820864e+05  -1.6820428e+06
  -5.0838483e+05  -1.6840351e+06
  -5.0856101e+05  -1.6860273e+06
  -5.0873720e+05  -1.6880195e+06
  -5.0891338e+05  -1.6900117e+06
  -5.0908956e+05  -1.6920040e+06
  -5.0926575e+05  -1.6939962e+06
  -5.0944193e+05  -1.6959884e+06
  -5.0961812e+05  -1.6979806e+06
  -5.0979430e+05  -1.6999729e+06
  -5.0997048e+05  -1.7019651e+06
  -5.1014667e+05  -1.7039573e+06
  -5.1032285e+05  -1.7059495e+06
  -5.1049904e+05  -1.7079418e+06
  -5.1067522e+05  -1.7099340e+06
  -5.1085140e+05  -1.7119262e+06
  -5.1102759e+05  -1.7139184e+06
  -5.1120377e+05  -1.7159107e+06
  -5.1137996e+05  -1.7179029e+06
  -5.1155614e+05  -1.7198951e+06
  -5.1173232e+05  -1.7218873e+06
  -5.1190851e+05  -1.7238796e+06
  -5.1208469e+05  -1.7258718e+06
  -5.1226087e+05  -1.7278640e+06
  -5.1243706e+05  -1.7298562e+06
  -5.1261324e+05  -1.7318484e+06
  -5.1278943e+05  -1.7338407e+06
  -5.1296561e+05  -1.7358329e+06
  -5.1314179e+05  -1.7378251e+06
  -5.1331798e+05  -1.7398173e+06
  -5.1349416e+05  -1.7418096e+06
  -5.1367035e+05  -1.7438018e+06
  -5.1384653e+05  -1.7457940e+06
  -5.1402271e+05  -1.7477862e+06
  -5.1419890e+05  -1.7497785e+06
  -5.1437508e+05  -1.7517707e+06
  -5.1455127e+05  -1.7537629e+06
  -5.1472745e+05  -1.7557551e+06
  -5.1490363e+05  -1.7577474e+06
  -5.1507982e+05  -1.7597396e+06
  -5.1525600e+05  -1.7617318e+06
  -5.1543219e+05  -1.7637240e+06
  -5.1560837e+05  -1.7657163e+06
  -5.1578455e+05  -1.7677085e+06
  -5.1596074e+05  -1.7697007e+06
  -5.1613692e+05  -1.7716929e+06
  -5.1631311e+05  -1.7736852e+06
  -5.1648929e+05  -1.7756774e+06
  -5.1666547e+05  -1.7776696e+06
  -5.1684166e+05  -1.7796618e+06
  -5.1701784e+05  -1.7816541e+06
  -5.1719403e+05  -1.7836463e+06
  -5.1737021e+05  -1.7856385e+06
  -5.1754639e+05  -1.7876307e+06
  -5.1772258e+05  -1.7896230e+06
  -5.1789876e+05  -1.7916152e+06
  -5.1807495e+05  -1.7936074e+06
  -5.1825113e+05  -1.7955996e+06
  -5.1842731e+05  -1.7975919e+06
  -5.1860350e+05  -1.7995841e+06
  -5.1877968e+05  -1.8015763e+06
  -5.1895587e+05  -1.8035685e+06
  -5.1913205e+05  -1.8055608e+06
  -5.1930823e+05  -1.8075530e+06
  -5.1948442e+05  -1.8095452e+06
  -5.1966060e+05  -1.8115374e+06
  -5.1983678e+05  -1.8135297e+06
  -5.2001297e+05  -1.8155219e+06
  -5.2018915e+05  -1.8175141e+06
  -5.2036534e+05  -1.8195063e+06
  -5.2054152e+05  -1.8214986e+06
  -5.2071770e+05  -1.8234908e+06
  -5.2089389e+05  -1.8254830e+06
  -5.2107007e+05  -1.8274752e+06
  -5.2124626e+05  -1.8294675e+06
  -5.2142244e+05  -1.8314597e+06
  -5.2159862e+05  -1.8334519e+06
  -5.2177481e+05  -1.8354441e+06
  -5.2195099e+05  -1.8374364e+06
  -5.2212718e+05  -1.8394286e+06
  -5.2230336e+05  -1.8414208e+06
  -5.2247954e+05  -1.8434130e+06
  -5.2265573e+05  -1.8454053e+06
  -5.2283191e+05  -1.8473975e+06
  -5.2300810e+05  -1.8493897e+06
  -5.2318428e+05  -1.8513819e+06
  -5.2336046e+05  -1.8533742e+06
  -5.2353665e+05  -1.8553664e+06
  -5.2371283e+05  -1.8573586e+06
  -5.2388902e+05  -1.8593508e+06
  -5.2406520e+05  -1.8613431e+06
  -5.2424138e+05  -1.8633353e+06
  -5.2441757e+05  -1.8653275e+06
  -5.2459375e+05  -1.8673197e+06
  -5.2476994e+05  -1.8693120e+06
  -5.2494612e+05  -1.8713042e+06
  -5.2512230e+05  -1.8732964e+06
  -5.2529849e+05  -1.8752886e+06
  -5.2547467e+05  -1.8772809e+06
  -5.2565086e+05  -1.8792731e+06
  -5.2582704e+05  -1.8812653e+06
  -5.2600322e+05  -1.8832575e+06
  -5.2617941e+05  -1.8852498e+06
  -5.2635559e+05  -1.8872420e+06
  -5.2653177e+05  -1.8892342e+06
  -5.2670796e+05  -1.8912264e+06
  -5.2688414e+05  -1.8932186e+06
  -5.2706033e+05  -1.8952109e+06
  -5.2723651e+05  -1.8972031e+06
  -5.2741269e+05  -1.8991953e+06
  -5.2758888e+05  -1.9011875e+06
  -5.2776506e+05  -1.9031798e+06
  -5.2794125e+05  -1.9051720e+06
  -5.2811743e+05  -1.9071642e+06
  -5.2829361e+05  -1.9091564e+06
  -5.2846980e+05  -1.9111487e+06
  -5.2864598e+05  -1.9131409e+06
  -5.2882217e+05  -1.9151331e+06
  -5.2899835e+05  -1.9171253e+06
  -5.2917453e+05  -1.9191176e+06
  -5.2935072e+05  -1.9211098e+06
  -5.2952690e+05  -1.9231020e+06
  -5.2970309e+05  -1.9250942e+06
  -5.2987927e+05  -1.9270865e+06
  -5.3005545e+05  -1.9290787e+06
  -5.3023164e+05  -1.9310709e+06
  -5.3040782e+05  -1.9330631e+06
  -5.3058401e+05  -1.9350554e+06
  -5.3076019e+05  -1.9370476e+06
  -5.3093637e+05  -1.9390398e+06
  -5.3111256e+05  -1.9410320e+06
  -5.3128874e+05  -1.9430243e+06
  -5.3146493e+05  -1.9450165e+06
  -5.3164111e+05  -1.9470087e+06
  -5.3181729e+05  -1.9490009e+06
  -5.3199348e+05  -1.9509932e+06
  -5.3216966e+05  -1.9529854e+06
  -5.3234585e+05  -1.9549776e+06
  -5.3252203e+05  -1.9569698e+06
  -5.3269821e+05  -1.9589621e+06
  -5.3287440e+05  -1.9609543e+06
  -5.3305058e+05  -1.9629465e+06
  -5.3322677e+05  -1.9649387e+06
  -5.3340295e+05  -1.9669310e+06
  -5.3357913e+05  -1.9689232e+06
  -5.3375532e+05  -1.9709154e+06
  -5.3393150e+05  -1.9729076e+06
  -5.3410768e+05  -1.9748999e+06
  -5.3428387e+05  -1.9768921e+06
  -5.3446005e+05  -1.9788843e+06
  -5.3463624e+05  -1.9808765e+06
  -5.3481242e+05  -1.9828688e+06
  -5.3498860e+05  -1.9848610e+06
  -5.3516479e+05  -1.9868532e+06
  -5.3534097e+05  -1.9888454e+06
  -5.3551716e+05  -1.9908377e+06
  -5.3569334e+05  -1.9928299e+06
  -5.3586952e+05  -1.9948221e+06
  -5.3604571e+05  -1.9968143e+06
  -5.3622189e+05  -1.9988066e+06
  -5.3639808e+05  -2.0007988e+06
  -5.3657426e+05  -2.0027910e+06
  -5.3675044e+05  -2.0047832e+06
  -5.3692663e+05  -2.0067755e+06
  -5.3710281e+05  -2.0087677e+06
  -5.3727900e+05  -2.0107599e+06
  -5.3745518e+05  -2.0127521e+06
  -5.3763136e+05  -2.0147444e+06
  -5.3780755e+05  -2.0167366e+06
  -5.3798373e+05  -2.0187288e+06
  -5.3815992e+05  -2.0207210e+06
  -5.3833610e+05  -2.0227133e+06
  -5.3851228e+05  -2.0247055e+06
  -5.3868847e+05  -2.0266977e+06
  -5.3886465e+05  -2.0286899e+06
  -5.3904084e+05  -2.0306822e+06
  -5.3921702e+05  -2.0326744e+06
  -5.3939320e+05  -2.0346666e+06
  -5.3956939e+05  -2.0366588e+06
  -5.3974557e+05  -2.0386511e+06
  -5.3992176e+05  -2.0406433e+06
  -5.4009794e+05  -2.0426355e+06
  -5.4027412e+05  -2.0446277e+06
  -5.4045031e+05  -2.0466200e+06
  -5.4062649e+05  -2.0486122e+06
  -5.4080267e+05  -2.0506044e+06
  -5.4097886e+05  -2.0525966e+06
  -5.4115504e+05  -2.0545888e+06
  -5.4133123e+05  -2.0565811e+06
  -5.4150741e+05  -2.0585733e+06
  -5.4168359e+05  -2.0605655e+06
  -5.4185978e+05  -2.0625577e+06
  -5.4203596e+05  -2.0645500e+06
  -5.4221215e+05  -2.0665422e+06
  -5.4238833e+05  -2.0685344e+06
  -5.4256451e+05  -2.0705266e+06
  -5.4274070e+05  -2.0725189e+06
  -5.4291688e+05  -2.0745111e+06
  -5.4309307e+05  -2.0765033e+06
  -5.4326925e+05  -2.0784955e+06
  -5.4344543e+05  -2.0804878e+06
  -5.4362162e+05  -2.0824800e+06
  -5.4379780e+05  -2.0844722e+06
  -5.4397399e+05  -2.0864644e+06
  -5.4415017e+05  -2.0884567e+06
  -5.4432635e+05  -2.0904489e+06
  -5.4450254e+05  -2.0924411e+06
  -5.4467872e+05  -2.0944333e+06
  -5.4485491e+05  -2.0964256e+06
  -5.4503109e+05  -2.0984178e+06
  -5.4520727e+05  -2.1004100e+06
  -5.4538346e+05  -2.1024022e+06
  -5.4555964e+05  -2.1043945e+06
  -5.4573583e+05  -2.1063867e+06
  -5.4591201e+05  -2.1083789e+06
  -5.4608819e+05  -2.1103711e+06
  -5.4626438e+05  -2.1123634e+06
  -5.4644056e+05  -2.1143556e+06
  -5.4661675e+05  -2.1163478e+06
  -5.4679293e+05  -2.1183400e+06
  -5.4696911e+05  -2.1203323e+06
  -5.4714530e+05  -2.1223245e+06
  -5.4732148e+05  -2.1243167e+06
  -5.4749767e+05  -2.1263089e+06
  -5.4767385e+05  -2.1283012e+06
  -5.4785003e+05  -2.1302934e+06
  -5.4802622e+05  -2.1322856e+06
  -5.4820240e+05  -2.1342778e+06
  -5.4837858e+05  -2.1362701e+06
  -5.4855477e+05  -2.1382623e+06
  -5.4873095e+05  -2.1402545e+06
  -5.4890714e+05  -2.1422467e+06
  -5.4908332e+05  -2.1442390e+06
  -5.4925950e+05  -2.1462312e+06
  -5.4943569e+05  -2.1482234e+06
  -5.4961187e+05  -2.1502156e+06
  -5.4978806e+05  -2.1522079e+06
  -5.4996424e+05  -2.1542001e+06
  -5.5014042e+05  -2.1561923e+06
  -5.5031661e+05  -2.1581845e+06
  -5.5049279e+05  -2.1601768e+06
  -5.5066898e+05  -2.1621690e+06
  -5.5084516e+05  -2.1641612e+06
  -5.5102134e+05  -2.1661534e+06
  -5.5119753e+05  -2.1681457e+06
  -5.5137371e+05  -2.1701379e+06
  -5.5154990e+05  -2.1721301e+06
  -5.5172608e+05  -2.1741223e+06
  -5.5190226e+05  -2.1761146e+06
  -5.5207845e+05  -2.1781068e+06
  -5.5225463e+05  -2.1800990e+06
  -5.5243082e+05  -2.1820912e+06
  -5.5260700e+05  -2.1840835e+06
  -5.5278318e+05  -2.1860757e+06
  -5.5295937e+05  -2.1880679e+06
  -5.5313555e+05  -2.1900601e+06
  -5.5331174e+05  -2.1920524e+06
  -5.5348792e+05  -2.1940446e+06
  -5.5366410e+05  -2.1960368e+06
  -5.5384029e+05  -2.1980290e+06
  -5.5401647e+05  -2.2000213e+06
  -5.5419266e+05  -2.2020135e+06
  -5.5436884e+05  -2.2040057e+06
  -5.5454502e+05  -2.2059979e+06
  -5.5472121e+05  -2.2079902e+06
  -5.5489739e+05  -2.2099824e+06
  -5.5507357e+05  -2.2119746e+06
  -5.5525857e+05  -2.2140664e+06
  -5.5545237e+05  -2.2162579e+06
  -5.5565498e+05  -2.2185489e+06
  -5.5586640e+05  -2.2209396e+06
  -5.5608663e+05  -2.2234299e+06
  -5.5631567e+05  -2.2260198e+06
  -5.5655352e+05  -2.2287093e+06
  -5.5680018e+05  -2.2314984e+06
  -5.5705564e+05  -2.2343871e+06
  -5.5731992e+05  -2.2373755e+06
  -5.5759301e+05  -2.2404634e+06
  -5.5787490e+05  -2.2436510e+06
  -5.5816560e+05  -2.2469381e+06
  -5.5846512e+05  -2.2503249e+06
  -5.5877344e+05  -2.2538113e+06
  -5.5909057e+05  -2.2573973e+06
  -5.5941651e+05  -2.2610829e+06
  -5.5975126e+05  -2.2648682e+06
  -5.6009482e+05  -2.2687530e+06
  -5.6044719e+05  -2.2727375e+06
  -5.6080836e+05  -2.2768215e+06
  -5.6117835e+05  -2.2810052e+06
  -5.6155714e+05  -2.2852885e+06
  -5.6194475e+05  -2.2896714e+06
  -5.6234116e+05  -2.2941539e+06
  -5.6274639e+05  -2.2987360e+06
  -5.6316042e+05  -2.3034177e+06
  -5.6358326e+05  -2.3081991e+06
  -5.6401491e+05  -2.3130800e+06
  -5.6445537e+05  -2.3180606e+06
  -5.6490464e+05  -2.3231407e+06
  -5.6536272e+05  -2.3283205e+06
  -5.6582961e+05  -2.3335999e+06
  -5.6630530e+05  -2.3389789e+06
  -5.6678981e+05  -2.3444575e+06
  -5.6728312e+05  -2.3500358e+06
  -5.6778525e+05  -2.3557136e+06
  -5.6829618e+05  -2.3614911e+06
  -5.6881592e+05  -2.3673681e+06
  -5.6934447e+05  -2.3733448e+06
387 
  -5.6934447e+05  -2.3733448e+06
  -5.6336780e+05  -2.3738734e+06
  -5.5749074e+05  -2.3743931e+06
  -5.5171329e+05  -2.3749040e+06
  -5.4603545e+05  -2.3754062e+06
  -5.4045722e+05  -2.3758995e+06
  -5.3497860e+05  -2.3763840e+06
  -5.2959959e+05  -2.3768597e+06
  -5.2432020e+05  -2.3773266e+06
  -5.1914041e+05  -2.3777846e+06
  -5.1406024e+05  -2.3782339e+06
  -5.0907968e+05  -2.3786744e+06
  -5.0419873e+05  -2.3791060e+06
  -4.9941739e+05  -2.3795289e+06
  -4.9473566e+05  -2.3799429e+06
  -4.9015354e+05  -2.3803481e+06
  -4.8567104e+05  -2.3807445e+06
  -4.8128814e+05  -2.3811321e+06
  -4.7700486e+05  -2.3815109e+06
  -4.7282119e+05  -2.3818809e+06
  -4.6873713e+05  -2.3822421e+06
  -4.6475268e+05  -2.3825945e+06
  -4.6086784e+05  -2.3829380e+06
  -4.5708261e+05  -2.3832728e+06
  -4.5339700e+05  -2.3835987e+06
  -4.4981099e+05  -2.3839158e+06
  -4.4632460e+05  -2.3842242e+06
  -4.4293782e+05  -2.3845237e+06
  -4.3965065e+05  -2.3848144e+06
  -4.3646309e+05  -2.3850963e+06
  -4.3337514e+05  -2.3853694e+06
  -4.3038680e+05  -2.3856336e+06
  -4.2749808e+05  -2.3858891e+06
  -4.2470896e+05  -2.3861358e+06
  -4.2201946e+05  -2.3863736e+06
  -4.1942957e+05  -2.3866026e+06
  -4.1693929e+05  -2.3868229e+06
  -4.1454862e+05  -2.3870343e+06
  -4.1225756e+05  -2.3872369e+06
  -4.1006611e+05  -2.3874307e+06
  -4.0797428e+05  -2.3876157e+06
  -4.0598205e+05  -2.3877919e+06
  -4.0398983e+05  -2.3879681e+06
  -4.0199760e+05  -2.3881443e+06
  -4.0000538e+05  -2.3883204e+06
  -3.9801315e+05  -2.3884966e+06
  -3.9602093e+05  -2.3886728e+06
  -3.9402870e+05  -2.3888490e+06
  -3.9203648e+05  -2.3890252e+06
  -3.9004425e+05  -2.3892014e+06
  -3.8805203e+05  -2.3893775e+06
  -3.8605980e+05  -2.3895537e+06
  -3.8406758e+05  -2.3897299e+06
  -3.8207535e+05  -2.3899061e+06
  -3.8008313e+05  -2.3900823e+06
  -3.7809090e+05  -2.3902585e+06
  -3.7609868e+05  -2.3904346e+06
  -3.7410646e+05  -2.3906108e+06
  -3.7211423e+05  -2.3907870e+06
  -3.7012201e+05  -2.3909632e+06
  -3.6812978e+05  -2.3911394e+06
  -3.6613756e+05  -2.3913156e+06
  -3.6414533e+05  -2.3914917e+06
  -3.6215311e+05  -2.3916679e+06
  -3.6016088e+05  -2.3918441e+06
  -3.5816866e+05  -2.3920203e+06
  -3.5617643e+05  -2.3921965e+06
  -3.5418421e+05  -2.3923727e+06
  -3.5219198e+05  -2.3925489e+06
  -3.5019976e+05  -2.3927250e+06
  -3.4820753e+05  -2.3929012e+06
  -3.4621531e+05  -2.3930774e+06
  -3.4422308e+05  -2.3932536e+06
  -3.4223086e+05  -2.3934298e+06
  -3.4023864e+05  -2.3936060e+06
  -3.3824641e+05  -2.3937821e+06
  -3.3625419e+05  -2.3939583e+06
  -3.3426196e+05  -2.3941345e+06
  -3.3226974e+05  -2.3943107e+06
  -3.3027751e+05  -2.3944869e+06
  -3.2828529e+05  -2.3946631e+06
  -3.2629306e+05  -2.3948392e+06
  -3.2430084e+05  -2.3950154e+06
  -3.2230861e+05  -2.3951916e+06
  -3.2031639e+05  -2.3953678e+06
  -3.1832416e+05  -2.3955440e+06
  -3.1633194e+05  -2.3957202e+06
  -3.1433971e+05  -2.3958963e+06
  -3.1234749e+05  -2.3960725e+06
  -3.1035527e+05  -2.3962487e+06
  -3.0836304e+05  -2.3964249e+06
  -3.0637082e+05  -2.3966011e+06
  -3.0437859e+05  -2.3967773e+06
  -3.0238637e+05  -2.3969534e+06
  -3.0039414e+05  -2.3971296e+06
  -2.9840192e+05  -2.3973058e+06
  -2.9640969e+05  -2.3974820e+06
  -2.9441747e+05  -2.3976582e+06
  -2.9242524e+05  -2.3978344e+06
  -2.9043302e+05  -2.3980106e+06
  -2.8844079e+05  -2.3981867e+06
  -2.8644857e+05  -2.3983629e+06
  -2.8445634e+05  -2.3985391e+06
  -2.8246412e+05  -2.3987153e+06
  -2.8047189e+05  -2.3988915e+06
  -2.7847967e+05  -2.3990677e+06
  -2.7648745e+05  -2.3992438e+06
  -2.7449522e+05  -2.3994200e+06
  -2.7250300e+05  -2.3995962e+06
  -2.7051077e+05  -2.3997724e+06
  -2.6851855e+05  -2.3999486e+06
  -2.6652632e+05  -2.4001248e+06
  -2.6453410e+05  -2.4003009e+06
  -2.6254187e+05  -2.4004771e+06
  -2.6054965e+05  -2.4006533e+06
  -2.5855742e+05  -2.4008295e+06
  -2.5656520e+05  -2.4010057e+06
  -2.5457297e+05  -2.4011819e+06
  -2.5258075e+05  -2.4013580e+06
  -2.5058852e+05  -2.4015342e+06
  -2.4859630e+05  -2.4017104e+06
  -2.4660408e+05  -2.4018866e+06
  -2.4461185e+05  -2.4020628e+06
  -2.4261963e+05  -2.4022390e+06
  -2.4062740e+05  -2.4024152e+06
  -2.3863518e+05  -2.4025913e+06
  -2.3664295e+05  -2.4027675e+06
  -2.3465073e+05  -2.4029437e+06
  -2.3265850e+05  -2.4031199e+06
  -2.3066628e+05  -2.4032961e+06
  -2.2867405e+05  -2.4034723e+06
  -2.2668183e+05  -2.4036484e+06
  -2.2468960e+05  -2.4038246e+06
  -2.2269738e+05  -2.4040008e+06
  -2.2070515e+05  -2.4041770e+06
  -2.1871293e+05  -2.4043532e+06
  -2.1672070e+05  -2.4045294e+06
  -2.1472848e+05  -2.4047055e+06
  -2.1273626e+05  -2.4048817e+06
  -2.1074403e+05  -2.4050579e+06
  -2.0875181e+05  -2.4052341e+06
  -2.0675958e+05  -2.4054103e+06
  -2.0476736e+05  -2.4055865e+06
  -2.0277513e+05  -2.4057626e+06
  -2.0078291e+05  -2.4059388e+06
  -1.9879068e+05  -2.4061150e+06
  -1.9679846e+05  -2.4062912e+06
  -1.9480623e+05  -2.4064674e+06
  -1.9281401e+05  -2.4066436e+06
  -1.9082178e+05  -2.4068198e+06
  -1.8882956e+05  -2.4069959e+06
  -1.8683733e+05  -2.4071721e+06
  -1.8484511e+05  -2.4073483e+06
  -1.8285289e+05  -2.4075245e+06
  -1.8086066e+05  -2.4077007e+06
  -1.7886844e+05  -2.4078769e+06
  -1.7687621e+05  -2.4080530e+06
  -1.7488399e+05  -2.4082292e+06
  -1.7289176e+05  -2.4084054e+06
  -1.7089954e+05  -2.4085816e+06
  -1.6890731e+05  -2.4087578e+06
  -1.6691509e+05  -2.4089340e+06
  -1.6492286e+05  -2.4091101e+06
  -1.6293064e+05  -2.4092863e+06
  -1.6093841e+05  -2.4094625e+06
  -1.5894619e+05  -2.4096387e+06
  -1.5695396e+05  -2.4098149e+06
  -1.5496174e+05  -2.4099911e+06
  -1.5296951e+05  -2.4101672e+06
  -1.5097729e+05  -2.4103434e+06
  -1.4898507e+05  -2.4105196e+06
  -1.4699284e+05  -2.4106958e+06
  -1.4500062e+05  -2.4108720e+06
  -1.4300839e+05  -2.4110482e+06
  -1.4101617e+05  -2.4112243e+06
  -1.3902394e+05  -2.4114005e+06
  -1.3703172e+05  -2.4115767e+06
  -1.3503949e+05  -2.4117529e+06
  -1.3304727e+05  -2.4119291e+06
  -1.3105504e+05  -2.4121053e+06
  -1.2906282e+05  -2.4122815e+06
  -1.2707059e+05  -2.4124576e+06
  -1.2507837e+05  -2.4126338e+06
  -1.2308614e+05  -2.4128100e+06
  -1.2109392e+05  -2.4129862e+06
  -1.1910169e+05  -2.4131624e+06
  -1.1710947e+05  -2.4133386e+06
  -1.1511725e+05  -2.4135147e+06
  -1.1312502e+05  -2.4136909e+06
  -1.1113280e+05  -2.4138671e+06
  -1.0914057e+05  -2.4140433e+06
  -1.0714835e+05  -2.4142195e+06
  -1.0515612e+05  -2.4143957e+06
  -1.0316390e+05  -2.4145718e+06
  -1.0117167e+05  -2.4147480e+06
  -9.9179448e+04  -2.4149242e+06
  -9.7187223e+04  -2.4151004e+06
  -9.5194999e+04  -2.4152766e+06
  -9.3202774e+04  -2.4154528e+06
  -9.1210549e+04  -2.4156289e+06
  -8.9218325e+04  -2.4158051e+06
  -8.7226100e+04  -2.4159813e+06
  -8.5233875e+04  -2.4161575e+06
  -8.3241651e+04  -2.4163337e+06
  -8.1249426e+04  -2.4165099e+06
  -7.9257201e+04  -2.4166861e+06
  -7.7264976e+04  -2.4168622e+06
  -7.5272752e+04  -2.4170384e+06
  -7.3280527e+04  -2.4172146e+06
  -7.1288302e+04  -2.4173908e+06
  -6.9296078e+04  -2.4175670e+06
  -6.7303853e+04  -2.4177432e+06
  -6.5311628e+04  -2.4179193e+06
  -6.3319404e+04  -2.4180955e+06
  -6.1327179e+04  -2.4182717e+06
  -5.9334954e+04  -2.4184479e+06
  -5.7342730e+04  -2.4186241e+06
  -5.5350505e+04  -2.4188003e+06
  -5.3358280e+04  -2.4189764e+06
  -5.1366055e+04  -2.4191526e+06
  -4.9373831e+04  -2.4193288e+06
  -4.7381606e+04  -2.4195050e+06
  -4.5389381e+04  -2.4196812e+06
  -4.3397157e+04  -2.4198574e+06
  -4.1404932e+04  -2.4200335e+06
  -3.9412707e+04  -2.4202097e+06
  -3.7420483e+04  -2.4203859e+06
  -3.5428258e+04  -2.4205621e+06
  -3.3436033e+04  -2.4207383e+06
  -3.1443809e+04  -2.4209145e+06
  -2.9451584e+04  -2.4210907e+06
  -2.7459359e+04  -2.4212668e+06
  -2.5467135e+04  -2.4214430e+06
  -2.3474910e+04  -2.4216192e+06
  -2.1482685e+04  -2.4217954e+06
  -1.9490460e+04  -2.4219716e+06
  -1.7498236e+04  -2.4221478e+06
  -1.5506011e+04  -2.4223239e+06
  -1.3513786e+04  -2.4225001e+06
  -1.1521562e+04  -2.4226763e+06
  -9.5293370e+03  -2.4228525e+06
  -7.5371123e+03  -2.4230287e+06
  -5.5448876e+03  -2.4232049e+06
  -3.5526629e+03  -2.4233810e+06
  -1.5604382e+03  -2.4235572e+06
   4.3178645e+02  -2.4237334e+06
   2.4240111e+03  -2.4239096e+06
   4.4162358e+03  -2.4240858e+06
   6.4084605e+03  -2.4242620e+06
   8.4006852e+03  -2.4244381e+06
   1.0392910e+04  -2.4246143e+06
   1.2385135e+04  -2.4247905e+06
   1.4377359e+04  -2.4249667e+06
   1.6369584e+04  -2.4251429e+06
   1.8361809e+04  -2.4253191e+06
   2.0354033e+04  -2.4254952e+06
   2.2346258e+04  -2.4256714e+06
   2.4338483e+04  -2.4258476e+06
   2.6330707e+04  -2.4260238e+06
   2.8322932e+04  -2.4262000e+06
   3.0315157e+04  -2.4263762e+06
   3.2307381e+04  -2.4265524e+06
   3.4299606e+04  -2.4267285e+06
   3.6291831e+04  -2.4269047e+06
   3.8284056e+04  -2.4270809e+06
   4.0276280e+04  -2.4272571e+06
   4.2268505e+04  -2.4274333e+06
   4.4260730e+04  -2.4276095e+06
   4.6252954e+04  -2.4277856e+06
   4.8245179e+04  -2.4279618e+06
   5.0237404e+04  -2.4281380e+06
   5.2229628e+04  -2.4283142e+06
   5.4221853e+04  -2.4284904e+06
   5.6214078e+04  -2.4286666e+06
   5.8206302e+04  -2.4288427e+06
   6.0198527e+04  -2.4290189e+06
   6.2190752e+04  -2.4291951e+06
   6.4182977e+04  -2.4293713e+06
   6.6175201e+04  -2.4295475e+06
   6.8167426e+04  -2.4297237e+06
   7.0159651e+04  -2.4298998e+06
   7.2151875e+04  -2.4300760e+06
   7.4144100e+04  -2.4302522e+06
   7.6136325e+04  -2.4304284e+06
   7.8128549e+04  -2.4306046e+06
   8.0120774e+04  -2.4307808e+06
   8.2112999e+04  -2.4309570e+06
   8.4105223e+04  -2.4311331e+06
   8.6097448e+04  -2.4313093e+06
   8.8089673e+04  -2.4314855e+06
   9.0081898e+04  -2.4316617e+06
   9.2074122e+04  -2.4318379e+06
   9.4066347e+04  -2.4320141e+06
   9.6058572e+04  -2.4321902e+06
   9.8050796e+04  -2.4323664e+06
   1.0004302e+05  -2.4325426e+06
   1.0203525e+05  -2.4327188e+06
   1.0402747e+05  -2.4328950e+06
   1.0601970e+05  -2.4330712e+06
   1.0801192e+05  -2.4332473e+06
   1.1000414e+05  -2.4334235e+06
   1.1199637e+05  -2.4335997e+06
   1.1398859e+05  -2.4337759e+06
   1.1598082e+05  -2.4339521e+06
   1.1797304e+05  -2.4341283e+06
   1.1996527e+05  -2.4343044e+06
   1.2195749e+05  -2.4344806e+06
   1.2394972e+05  -2.4346568e+06
   1.2594194e+05  -2.4348330e+06
   1.2793417e+05  -2.4350092e+06
   1.2992639e+05  -2.4351854e+06
   1.3191862e+05  -2.4353616e+06
   1.3391084e+05  -2.4355377e+06
   1.3590307e+05  -2.4357139e+06
   1.3789529e+05  -2.4358901e+06
   1.3988751e+05  -2.4360663e+06
   1.4187974e+05  -2.4362425e+06
   1.4387196e+05  -2.4364187e+06
   1.4586419e+05  -2.4365948e+06
   1.4785641e+05  -2.4367710e+06
   1.4984864e+05  -2.4369472e+06
   1.5184086e+05  -2.4371234e+06
   1.5383309e+05  -2.4372996e+06
   1.5582531e+05  -2.4374758e+06
   1.5781754e+05  -2.4376519e+06
   1.5980976e+05  -2.4378281e+06
   1.6180199e+05  -2.4380043e+06
   1.6379421e+05  -2.4381805e+06
   1.6578644e+05  -2.4383567e+06
   1.6777866e+05  -2.4385329e+06
   1.6977089e+05  -2.4387090e+06
   1.7176311e+05  -2.4388852e+06
   1.7375533e+05  -2.4390614e+06
   1.7574756e+05  -2.4392376e+06
   1.7773978e+05  -2.4394138e+06
   1.7973201e+05  -2.4395900e+06
   1.8172423e+05  -2.4397661e+06
   1.8371646e+05  -2.4399423e+06
   1.8570868e+05  -2.4401185e+06
   1.8770091e+05  -2.4402947e+06
   1.8969313e+05  -2.4404709e+06
   1.9168536e+05  -2.4406471e+06
   1.9367758e+05  -2.4408233e+06
   1.9566981e+05  -2.4409994e+06
   1.9766203e+05  -2.4411756e+06
   1.9965426e+05  -2.4413518e+06
   2.0164648e+05  -2.4415280e+06
   2.0363870e+05  -2.4417042e+06
   2.0563093e+05  -2.4418804e+06
   2.0762315e+05  -2.4420565e+06
   2.0961538e+05  -2.4422327e+06
   2.1160760e+05  -2.4424089e+06
   2.1359983e+05  -2.4425851e+06
   2.1559205e+05  -2.4427613e+06
   2.1758428e+05  -2.4429375e+06
   2.1957650e+05  -2.4431136e+06
   2.2156873e+05  -2.4432898e+06
   2.2356095e+05  -2.4434660e+06
   2.2555318e+05  -2.4436422e+06
   2.2754540e+05  -2.4438184e+06
   2.2953763e+05  -2.4439946e+06
   2.3152985e+05  -2.4441707e+06
   2.3352208e+05  -2.4443469e+06
   2.3551430e+05  -2.4445231e+06
   2.3750652e+05  -2.4446993e+06
   2.3949875e+05  -2.4448755e+06
   2.4149097e+05  -2.4450517e+06
   2.4348320e+05  -2.4452279e+06
   2.4547542e+05  -2.4454040e+06
   2.4746765e+05  -2.4455802e+06
   2.4945987e+05  -2.4457564e+06
   2.5145210e+05  -2.4459326e+06
   2.5344432e+05  -2.4461088e+06
   2.5543655e+05  -2.4462850e+06
   2.5742877e+05  -2.4464611e+06
   2.5942100e+05  -2.4466373e+06
   2.6141322e+05  -2.4468135e+06
   2.6340545e+05  -2.4469897e+06
   2.6539767e+05  -2.4471659e+06
   2.6738989e+05  -2.4473421e+06
   2.6938212e+05  -2.4475182e+06
   2.7137434e+05  -2.4476944e+06
   2.7336657e+05  -2.4478706e+06
   2.7535879e+05  -2.4480468e+06
   2.7735102e+05  -2.4482230e+06
   2.7934324e+05  -2.4483992e+06
   2.8133547e+05  -2.4485753e+06
331 
   2.8133547e+05  -2.4485753e+06
   2.8186402e+05  -2.4425987e+06
   2.8238376e+05  -2.4367216e+06
   2.8289470e+05  -2.4309442e+06
   2.8339682e+05  -2.4252663e+06
   2.8389014e+05  -2.4196881e+06
   2.8437464e+05  -2.4142095e+06
   2.8485034e+05  -2.4088305e+06
   2.8531723e+05  -2.4035511e+06
   2.8577530e+05  -2.3983713e+06
   2.8622457e+05  -2.3932911e+06
   2.8666503e+05  -2.3883105e+06
   2.8709668e+05  -2.3834296e+06
   2.8751952e+05  -2.3786483e+06
   2.8793356e+05  -2.3739665e+06
   2.8833878e+05  -2.3693844e+06
   2.8873519e+05  -2.3649019e+06
   2.8912280e+05  -2.3605190e+06
   2.8950159e+05  -2.3562357e+06
   2.8987158e+05  -2.3520521e+06
   2.9023276e+05  -2.3479680e+06
   2.9058513e+05  -2.3439836e+06
   2.9092868e+05  -2.3400987e+06
   2.9126343e+05  -2.3363135e+06
   2.9158937e+05  -2.3326279e+06
   2.9190650e+05  -2.3290419e+06
   2.9221483e+05  -2.3255555e+06
   2.9251434e+05  -2.3221687e+06
   2.9280504e+05  -2.3188815e+06
   2.9308694e+05  -2.3156940e+06
   2.9336002e+05  -2.3126060e+06
   2.9362430e+05  -2.3096177e+06
   2.9387977e+05  -2.3067289e+06
   2.9412642e+05  -2.3039398e+06
   2.9436427e+05  -2.3012503e+06
   2.9459331e+05  -2.2986604e+06
   2.9481354e+05  -2.2961702e+06
   2.9502496e+05  -2.2937795e+06
   2.9522757e+05  -2.2914884e+06
   2.9542137e+05  -2.2892970e+06
   2.9560637e+05  -2.2872051e+06
   2.9578255e+05  -2.2852129e+06
   2.9595874e+05  -2.2832207e+06
   2.9613492e+05  -2.2812285e+06
   2.9631110e+05  -2.2792362e+06
   2.9648729e+05  -2.2772440e+06
   2.9666347e+05  -2.2752518e+06
   2.9683966e+05  -2.2732596e+06
   2.9701584e+05  -2.2712673e+06
   2.9719202e+05  -2.2692751e+06
   2.9736821e+05  -2.2672829e+06
   2.9754439e+05  -2.2652907e+06
   2.9772058e+05  -2.2632985e+06
   2.9789676e+05  -2.2613062e+06
   2.9807294e+05  -2.2593140e+06
   2.9824913e+05  -2.2573218e+06
   2.9842531e+05  -2.2553296e+06
   2.9860149e+05  -2.2533373e+06
   2.9877768e+05  -2.2513451e+06
   2.9895386e+05  -2.2493529e+06
   2.9913005e+05  -2.2473607e+06
   2.9930623e+05  -2.2453684e+06
   2.9948241e+05  -2.2433762e+06
   2.9965860e+05  -2.2413840e+06
   2.9983478e+05  -2.2393918e+06
   3.0001097e+05  -2.2373995e+06
   3.0018715e+05  -2.2354073e+06
   3.0036333e+05  -2.2334151e+06
   3.0053952e+05  -2.2314229e+06
   3.0071570e+05  -2.2294306e+06
   3.0089189e+05  -2.2274384e+06
   3.0106807e+05  -2.2254462e+06
   3.0124425e+05  -2.2234540e+06
   3.0142044e+05  -2.2214617e+06
   3.0159662e+05  -2.2194695e+06
   3.0177281e+05  -2.2174773e+06
   3.0194899e+05  -2.2154851e+06
   3.0212517e+05  -2.2134928e+06
   3.0230136e+05  -2.2115006e+06
   3.0247754e+05  -2.2095084e+06
   3.0265373e+05  -2.2075162e+06
   3.0282991e+05  -2.2055239e+06
   3.0300609e+05  -2.2035317e+06
   3.0318228e+05  -2.2015395e+06
   3.0335846e+05  -2.1995473e+06
   3.0353465e+05  -2.1975550e+06
   3.0371083e+05  -2.1955628e+06
   3.0388701e+05  -2.1935706e+06
   3.0406320e+05  -2.1915784e+06
   3.0423938e+05  -2.1895861e+06
   3.0441557e+05  -2.1875939e+06
   3.0459175e+05  -2.1856017e+06
   3.0476793e+05  -2.1836095e+06
   3.0494412e+05  -2.1816172e+06
   3.0512030e+05  -2.1796250e+06
   3.0529649e+05  -2.1776328e+06
   3.0547267e+05  -2.1756406e+06
   3.0564885e+05  -2.1736483e+06
   3.0582504e+05  -2.1716561e+06
   3.0600122e+05  -2.1696639e+06
   3.0617740e+05  -2.1676717e+06
   3.0635359e+05  -2.1656794e+06
   3.0652977e+05  -2.1636872e+06
   3.0670596e+05  -2.1616950e+06
   3.0688214e+05  -2.1597028e+06
   3.0705832e+05  -2.1577105e+06
   3.0723451e+05  -2.1557183e+06
   3.0741069e+05  -2.1537261e+06
   3.0758688e+05  -2.1517339e+06
   3.0776306e+05  -2.1497416e+06
   3.0793924e+05  -2.1477494e+06
   3.0811543e+05  -2.1457572e+06
   3.0829161e+05  -2.1437650e+06
   3.0846780e+05  -2.1417727e+06
   3.0864398e+05  -2.1397805e+06
   3.0882016e+05  -2.1377883e+06
   3.0899635e+05  -2.1357961e+06
   3.0917253e+05  -2.1338038e+06
   3.0934872e+05  -2.1318116e+06
   3.0952490e+05  -2.1298194e+06
   3.0970108e+05  -2.1278272e+06
   3.0987727e+05  -2.1258349e+06
   3.1005345e+05  -2.1238427e+06
   3.1022964e+05  -2.1218505e+06
   3.1040582e+05  -2.1198583e+06
   3.1058200e+05  -2.1178660e+06
   3.1075819e+05  -2.1158738e+06
   3.1093437e+05  -2.1138816e+06
   3.1111056e+05  -2.1118894e+06
   3.1128674e+05  -2.1098971e+06
   3.1146292e+05  -2.1079049e+06
   3.1163911e+05  -2.1059127e+06
   3.1181529e+05  -2.1039205e+06
   3.1199148e+05  -2.1019283e+06
   3.1216766e+05  -2.0999360e+06
   3.1234384e+05  -2.0979438e+06
   3.1252003e+05  -2.0959516e+06
   3.1269621e+05  -2.0939594e+06
   3.1287239e+05  -2.0919671e+06
   3.1304858e+05  -2.0899749e+06
   3.1322476e+05  -2.0879827e+06
   3.1340095e+05  -2.0859905e+06
   3.1357713e+05  -2.0839982e+06
   3.1375331e+05  -2.0820060e+06
   3.1392950e+05  -2.0800138e+06
   3.1410568e+05  -2.0780216e+06
   3.1428187e+05  -2.0760293e+06
   3.1445805e+05  -2.0740371e+06
   3.1463423e+05  -2.0720449e+06
   3.1481042e+05  -2.0700527e+06
   3.1498660e+05  -2.0680604e+06
   3.1516279e+05  -2.0660682e+06
   3.1533897e+05  -2.0640760e+06
   3.1551515e+05  -2.0620838e+06
   3.1569134e+05  -2.0600915e+06
   3.1586752e+05  -2.0580993e+06
   3.1604371e+05  -2.0561071e+06
   3.1621989e+05  -2.0541149e+06
   3.1639607e+05  -2.0521226e+06
   3.1657226e+05  -2.0501304e+06
   3.1674844e+05  -2.0481382e+06
   3.1692463e+05  -2.0461460e+06
   3.1710081e+05  -2.0441537e+06
   3.1727699e+05  -2.0421615e+06
   3.1745318e+05  -2.0401693e+06
   3.1762936e+05  -2.0381771e+06
   3.1780555e+05  -2.0361848e+06
   3.1798173e+05  -2.0341926e+06
   3.1815791e+05  -2.0322004e+06
   3.1833410e+05  -2.0302082e+06
   3.1851028e+05  -2.0282159e+06
   3.1868647e+05  -2.0262237e+06
   3.1886265e+05  -2.0242315e+06
   3.1903883e+05  -2.0222393e+06
   3.1921502e+05  -2.0202470e+06
   3.1939120e+05  -2.0182548e+06
   3.1956739e+05  -2.0162626e+06
   3.1974357e+05  -2.0142704e+06
   3.1991975e+05  -2.0122781e+06
   3.2009594e+05  -2.0102859e+06
   3.2027212e+05  -2.0082937e+06
   3.2044830e+05  -2.0063015e+06
   3.2062449e+05  -2.0043092e+06
   3.2080067e+05  -2.0023170e+06
   3.2097686e+05  -2.0003248e+06
   3.2115304e+05  -1.9983326e+06
   3.2132922e+05  -1.9963403e+06
   3.2150541e+05  -1.9943481e+06
   3.2168159e+05  -1.9923559e+06
   3.2185778e+05  -1.9903637e+06
   3.2203396e+05  -1.9883714e+06
   3.2221014e+05  -1.9863792e+06
   3.2238633e+05  -1.9843870e+06
   3.2256251e+05  -1.9823948e+06
   3.2273870e+05  -1.9804025e+06
   3.2291488e+05  -1.9784103e+06
   3.2309106e+05  -1.9764181e+06
   3.2326725e+05  -1.9744259e+06
   3.2344343e+05  -1.9724336e+06
   3.2361962e+05  -1.9704414e+06
   3.2379580e+05  -1.9684492e+06
   3.2397198e+05  -1.9664570e+06
   3.2414817e+05  -1.9644647e+06
   3.2432435e+05  -1.9624725e+06
   3.2450054e+05  -1.9604803e+06
   3.2467672e+05  -1.9584881e+06
   3.2485290e+05  -1.9564958e+06
   3.2502909e+05  -1.9545036e+06
   3.2520527e+05  -1.9525114e+06
   3.2538146e+05  -1.9505192e+06
   3.2555764e+05  -1.9485269e+06
   3.2573382e+05  -1.9465347e+06
   3.2591001e+05  -1.9445425e+06
   3.2608619e+05  -1.9425503e+06
   3.2626238e+05  -1.9405581e+06
   3.2643856e+05  -1.9385658e+06
   3.2661474e+05  -1.9365736e+06
   3.2679093e+05  -1.9345814e+06
   3.2696711e+05  -1.9325892e+06
   3.2714329e+05  -1.9305969e+06
   3.2731948e+05  -1.9286047e+06
   3.2749566e+05  -1.9266125e+06
   3.2767185e+05  -1.9246203e+06
   3.2784803e+05  -1.9226280e+06
   3.2802421e+05  -1.9206358e+06
   3.2820040e+05  -1.9186436e+06
   3.2837658e+05  -1.9166514e+06
   3.2855277e+05  -1.9146591e+06
   3.2872895e+05  -1.9126669e+06
   3.2890513e+05  -1.9106747e+06
   3.2908132e+05  -1.9086825e+06
   3.2925750e+05  -1.9066902e+06
   3.2943369e+05  -1.9046980e+06
   3.2960987e+05  -1.9027058e+06
   3.2978605e+05  -1.9007136e+06
   3.2996224e+05  -1.8987213e+06
   3.3013842e+05  -1.8967291e+06
   3.3031461e+05  -1.8947369e+06
   3.3049079e+05  -1.8927447e+06
   3.3066697e+05  -1.8907524e+06
   3.3084316e+05  -1.8887602e+06
   3.3101934e+05  -1.8867680e+06
   3.3119553e+05  -1.8847758e+06
   3.3137171e+05  -1.8827835e+06
   3.3154789e+05  -1.8807913e+06
   3.3172408e+05  -1.8787991e+06
   3.3190026e+05  -1.8768069e+06
   3.3207645e+05  -1.8748146e+06
   3.3225263e+05  -1.8728224e+06
   3.3242881e+05  -1.8708302e+06
   3.3260500e+05  -1.8688380e+06
   3.3278118e+05  -1.8668457e+06
   3.3295737e+05  -1.8648535e+06
   3.3313355e+05  -1.8628613e+06
   3.3330973e+05  -1.8608691e+06
   3.3348592e+05  -1.8588768e+06
   3.3366210e+05  -1.8568846e+06
   3.3383829e+05  -1.8548924e+06
   3.3401447e+05  -1.8529002e+06
   3.3419065e+05  -1.8509079e+06
   3.3436684e+05  -1.8489157e+06
   3.3454302e+05  -1.8469235e+06
   3.3471920e+05  -1.8449313e+06
   3.3489539e+05  -1.8429390e+06
   3.3507157e+05  -1.8409468e+06
   3.3524776e+05  -1.8389546e+06
   3.3542394e+05  -1.8369624e+06
   3.3560012e+05  -1.8349701e+06
   3.3577631e+05  -1.8329779e+06
   3.3595249e+05  -1.8309857e+06
   3.3612868e+05  -1.8289935e+06
   3.3630486e+05  -1.8270012e+06
   3.3648104e+05  -1.8250090e+06
   3.3665723e+05  -1.8230168e+06
   3.3683341e+05  -1.8210246e+06
   3.3700960e+05  -1.8190323e+06
   3.3718578e+05  -1.8170401e+06
   3.3736196e+05  -1.8150479e+06
   3.3753815e+05  -1.8130557e+06
   3.3771433e+05  -1.8110634e+06
   3.3789052e+05  -1.8090712e+06
   3.3806670e+05  -1.8070790e+06
   3.3824288e+05  -1.8050868e+06
   3.3841907e+05  -1.8030945e+06
   3.3859525e+05  -1.8011023e+06
   3.3877144e+05  -1.7991101e+06
   3.3894762e+05  -1.7971179e+06
   3.3912380e+05  -1.7951256e+06
   3.3929999e+05  -1.7931334e+06
   3.3947617e+05  -1.7911412e+06
   3.3965236e+05  -1.7891490e+06
   3.3982854e+05  -1.7871567e+06
   3.4000472e+05  -1.7851645e+06
   3.4018091e+05  -1.7831723e+06
   3.4035709e+05  -1.7811801e+06
   3.4053328e+05  -1.7791879e+06
   3.4070946e+05  -1.7771956e+06
   3.4088564e+05  -1.7752034e+06
   3.4106183e+05  -1.7732112e+06
   3.4123801e+05  -1.7712190e+06
   3.4141419e+05  -1.7692267e+06
   3.4159038e+05  -1.7672345e+06
   3.4176656e+05  -1.7652423e+06
   3.4194275e+05  -1.7632501e+06
   3.4211893e+05  -1.7612578e+06
   3.4229511e+05  -1.7592656e+06
   3.4247130e+05  -1.7572734e+06
   3.4264748e+05  -1.7552812e+06
   3.4282367e+05  -1.7532889e+06
   3.4299985e+05  -1.7512967e+06
   3.4317603e+05  -1.7493045e+06
   3.4335222e+05  -1.7473123e+06
   3.4352840e+05  -1.7453200e+06
   3.4370459e+05  -1.7433278e+06
   3.4388077e+05  -1.7413356e+06
   3.4405695e+05  -1.7393434e+06
   3.4423314e+05  -1.7373511e+06
   3.4440932e+05  -1.7353589e+06
   3.4458551e+05  -1.7333667e+06
   3.4476169e+05  -1.7313745e+06
   3.4493787e+05  -1.7293822e+06
   3.4511406e+05  -1.7273900e+06
   3.4529024e+05  -1.7253978e+06
   3.4546643e+05  -1.7234056e+06
   3.4564261e+05  -1.7214133e+06
   3.4581879e+05  -1.7194211e+06
   3.4599498e+05  -1.7174289e+06
   3.4617116e+05  -1.7154367e+06
   3.4634735e+05  -1.7134444e+06
   3.4652353e+05  -1.7114522e+06
   3.4669971e+05  -1.7094600e+06
387 
   3.4669971e+05  -1.7094600e+06
   3.4470749e+05  -1.7092838e+06
   3.4271526e+05  -1.7091076e+06
   3.4072304e+05  -1.7089314e+06
   3.3873081e+05  -1.7087553e+06
   3.3673859e+05  -1.7085791e+06
   3.3474637e+05  -1.7084029e+06
   3.3275414e+05  -1.7082267e+06
   3.3076192e+05  -1.7080505e+06
   3.2876969e+05  -1.7078743e+06
   3.2677747e+05  -1.7076981e+06
   3.2478524e+05  -1.7075220e+06
   3.2279302e+05  -1.7073458e+06
   3.2080079e+05  -1.7071696e+06
   3.1880857e+05  -1.7069934e+06
   3.1681634e+05  -1.7068172e+06
   3.1482412e+05  -1.7066410e+06
   3.1283189e+05  -1.7064649e+06
   3.1083967e+05  -1.7062887e+06
   3.0884744e+05  -1.7061125e+06
   3.0685522e+05  -1.7059363e+06
   3.0486299e+05  -1.7057601e+06
   3.0287077e+05  -1.7055839e+06
   3.0087855e+05  -1.7054078e+06
   2.9888632e+05  -1.7052316e+06
   2.9689410e+05  -1.7050554e+06
   2.9490187e+05  -1.7048792e+06
   2.9290965e+05  -1.7047030e+06
   2.9091742e+05  -1.7045268e+06
   2.8892520e+05  -1.7043507e+06
   2.8693297e+05  -1.7041745e+06
   2.8494075e+05  -1.7039983e+06
   2.8294852e+05  -1.7038221e+06
   2.8095630e+05  -1.7036459e+06
   2.7896407e+05  -1.7034697e+06
   2.7697185e+05  -1.7032935e+06
   2.7497962e+05  -1.7031174e+06
   2.7298740e+05  -1.7029412e+06
   2.7099518e+05  -1.7027650e+06
   2.6900295e+05  -1.7025888e+06
   2.6701073e+05  -1.7024126e+06
   2.6501850e+05  -1.7022364e+06
   2.6302628e+05  -1.7020603e+06
   2.6103405e+05  -1.7018841e+06
   2.5904183e+05  -1.7017079e+06
   2.5704960e+05  -1.7015317e+06
   2.5505738e+05  -1.7013555e+06
   2.5306515e+05  -1.7011793e+06
   2.5107293e+05  -1.7010032e+06
   2.4908070e+05  -1.7008270e+06
   2.4708848e+05  -1.7006508e+06
   2.4509625e+05  -1.7004746e+06
   2.4310403e+05  -1.7002984e+06
   2.4111180e+05  -1.7001222e+06
   2.3911958e+05  -1.6999461e+06
   2.3712736e+05  -1.6997699e+06
   2.3513513e+05  -1.6995937e+06
   2.3314291e+05  -1.6994175e+06
   2.3115068e+05  -1.6992413e+06
   2.2915846e+05  -1.6990651e+06
   2.2716623e+05  -1.6988889e+06
   2.2517401e+05  -1.6987128e+06
   2.2318178e+05  -1.6985366e+06
   2.2118956e+05  -1.6983604e+06
   2.1919733e+05  -1.6981842e+06
   2.1720511e+05  -1.6980080e+06
   2.1521288e+05  -1.6978318e+06
   2.1322066e+05  -1.6976557e+06
   2.1122843e+05  -1.6974795e+06
   2.0923621e+05  -1.6973033e+06
   2.0724399e+05  -1.6971271e+06
   2.0525176e+05  -1.6969509e+06
   2.0325954e+05  -1.6967747e+06
   2.0126731e+05  -1.6965986e+06
   1.9927509e+05  -1.6964224e+06
   1.9728286e+05  -1.6962462e+06
   1.9529064e+05  -1.6960700e+06
   1.9329841e+05  -1.6958938e+06
   1.9130619e+05  -1.6957176e+06
   1.8931396e+05  -1.6955415e+06
   1.8732174e+05  -1.6953653e+06
   1.8532951e+05  -1.6951891e+06
   1.8333729e+05  -1.6950129e+06
   1.8134506e+05  -1.6948367e+06
   1.7935284e+05  -1.6946605e+06
   1.7736061e+05  -1.6944844e+06
   1.7536839e+05  -1.6943082e+06
   1.7337617e+05  -1.6941320e+06
   1.7138394e+05  -1.6939558e+06
   1.6939172e+05  -1.6937796e+06
   1.6739949e+05  -1.6936034e+06
   1.6540727e+05  -1.6934272e+06
   1.6341504e+05  -1.6932511e+06
   1.6142282e+05  -1.6930749e+06
   1.5943059e+05  -1.6928987e+06
   1.5743837e+05  -1.6927225e+06
   1.5544614e+05  -1.6925463e+06
   1.5345392e+05  -1.6923701e+06
   1.5146169e+05  -1.6921940e+06
   1.4946947e+05  -1.6920178e+06
   1.4747724e+05  -1.6918416e+06
   1.4548502e+05  -1.6916654e+06
   1.4349280e+05  -1.6914892e+06
   1.4150057e+05  -1.6913130e+06
   1.3950835e+05  -1.6911369e+06
   1.3751612e+05  -1.6909607e+06
   1.3552390e+05  -1.6907845e+06
   1.3353167e+05  -1.6906083e+06
   1.3153945e+05  -1.6904321e+06
   1.2954722e+05  -1.6902559e+06
   1.2755500e+05  -1.6900798e+06
   1.2556277e+05  -1.6899036e+06
   1.2357055e+05  -1.6897274e+06
   1.2157832e+05  -1.6895512e+06
   1.1958610e+05  -1.6893750e+06
   1.1759387e+05  -1.6891988e+06
   1.1560165e+05  -1.6890226e+06
   1.1360942e+05  -1.6888465e+06
   1.1161720e+05  -1.6886703e+06
   1.0962498e+05  -1.6884941e+06
   1.0763275e+05  -1.6883179e+06
   1.0564053e+05  -1.6881417e+06
   1.0364830e+05  -1.6879655e+06
   1.0165608e+05  -1.6877894e+06
   9.9663852e+04  -1.6876132e+06
   9.7671627e+04  -1.6874370e+06
   9.5679402e+04  -1.6872608e+06
   9.3687178e+04  -1.6870846e+06
   9.1694953e+04  -1.6869084e+06
   8.9702728e+04  -1.6867323e+06
   8.7710504e+04  -1.6865561e+06
   8.5718279e+04  -1.6863799e+06
   8.3726054e+04  -1.6862037e+06
   8.1733830e+04  -1.6860275e+06
   7.9741605e+04  -1.6858513e+06
   7.7749380e+04  -1.6856752e+06
   7.5757156e+04  -1.6854990e+06
   7.3764931e+04  -1.6853228e+06
   7.1772706e+04  -1.6851466e+06
   6.9780482e+04  -1.6849704e+06
   6.7788257e+04  -1.6847942e+06
   6.5796032e+04  -1.6846180e+06
   6.3803807e+04  -1.6844419e+06
   6.1811583e+04  -1.6842657e+06
   5.9819358e+04  -1.6840895e+06
   5.7827133e+04  -1.6839133e+06
   5.5834909e+04  -1.6837371e+06
   5.3842684e+04  -1.6835609e+06
   5.1850459e+04  -1.6833848e+06
   4.9858235e+04  -1.6832086e+06
   4.7866010e+04  -1.6830324e+06
   4.5873785e+04  -1.6828562e+06
   4.3881561e+04  -1.6826800e+06
   4.1889336e+04  -1.6825038e+06
   3.9897111e+04  -1.6823277e+06
   3.7904886e+04  -1.6821515e+06
   3.5912662e+04  -1.6819753e+06
   3.3920437e+04  -1.6817991e+06
   3.1928212e+04  -1.6816229e+06
   2.9935988e+04  -1.6814467e+06
   2.7943763e+04  -1.6812706e+06
   2.5951538e+04  -1.6810944e+06
   2.3959314e+04  -1.6809182e+06
   2.1967089e+04  -1.6807420e+06
   1.9974864e+04  -1.6805658e+06
   1.7982640e+04  -1.6803896e+06
   1.5990415e+04  -1.6802135e+06
   1.3998190e+04  -1.6800373e+06
   1.2005966e+04  -1.6798611e+06
   1.0013741e+04  -1.6796849e+06
   8.0215161e+03  -1.6795087e+06
   6.0292914e+03  -1.6793325e+06
   4.0370667e+03  -1.6791563e+06
   2.0448421e+03  -1.6789802e+06
   5.2617364e+01  -1.6788040e+06
  -1.9396073e+03  -1.6786278e+06
  -3.9318320e+03  -1.6784516e+06
  -5.9240567e+03  -1.6782754e+06
  -7.9162814e+03  -1.6780992e+06
  -9.9085061e+03  -1.6779231e+06
  -1.1900731e+04  -1.6777469e+06
  -1.3892955e+04  -1.6775707e+06
  -1.5885180e+04  -1.6773945e+06
  -1.7877405e+04  -1.6772183e+06
  -1.9869630e+04  -1.6770421e+06
  -2.1861854e+04  -1.6768660e+06
  -2.3854079e+04  -1.6766898e+06
  -2.5846304e+04  -1.6765136e+06
  -2.7838528e+04  -1.6763374e+06
  -2.9830753e+04  -1.6761612e+06
  -3.1822978e+04  -1.6759850e+06
  -3.3815202e+04  -1.6758089e+06
  -3.5807427e+04  -1.6756327e+06
  -3.7799652e+04  -1.6754565e+06
  -3.9791876e+04  -1.6752803e+06
  -4.1784101e+04  -1.6751041e+06
  -4.3776326e+04  -1.6749279e+06
  -4.5768551e+04  -1.6747517e+06
  -4.7760775e+04  -1.6745756e+06
  -4.9753000e+04  -1.6743994e+06
  -5.1745225e+04  -1.6742232e+06
  -5.3737449e+04  -1.6740470e+06
  -5.5729674e+04  -1.6738708e+06
  -5.7721899e+04  -1.6736946e+06
  -5.9714123e+04  -1.6735185e+06
  -6.1706348e+04  -1.6733423e+06
  -6.3698573e+04  -1.6731661e+06
  -6.5690797e+04  -1.6729899e+06
  -6.7683022e+04  -1.6728137e+06
  -6.9675247e+04  -1.6726375e+06
  -7.1667471e+04  -1.6724614e+06
  -7.3659696e+04  -1.6722852e+06
  -7.5651921e+04  -1.6721090e+06
  -7.7644146e+04  -1.6719328e+06
  -7.9636370e+04  -1.6717566e+06
  -8.1628595e+04  -1.6715804e+06
  -8.3620820e+04  -1.6714043e+06
  -8.5613044e+04  -1.6712281e+06
  -8.7605269e+04  -1.6710519e+06
  -8.9597494e+04  -1.6708757e+06
  -9.1589718e+04  -1.6706995e+06
  -9.3581943e+04  -1.6705233e+06
  -9.5574168e+04  -1.6703471e+06
  -9.7566392e+04  -1.6701710e+06
  -9.9558617e+04  -1.6699948e+06
  -1.0155084e+05  -1.6698186e+06
  -1.0354307e+05  -1.6696424e+06
  -1.0553529e+05  -1.6694662e+06
  -1.0752752e+05  -1.6692900e+06
  -1.0951974e+05  -1.6691139e+06
  -1.1151197e+05  -1.6689377e+06
  -1.1350419e+05  -1.6687615e+06
  -1.1549641e+05  -1.6685853e+06
  -1.1748864e+05  -1.6684091e+06
  -1.1948086e+05  -1.6682329e+06
  -1.2147309e+05  -1.6680568e+06
  -1.2346531e+05  -1.6678806e+06
  -1.2545754e+05  -1.6677044e+06
  -1.2744976e+05  -1.6675282e+06
  -1.2944199e+05  -1.6673520e+06
  -1.3143421e+05  -1.6671758e+06
  -1.3342644e+05  -1.6669997e+06
  -1.3541866e+05  -1.6668235e+06
  -1.3741089e+05  -1.6666473e+06
  -1.3940311e+05  -1.6664711e+06
  -1.4139534e+05  -1.6662949e+06
  -1.4338756e+05  -1.6661187e+06
  -1.4537979e+05  -1.6659426e+06
  -1.4737201e+05  -1.6657664e+06
  -1.4936423e+05  -1.6655902e+06
  -1.5135646e+05  -1.6654140e+06
  -1.5334868e+05  -1.6652378e+06
  -1.5534091e+05  -1.6650616e+06
  -1.5733313e+05  -1.6648854e+06
  -1.5932536e+05  -1.6647093e+06
  -1.6131758e+05  -1.6645331e+06
  -1.6330981e+05  -1.6643569e+06
  -1.6530203e+05  -1.6641807e+06
  -1.6729426e+05  -1.6640045e+06
  -1.6928648e+05  -1.6638283e+06
  -1.7127871e+05  -1.6636522e+06
  -1.7327093e+05  -1.6634760e+06
  -1.7526316e+05  -1.6632998e+06
  -1.7725538e+05  -1.6631236e+06
  -1.7924760e+05  -1.6629474e+06
  -1.8123983e+05  -1.6627712e+06
  -1.8323205e+05  -1.6625951e+06
  -1.8522428e+05  -1.6624189e+06
  -1.8721650e+05  -1.6622427e+06
  -1.8920873e+05  -1.6620665e+06
  -1.9120095e+05  -1.6618903e+06
  -1.9319318e+05  -1.6617141e+06
  -1.9518540e+05  -1.6615380e+06
  -1.9717763e+05  -1.6613618e+06
  -1.9916985e+05  -1.6611856e+06
  -2.0116208e+05  -1.6610094e+06
  -2.0315430e+05  -1.6608332e+06
  -2.0514653e+05  -1.6606570e+06
  -2.0713875e+05  -1.6604808e+06
  -2.0913098e+05  -1.6603047e+06
  -2.1112320e+05  -1.6601285e+06
  -2.1311542e+05  -1.6599523e+06
  -2.1510765e+05  -1.6597761e+06
  -2.1709987e+05  -1.6595999e+06
  -2.1909210e+05  -1.6594237e+06
  -2.2108432e+05  -1.6592476e+06
  -2.2307655e+05  -1.6590714e+06
  -2.2506877e+05  -1.6588952e+06
  -2.2706100e+05  -1.6587190e+06
  -2.2905322e+05  -1.6585428e+06
  -2.3104545e+05  -1.6583666e+06
  -2.3303767e+05  -1.6581905e+06
  -2.3502990e+05  -1.6580143e+06
  -2.3702212e+05  -1.6578381e+06
  -2.3901435e+05  -1.6576619e+06
  -2.4100657e+05  -1.6574857e+06
  -2.4299879e+05  -1.6573095e+06
  -2.4499102e+05  -1.6571334e+06
  -2.4698324e+05  -1.6569572e+06
  -2.4897547e+05  -1.6567810e+06
  -2.5096769e+05  -1.6566048e+06
  -2.5295992e+05  -1.6564286e+06
  -2.5495214e+05  -1.6562524e+06
  -2.5694437e+05  -1.6560762e+06
  -2.5893659e+05  -1.6559001e+06
  -2.6092882e+05  -1.6557239e+06
  -2.6292104e+05  -1.6555477e+06
  -2.6491327e+05  -1.6553715e+06
  -2.6690549e+05  -1.6551953e+06
  -2.6889772e+05  -1.6550191e+06
  -2.7088994e+05  -1.6548430e+06
  -2.7288217e+05  -1.6546668e+06
  -2.7487439e+05  -1.6544906e+06
  -2.7686661e+05  -1.6543144e+06
  -2.7885884e+05  -1.6541382e+06
  -2.8085106e+05  -1.6539620e+06
  -2.8284329e+05  -1.6537859e+06
  -2.8483551e+05  -1.6536097e+06
  -2.8682774e+05  -1.6534335e+06
  -2.8881996e+05  -1.6532573e+06
  -2.9081219e+05  -1.6530811e+06
  -2.9280441e+05  -1.6529049e+06
  -2.9479664e+05  -1.6527288e+06
  -2.9678886e+05  -1.6525526e+06
  -2.9878109e+05  -1.6523764e+06
  -3.0077331e+05  -1.6522002e+06
  -3.0276554e+05  -1.6520240e+06
  -3.0475776e+05  -1.6518478e+06
  -3.0674998e+05  -1.6516717e+06
  -3.0874221e+05  -1.6514955e+06
  -3.1073443e+05  -1.6513193e+06
  -3.1272666e+05  -1.6511431e+06
  -3.1471888e+05  -1.6509669e+06
  -3.1671111e+05  -1.6507907e+06
  -3.1870333e+05  -1.6506145e+06
  -3.2069556e+05  -1.6504384e+06
  -3.2268778e+05  -1.6502622e+06
  -3.2468001e+05  -1.6500860e+06
  -3.2667223e+05  -1.6499098e+06
  -3.2866446e+05  -1.6497336e+06
  -3.3065668e+05  -1.6495574e+06
  -3.3264891e+05  -1.6493813e+06
  -3.3464113e+05  -1.6492051e+06
  -3.3663336e+05  -1.6490289e+06
  -3.3862558e+05  -1.6488527e+06
  -3.4061780e+05  -1.6486765e+06
  -3.4261003e+05  -1.6485003e+06
  -3.4470187e+05  -1.6483153e+06
  -3.4689331e+05  -1.6481215e+06
  -3.4918437e+05  -1.6479189e+06
  -3.5157504e+05  -1.6477075e+06
  -3.5406532e+05  -1.6474873e+06
  -3.5665521e+05  -1.6472582e+06
  -3.5934472e+05  -1.6470204e+06
  -3.6213383e+05  -1.6467737e+06
  -3.6502256e+05  -1.6465183e+06
  -3.6801089e+05  -1.6462540e+06
  -3.7109884e+05  -1.6459809e+06
  -3.7428640e+05  -1.6456990e+06
  -3.7757357e+05  -1.6454083e+06
  -3.8096035e+05  -1.6451088e+06
  -3.8444675e+05  -1.6448005e+06
  -3.8803275e+05  -1.6444833e+06
  -3.9171837e+05  -1.6441574e+06
  -3.9550359e+05  -1.6438227e+06
  -3.9938843e+05  -1.6434791e+06
  -4.0337288e+05  -1.6431267e+06
  -4.0745694e+05  -1.6427656e+06
  -4.1164061e+05  -1.6423956e+06
  -4.1592390e+05  -1.6420168e+06
  -4.2030679e+05  -1.6416292e+06
  -4.2478930e+05  -1.6412328e+06
  -4.2937141e+05  -1.6408275e+06
  -4.3405314e+05  -1.6404135e+06
  -4.3883448e+05  -1.6399907e+06
  -4.4371543e+05  -1.6395590e+06
  -4.4869599e+05  -1.6391185e+06
  -4.5377617e+05  -1.6386693e+06
  -4.5895595e+05  -1.6382112e+06
  -4.6423535e+05  -1.6377443e+06
  -4.6961435e+05  -1.6372686e+06
  -4.7509297e+05  -1.6367841e+06
  -4.8067120e+05  -1.6362908e+06
  -4.8634904e+05  -1.6357887e+06
  -4.9212649e+05  -1.6352777e+06
  -4.9800356e+05  -1.6347580e+06
  -5.0398023e+05  -1.6342294e+06
