  -5.0398023e+05  -1.6342294e+06
  -5.0415641e+05  -1.6362217e+06
  -5.0433260e+05  -1.6382139e+06
  -5.0450878e+05  -1.6402061e+06
  -5.0468497e+05  -1.6421983e+06
  -5.0486115e+05  -1.6441906e+06
  -5.0503733e+05  -1.6461828e+06
  -5.0521352e+05  -1.6481750e+06
  -5.0538970e+05  -1.6501672e+06
  -5.0556588e+05  -1.6521595e+06
  -5.0574207e+05  -1.6541517e+06
  -5.0591825e+05  -1.6561439e+06
  -5.0609444e+05  -1.6581361e+06
  -5.0627062e+05  -1.6601284e+06
  -5.0644680e+05  -1.6621206e+06
  -5.0662299e+05  -1.6641128e+06
  -5.0679917e+05  -1.6661050e+06
  -5.0697536e+05  -1.6680973e+06
  -5.0715154e+05  -1.6700895e+06
  -5.0732772e+05  -1.6720817e+06
  -5.0750391e+05  -1.6740739e+06
  -5.0768009e+05  -1.6760662e+06
  -5.0785628e+05  -1.6780584e+06
  -5.0803246e+05  -1.6800506e+06
  -5.0820864e+05  -1.6820428e+06
  -5.0838483e+05  -1.6840351e+06
  -5.0856101e+05  -1.6860273e+06
  -5.0873720e+05  -1.6880195e+06
  -5.0891338e+05  -1.6900117e+06
  -5.0908956e+05  -1.6920040e+06
  -5.0926575e+05  -1.6939962e+06
  -5.0944193e+05  -1.6959884e+06
  -5.0961812e+05  -1.6979806e+06
  -5.0979430e+05  -1.6999729e+06
  -5.0997048e+05  -1.7019651e+06
  -5.1014667e+05  -1.7039573e+06
  -5.1032285e+05  -1.7059495e+06
  -5.1049904e+05  -1.7079418e+06
  -5.1067522e+05  -1.7099340e+06
  -5.1085140e+05  -1.7119262e+06
  -5.1102759e+05  -1.7139184e+06
  -5.1120377e+05  -1.7159107e+06
  -5.1137996e+05  -1.7179029e+06
  -5.1155614e+05  -1.7198951e+06
  -5.1173232e+05  -1.7218873e+06
  -5.1190851e+05  -1.7238796e+06
  -5.1208469e+05  -1.7258718e+06
  -5.1226087e+05  -1.7278640e+06
  -5.1243706e+05  -1.7298562e+06
  -5.1261324e+05  -1.7318484e+06
  -5.1278943e+05  -1.7338407e+06
  -5.1296561e+05  -1.7358329e+06
  -5.1314179e+05  -1.7378251e+06
  -5.1331798e+05  -1.7398173e+06
  -5.1349416e+05  -1.7418096e+06
  -5.1367035e+05  -1.7438018e+06
  -5.1384653e+05  -1.7457940e+06
  -5.1402271e+05  -1.7477862e+06
  -5.1419890e+05  -1.7497785e+06
  -5.1437508e+05  -1.7517707e+06
  -5.1455127e+05  -1.7537629e+06
  -5.1472745e+05  -1.7557551e+06
  -5.1490363e+05  -1.7577474e+06
  -5.1507982e+05  -1.7597396e+06
  -5.1525600e+05  -1.7617318e+06
  -5.1543219e+05  -1.7637240e+06
  -5.1560837e+05  -1.7657163e+06
  -5.1578455e+05  -1.7677085e+06
  -5.1596074e+05  -1.7697007e+06
  -5.1613692e+05  -1.7716929e+06
  -5.1631311e+05  -1.7736852e+06
  -5.1648929e+05  -1.7756774e+06
  -5.1666547e+05  -1.7776696e+06
  -5.1684166e+05  -1.7796618e+06
  -5.1701784e+05  -1.7816541e+06
  -5.1719403e+05  -1.7836463e+06
  -5.1737021e+05  -1.7856385e+06
  -5.1754639e+05  -1.7876307e+06
  -5.1772258e+05  -1.7896230e+06
  -5.1789876e+05  -1.7916152e+06
  -5.1807495e+05  -1.7936074e+06
  -5.1825113e+05  -1.7955996e+06
  -5.1842731e+05  -1.7975919e+06
  -5.1860350e+05  -1.7995841e+06
  -5.1877968e+05  -1.8015763e+06
  -5.1895587e+05  -1.8035685e+06
  -5.1913205e+05  -1.8055608e+06
  -5.1930823e+05  -1.8075530e+06
  -5.1948442e+05  -1.8095452e+06
  -5.1966060e+05  -1.8115374e+06
  -5.1983678e+05  -1.8135297e+06
  -5.2001297e+05  -1.8155219e+06
  -5.2018915e+05  -1.8175141e+06
  -5.2036534e+05  -1.8195063e+06
  -5.2054152e+05  -1.8214986e+06
  -5.2071770e+05  -1.8234908e+06
  -5.2089389e+05  -1.8254830e+06
  -5.2107007e+05  -1.8274752e+06
  -5.2124626e+05  -1.8294675e+06
  -5.2142244e+05  -1.8314597e+06
  -5.2159862e+05  -1.8334519e+06
  -5.2177481e+05  -1.8354441e+06
  -5.2195099e+05  -1.8374364e+06
  -5.2212718e+05  -1.8394286e+06
  -5.2230336e+05  -1.8414208e+06
  -5.2247954e+05  -1.8434130e+06
  -5.2265573e+05  -1.8454053e+06
  -5.2283191e+05  -1.8473975e+06
  -5.2300810e+05  -1.8493897e+06
  -5.2318428e+05  -1.8513819e+06
  -5.2336046e+05  -1.8533742e+06
  -5.2353665e+05  -1.8553664e+06
  -5.2371283e+05  -1.8573586e+06
  -5.2388902e+05  -1.8593508e+06
  -5.2406520e+05  -1.8613431e+06
  -5.2424138e+05  -1.8633353e+06
  -5.2441757e+05  -1.8653275e+06
  -5.2459375e+05  -1.8673197e+06
  -5.2476994e+05  -1.8693120e+06
  -5.2494612e+05  -1.8713042e+06
  -5.2512230e+05  -1.8732964e+06
  -5.2529849e+05  -1.8752886e+06
  -5.2547467e+05  -1.8772809e+06
  -5.2565086e+05  -1.8792731e+06
  -5.2582704e+05  -1.8812653e+06
  -5.2600322e+05  -1.8832575e+06
  -5.2617941e+05  -1.8852498e+06
  -5.2635559e+05  -1.8872420e+06
  -5.2653177e+05  -1.8892342e+06
  -5.2670796e+05  -1.8912264e+06
  -5.2688414e+05  -1.8932186e+06
  -5.2706033e+05  -1.8952109e+06
  -5.2723651e+05  -1.8972031e+06
  -5.2741269e+05  -1.8991953e+06
  -5.2758888e+05  -1.9011875e+06
  -5.2776506e+05  -1.9031798e+06
  -5.2794125e+05  -1.9051720e+06
  -5.2811743e+05  -1.9071642e+06
  -5.2829361e+05  -1.9091564e+06
  -5.2846980e+05  -1.9111487e+06
  -5.2864598e+05  -1.9131409e+06
  -5.2882217e+05  -1.9151331e+06
  -5.2899835e+05  -1.9171253e+06
  -5.2917453e+05  -1.9191176e+06
  -5.2935072e+05  -1.9211098e+06
  -5.2952690e+05  -1.9231020e+06
  -5.2970309e+05  -1.9250942e+06
  -5.2987927e+05  -1.9270865e+06
  -5.3005545e+05  -1.9290787e+06
  -5.3023164e+05  -1.9310709e+06
  -5.3040782e+05  -1.9330631e+06
  -5.3058401e+05  -1.9350554e+06
  -5.3076019e+05  -1.9370476e+06
  -5.3093637e+05  -1.9390398e+06
  -5.3111256e+05  -1.9410320e+06
  -5.3128874e+05  -1.9430243e+06
  -5.3146493e+05  -1.9450165e+06
  -5.3164111e+05  -1.9470087e+06
  -5.3181729e+05  -1.9490009e+06
  -5.3199348e+05  -1.9509932e+06
  -5.3216966e+05  -1.9529854e+06
  -5.3234585e+05  -1.9549776e+06
  -5.3252203e+05  -1.9569698e+06
  -5.3269821e+05  -1.9589621e+06
  -5.3287440e+05  -1.9609543e+06
  -5.3305058e+05  -1.9629465e+06
  -5.3322677e+05  -1.9649387e+06
  -5.3340295e+05  -1.9669310e+06
  -5.3357913e+05  -1.9689232e+06
  -5.3375532e+05  -1.9709154e+06
  -5.3393150e+05  -1.9729076e+06
  -5.3410768e+05  -1.9748999e+06
  -5.3428387e+05  -1.9768921e+06
  -5.3446005e+05  -1.9788843e+06
  -5.3463624e+05  -1.9808765e+06
  -5.3481242e+05  -1.9828688e+06
  -5.3498860e+05  -1.9848610e+06
  -5.3516479e+05  -1.9868532e+06
  -5.3534097e+05  -1.9888454e+06
  -5.3551716e+05  -1.9908377e+06
  -5.3569334e+05  -1.9928299e+06
  -5.3586952e+05  -1.9948221e+06
  -5.3604571e+05  -1.9968143e+06
  -5.3622189e+05  -1.9988066e+06
  -5.3639808e+05  -2.0007988e+06
  -5.3657426e+05  -2.0027910e+06
  -5.3675044e+05  -2.0047832e+06
  -5.3692663e+05  -2.0067755e+06
  -5.3710281e+05  -2.0087677e+06
  -5.3727900e+05  -2.0107599e+06
  -5.3745518e+05  -2.0127521e+06
  -5.3763136e+05  -2.0147444e+06
  -5.3780755e+05  -2.0167366e+06
  -5.3798373e+05  -2.0187288e+06
  -5.3815992e+05  -2.0207210e+06
  -5.3833610e+05  -2.0227133e+06
  -5.3851228e+05  -2.0247055e+06
  -5.3868847e+05  -2.0266977e+06
  -5.3886465e+05  -2.0286899e+06
  -5.3904084e+05  -2.0306822e+06
  -5.3921702e+05  -2.0326744e+06
  -5.3939320e+05  -2.0346666e+06
  -5.3956939e+05  -2.0366588e+06
  -5.3974557e+05  -2.0386511e+06
  -5.3992176e+05  -2.0406433e+06
  -5.4009794e+05  -2.0426355e+06
  -5.4027412e+05  -2.0446277e+06
  -5.4045031e+05  -2.0466200e+06
  -5.4062649e+05  -2.0486122e+06
  -5.4080267e+05  -2.0506044e+06
  -5.4097886e+05  -2.0525966e+06
  -5.4115504e+05  -2.0545888e+06
  -5.4133123e+05  -2.0565811e+06
  -5.4150741e+05  -2.0585733e+06
  -5.4168359e+05  -2.0605655e+06
  -5.4185978e+05  -2.0625577e+06
  -5.4203596e+05  -2.0645500e+06
  -5.4221215e+05  -2.0665422e+06
  -5.4238833e+05  -2.0685344e+06
  -5.4256451e+05  -2.0705266e+06
  -5.4274070e+05  -2.0725189e+06
  -5.4291688e+05  -2.0745111e+06
  -5.4309307e+05  -2.0765033e+06
  -5.4326925e+05  -2.0784955e+06
  -5.4344543e+05  -2.0804878e+06
  -5.4362162e+05  -2.0824800e+06
  -5.4379780e+05  -2.0844722e+06
  -5.4397399e+05  -2.0864644e+06
  -5.4415017e+05  -2.0884567e+06
  -5.4432635e+05  -2.0904489e+06
  -5.4450254e+05  -2.0924411e+06
  -5.4467872e+05  -2.0944333e+06
  -5.4485491e+05  -2.0964256e+06
  -5.4503109e+05  -2.0984178e+06
  -5.4520727e+05  -2.1004100e+06
  -5.4538346e+05  -2.1024022e+06
  -5.4555964e+05  -2.1043945e+06
  -5.4573583e+05  -2.1063867e+06
  -5.4591201e+05  -2.1083789e+06
  -5.4608819e+05  -2.1103711e+06
  -5.4626438e+05  -2.1123634e+06
  -5.4644056e+05  -2.1143556e+06
  -5.4661675e+05  -2.1163478e+06
  -5.4679293e+05  -2.1183400e+06
  -5.4696911e+05  -2.1203323e+06
  -5.4714530e+05  -2.1223245e+06
  -5.4732148e+05  -2.1243167e+06
  -5.4749767e+05  -2.1263089e+06
  -5.4767385e+05  -2.1283012e+06
  -5.4785003e+05  -2.1302934e+06
  -5.4802622e+05  -2.1322856e+06
  -5.4820240e+05  -2.1342778e+06
  -5.4837858e+05  -2.1362701e+06
  -5.4855477e+05  -2.1382623e+06
  -5.4873095e+05  -2.1402545e+06
  -5.4890714e+05  -2.1422467e+06
  -5.4908332e+05  -2.1442390e+06
  -5.4925950e+05  -2.1462312e+06
  -5.4943569e+05  -2.1482234e+06
  -5.4961187e+05  -2.1502156e+06
  -5.4978806e+05  -2.1522079e+06
  -5.4996424e+05  -2.1542001e+06
  -5.5014042e+05  -2.1561923e+06
  -5.5031661e+05  -2.1581845e+06
  -5.5049279e+05  -2.1601768e+06
  -5.5066898e+05  -2.1621690e+06
  -5.5084516e+05  -2.1641612e+06
  -5.5102134e+05  -2.1661534e+06
  -5.5119753e+05  -2.1681457e+06
  -5.5137371e+05  -2.1701379e+06
  -5.5154990e+05  -2.1721301e+06
  -5.5172608e+05  -2.1741223e+06
  -5.5190226e+05  -2.1761146e+06
  -5.5207845e+05  -2.1781068e+06
  -5.5225463e+05  -2.1800990e+06
  -5.5243082e+05  -2.1820912e+06
  -5.5260700e+05  -2.1840835e+06
  -5.5278318e+05  -2.1860757e+06
  -5.5295937e+05  -2.1880679e+06
  -5.5313555e+05  -2.1900601e+06
  -5.5331174e+05  -2.1920524e+06
  -5.5348792e+05  -2.1940446e+06
  -5.5366410e+05  -2.1960368e+06
  -5.5384029e+05  -2.1980290e+06
  -5.5401647e+05  -2.2000213e+06
  -5.5419266e+05  -2.2020135e+06
  -5.5436884e+05  -2.2040057e+06
  -5.5454502e+05  -2.2059979e+06
  -5.5472121e+05  -2.2079902e+06
  -5.5489739e+05  -2.2099824e+06
  -5.5507357e+05  -2.2119746e+06
  -5.5525857e+05  -2.2140664e+06
  -5.5545237e+05  -2.2162579e+06
  -5.5565498e+05  -2.2185489e+06
  -5.5586640e+05  -2.2209396e+06
  -5.5608663e+05  -2.2234299e+06
  -5.5631567e+05  -2.2260198e+06
  -5.5655352e+05  -2.2287093e+06
  -5.5680018e+05  -2.2314984e+06
  -5.5705564e+05  -2.2343871e+06
  -5.5731992e+05  -2.2373755e+06
  -5.5759301e+05  -2.2404634e+06
  -5.5787490e+05  -2.2436510e+06
  -5.5816560e+05  -2.2469381e+06
  -5.5846512e+05  -2.2503249e+06
  -5.5877344e+05  -2.2538113e+06
  -5.5909057e+05  -2.2573973e+06
  -5.5941651e+05  -2.2610829e+06
  -5.5975126e+05  -2.2648682e+06
  -5.6009482e+05  -2.2687530e+06
  -5.6044719e+05  -2.2727375e+06
  -5.6080836e+05  -2.2768215e+06
  -5.6117835e+05  -2.2810052e+06
  -5.6155714e+05  -2.2852885e+06
  -5.6194475e+05  -2.2896714e+06
  -5.6234116e+05  -2.2941539e+06
  -5.6274639e+05  -2.2987360e+06
  -5.6316042e+05  -2.3034177e+06
  -5.6358326e+05  -2.3081991e+06
  -5.6401491e+05  -2.3130800e+06
  -5.6445537e+05  -2.3180606e+06
  -5.6490464e+05  -2.3231407e+06
  -5.6536272e+05  -2.3283205e+06
  -5.6582961e+05  -2.3335999e+06
  -5.6630530e+05  -2.3389789e+06
  -5.6678981e+05  -2.3444575e+06
  -5.6728312e+05  -2.3500358e+06
  -5.6778525e+05  -2.3557136e+06
  -5.6829618e+05  -2.3614911e+06
  -5.6881592e+05  -2.3673681e+06
  -5.6934447e+05  -2.3733448e+06
